day total blank BD BF BG BA BB BE BL BM BN BO BH BI BJ BT JM BV BW WS BQ BR BS JE BY BZ RU RW RS LT RE TM TJ RO TK GW GU GT GS GR GQ GP JP GY GG GF GE GD GB GA GN GM GL GI GH OM TN JO WF HR HT HU HK HN HM VE PR PS PW PT KN AF IQ PA PF PG PE PK PH PN PL PM ZM EH EE EG ZA EC IT VN SB ET SO ZW SA ES ER ME MD MG MF MA MC UZ MM ML MO MN MH MK MU MT MW MV MQ MP MS MR IM UG MY MX IL FR AW SH AX SJ FI FJ FK FM FO NI NL NO NA VU NC NE NF NG NZ NP NR NU CK XK CI CH CO CN CM CL CC CA CG CF CD CZ CY CX CR PY CW CV CU SZ SY SX KG KE SS SR KI KH SV KM ST SK KR SI KP KW SN SM SL SC KZ KY SG SE SD DO DM DJ DK DE YE DZ US UY YT UM LB LC LA TV TW TT TR LK LI LV TO TL LU LR LS TH TF TG TD TC LY VA VC AE AD AG VG AI VI IS IR AM AL AO AN AQ AS AR AU AT IO IN TZ AZ IE ID UA QA MZ 
0 19932 0 0 1 0 0 0 2 0 0 0 29 0 0 0 0 3 0 0 0 0 1999 2 0 0 0 4 0 0 0 0 0 0 0 0 0 0 146 0 0 0 0 10 0 0 0 0 0 26 0 0 0 0 0 0 0 0 0 0 0 0 0 2 39 0 1099 8 0 0 13 0 0 0 150 0 0 339 1 28 0 0 0 0 0 0 1 2 652 13 1 0 0 0 0 1 596 0 1 2 0 0 0 0 0 0 0 0 0 0 0 0 0 0 0 0 0 0 0 0 0 4 2922 1 22 2 0 0 0 0 0 0 0 0 120 2 1 0 0 0 0 0 1 8 0 0 0 0 0 0 3 1456 2 0 1313 0 40 0 0 1 0 0 0 228 457 0 0 3 0 0 0 0 0 0 0 0 0 48 0 0 0 1 0 0 0 2 0 0 0 0 0 2 0 0 230 0 0 0 9 0 0 1073 711 0 0 0 0 0 0 1 0 0 0 0 0 0 0 0 0 0 5 0 0 0 0 0 0 0 1 0 0 0 0 0 0 0 0 0 0 0 0 0 6061 6 1 0 1 0 0 5 8 8 0 0 
1 20848 0 0 0 0 0 0 1 0 0 1 21 0 0 0 0 1 0 0 0 1 1277 2 0 0 1 0 0 0 0 0 0 0 0 0 0 0 130 0 0 0 0 14 0 0 0 0 0 23 0 0 0 0 0 0 0 0 0 0 0 0 1 3 61 0 1176 5 0 1 4 0 0 0 138 0 0 382 1 30 0 3 0 0 0 1 0 1 836 6 0 0 0 0 0 0 326 0 0 0 0 0 1 0 0 0 0 0 0 0 0 0 1 0 1 0 0 0 0 0 0 13 3338 0 11 1 0 0 0 0 0 0 0 0 153 2 0 0 0 0 0 0 0 3 0 0 0 0 0 1 0 1720 3 0 1443 0 28 0 0 0 2 0 0 247 535 0 0 4 0 0 0 0 0 0 0 0 0 73 0 0 0 4 0 0 0 0 0 0 0 0 0 1 1 0 210 0 0 0 4 0 0 1154 836 0 0 0 0 0 0 3 0 1 0 0 0 1 0 0 0 0 0 0 0 0 0 2 2 0 0 0 0 0 0 0 0 0 0 0 0 0 0 0 6580 7 0 0 0 0 0 0 7 4 0 0 
2 21748 0 0 0 0 0 1 3 0 1 2 17 0 0 0 0 0 0 0 0 0 775 1 0 0 0 0 0 0 0 0 0 0 0 0 0 0 139 0 1 0 2 23 0 0 0 1 0 20 0 0 0 0 0 0 0 0 0 0 0 0 0 5 78 0 1066 12 0 0 0 0 0 0 181 0 0 484 0 34 0 0 0 0 0 0 0 3 579 2 0 0 0 0 0 0 163 0 0 1 0 0 0 0 0 0 0 0 0 1 0 0 0 0 0 0 0 0 0 0 0 6 4094 2 6 0 0 0 0 0 0 0 0 0 200 0 0 0 0 0 0 0 0 7 1 0 0 0 0 0 1 1907 4 0 1778 0 54 0 0 1 0 0 0 363 252 0 0 5 0 0 0 0 0 0 0 0 0 70 0 0 0 0 0 0 0 4 0 0 0 0 0 1 1 0 270 0 0 0 5 0 0 1238 886 0 0 0 0 0 0 2 1 5 0 0 0 0 0 0 0 0 0 0 0 0 0 1 0 0 3 0 0 0 0 0 0 0 0 0 0 0 0 0 6924 12 0 0 1 1 0 0 40 0 0 0 
3 20898 4 2 0 0 0 0 0 0 0 0 11 0 0 0 0 1 0 0 1 0 486 1 0 0 0 1 0 0 0 0 0 0 1 0 0 0 232 0 0 0 0 10 0 0 0 0 1 9 0 0 0 0 0 0 0 1 0 0 0 0 0 0 74 0 726 12 0 0 0 0 0 0 170 0 0 558 0 39 0 0 0 0 0 0 0 3 434 5 0 0 0 0 0 0 161 0 0 0 0 0 0 0 0 0 0 0 0 0 0 0 0 0 0 1 0 0 0 0 0 12 5195 3 11 1 0 0 0 1 0 0 0 0 167 1 0 0 0 0 0 0 0 1 0 0 0 0 0 0 0 1914 3 0 1039 0 48 0 0 0 0 0 0 319 153 0 0 2 0 0 0 0 1 0 1 0 0 64 0 0 0 1 0 0 0 0 0 0 0 0 1 3 1 0 239 0 0 0 3 0 0 2110 733 0 0 1 0 0 0 2 0 6 0 0 0 0 0 0 0 0 3 0 0 0 0 0 0 0 1 0 0 0 0 0 0 0 0 0 0 0 0 0 5856 10 1 0 10 3 0 0 27 0 0 0 
4 15970 3 0 0 0 0 0 4 0 0 0 12 0 0 0 0 1 0 1 0 0 254 0 0 0 0 1 1 0 1 0 0 0 1 0 0 0 237 0 2 0 0 10 0 0 0 0 0 7 0 0 0 0 0 0 0 0 0 0 0 0 0 2 80 0 595 8 0 0 2 0 0 0 163 0 0 378 1 48 0 0 0 0 0 0 1 11 374 10 0 0 0 0 0 0 384 0 0 6 0 0 0 0 0 0 0 2 0 0 0 0 1 1 0 0 0 0 0 0 0 11 4808 3 5 2 0 0 0 0 0 0 0 0 186 3 2 0 0 0 0 0 0 2 0 0 0 0 0 0 0 1527 2 0 453 0 49 0 0 2 0 0 0 325 77 0 0 1 0 0 0 0 0 0 0 0 0 65 0 0 0 2 1 0 1 0 0 0 0 0 0 2 3 0 138 0 0 0 4 0 0 1658 507 0 0 1 0 0 0 3 0 3 0 0 0 0 0 0 0 0 2 0 0 0 0 1 0 0 4 0 0 0 0 0 0 0 0 0 0 0 0 0 3476 11 0 0 6 1 0 4 11 0 0 1 
5 11040 0 0 0 0 0 0 7 0 0 0 8 1 0 0 0 0 0 1 0 0 154 0 0 0 0 0 0 1 0 0 0 0 3 0 0 0 167 0 3 0 0 12 0 0 0 1 0 16 0 0 0 0 0 1 0 1 0 0 0 0 1 2 36 0 368 11 0 0 1 0 0 0 73 0 0 301 0 58 0 1 0 0 0 0 2 3 243 35 1 0 0 0 0 0 1523 0 0 1 0 0 2 1 0 0 0 0 0 0 0 0 0 0 0 0 0 0 0 0 0 15 2971 4 21 2 0 0 0 1 0 0 0 0 131 1 0 0 0 0 0 0 4 5 0 0 0 0 0 0 3 823 1 0 256 0 29 0 0 0 1 0 0 288 25 1 0 4 0 0 0 0 5 0 0 0 0 42 0 0 0 1 0 0 0 1 0 0 0 0 0 2 2 0 55 0 0 1 14 0 1 745 354 0 0 0 0 0 0 1 1 10 0 0 0 0 0 0 0 0 0 0 0 0 0 1 0 0 3 1 0 0 0 0 0 0 0 0 1 0 0 0 2137 2 0 0 12 0 0 3 11 0 0 2 
6 7457 0 0 0 2 0 0 16 0 0 0 3 0 0 0 0 0 0 0 0 0 87 0 0 0 0 4 0 0 0 0 0 0 0 0 0 0 79 0 3 0 0 8 0 0 0 0 0 25 0 0 0 0 0 1 0 0 0 0 0 0 3 2 31 0 162 8 0 0 21 0 0 0 41 0 0 144 1 51 0 3 0 0 0 2 2 15 100 29 0 0 0 0 2 3 2546 0 0 0 0 0 2 0 0 0 0 0 0 0 0 0 4 0 0 0 0 0 0 0 2 11 1477 45 30 0 0 0 0 1 0 0 0 0 34 7 1 0 0 0 0 0 9 6 0 0 0 0 0 0 4 319 8 0 167 0 21 0 0 0 6 1 0 133 9 0 0 1 0 0 0 0 6 0 0 0 1 9 0 0 0 2 1 0 2 0 0 0 0 0 0 2 1 0 19 0 0 3 14 0 0 353 275 0 0 1 0 0 0 1 0 18 0 0 0 0 0 0 0 0 4 0 0 0 0 0 0 0 2 0 0 0 0 0 0 0 0 0 1 0 0 0 1005 10 7 0 6 1 0 2 12 0 3 1 
7 6171 1 1 0 1 0 0 9 0 0 0 2 0 0 0 0 0 0 0 0 0 73 0 0 0 0 6 0 1 0 0 1 0 4 0 0 0 30 0 4 0 0 8 0 0 0 0 0 37 0 0 0 0 1 3 0 0 0 0 12 0 1 3 5 0 108 8 0 0 25 0 0 0 21 0 0 56 0 60 0 3 0 0 0 7 0 8 51 48 0 0 0 0 0 1 3358 0 0 0 0 0 0 0 0 0 0 0 0 0 0 0 0 0 0 0 0 0 0 0 0 8 709 3 33 0 0 0 0 0 0 0 0 0 21 17 1 0 0 0 0 0 4 5 0 0 0 0 0 0 9 170 1 0 115 0 10 1 0 0 3 0 0 70 42 1 0 1 0 0 0 0 5 0 0 0 1 5 0 0 4 3 0 0 0 0 0 0 1 0 0 4 5 0 19 0 0 1 17 0 1 231 67 0 0 1 0 1 0 1 0 15 0 0 0 0 0 0 0 0 4 0 0 0 0 0 0 0 6 1 0 0 0 0 0 0 0 0 1 0 0 0 543 6 1 0 13 4 0 6 18 0 1 2 
8 5843 0 1 0 0 0 0 8 0 0 0 8 0 0 0 0 0 0 0 0 0 221 0 0 0 0 10 0 0 0 0 0 0 6 0 0 0 18 0 2 0 0 28 0 0 0 0 0 31 0 0 0 0 0 1 0 0 0 0 1 0 0 0 8 0 149 8 0 0 19 0 0 0 15 0 0 38 1 58 0 7 0 0 0 0 1 12 15 29 2 0 0 0 0 2 3520 0 0 0 0 0 4 0 0 1 0 0 0 0 1 0 0 0 0 0 0 0 1 0 2 14 297 1 54 0 0 0 0 3 0 0 0 0 8 17 2 0 0 0 0 0 3 8 0 0 0 0 1 1 7 188 0 0 115 0 9 0 0 0 4 0 0 36 65 4 0 0 0 0 0 0 1 0 0 0 0 11 0 0 1 1 0 0 1 0 0 0 0 0 0 3 5 0 10 0 0 0 19 0 0 106 47 0 0 0 0 0 0 0 0 7 0 0 0 0 0 0 0 0 0 0 0 0 0 0 0 0 3 1 0 0 0 0 0 0 0 0 0 0 0 0 516 7 0 0 9 1 0 2 14 6 0 2 
9 7319 0 0 0 0 0 0 16 0 0 0 2 0 0 0 0 0 0 0 0 0 286 0 0 0 0 2 0 0 0 0 0 0 11 0 0 0 15 0 1 0 0 12 0 0 0 0 0 55 0 0 0 0 0 1 0 0 2 0 0 0 2 3 3 0 308 8 0 0 21 0 0 0 15 0 0 41 1 70 0 7 0 1 0 2 4 15 24 65 1 0 0 0 1 0 3634 0 0 0 0 0 1 1 0 1 0 0 0 0 1 0 1 0 0 0 0 0 0 0 0 9 251 3 69 0 0 0 0 3 0 0 0 0 5 10 2 1 0 0 0 0 8 1 1 0 0 0 0 2 5 181 3 1 340 0 10 0 0 0 1 0 0 17 164 0 0 0 0 0 0 0 1 0 0 0 0 8 0 0 0 2 1 0 1 2 0 0 0 0 0 3 7 0 21 0 0 1 27 0 5 122 106 0 0 0 0 0 0 0 0 12 0 0 0 0 0 1 0 1 4 0 0 0 0 1 0 0 4 1 0 0 0 0 4 0 0 1 1 0 0 0 1195 13 4 0 17 2 0 5 20 0 0 2 
10 10553 0 0 0 1 0 1 14 0 0 0 5 0 0 0 0 0 0 0 0 0 315 0 0 1 0 6 0 2 0 0 0 0 1 0 0 0 12 0 1 1 0 13 0 0 0 0 0 65 0 0 0 0 0 1 0 1 3 0 2 0 2 2 11 0 442 7 0 0 22 0 0 0 44 0 0 95 1 90 0 2 0 0 0 2 1 3 37 44 2 0 0 0 0 0 4053 0 0 0 0 0 6 0 0 0 0 0 0 0 0 0 0 0 0 0 0 0 0 0 1 12 462 26 79 3 0 0 0 5 0 0 0 0 12 15 0 1 0 0 0 0 3 3 0 0 0 0 0 0 13 431 2 0 773 0 10 0 0 0 0 3 0 21 254 0 2 3 0 0 0 0 4 0 0 0 1 7 0 0 0 0 0 0 2 0 0 0 0 0 0 2 6 0 86 0 0 2 23 0 3 281 292 0 0 0 0 0 0 0 0 7 1 0 0 0 0 0 0 0 4 0 0 0 0 0 0 0 3 1 0 0 0 0 1 0 0 0 1 0 0 0 2333 11 1 0 9 1 0 7 14 0 2 0 
11 13512 0 0 0 0 0 0 9 0 0 0 21 0 0 0 0 0 0 0 0 0 375 0 0 0 0 3 0 0 0 0 0 0 4 0 0 0 32 0 4 0 0 13 0 0 0 0 0 55 0 0 0 0 1 1 0 0 1 0 1 0 1 3 6 0 653 9 0 0 20 0 0 0 119 0 0 164 0 88 0 4 0 0 0 1 3 8 190 50 0 0 0 0 0 2 4166 0 0 0 0 1 2 0 0 0 0 0 0 0 0 0 3 0 0 0 0 0 0 0 0 13 1004 9 60 0 0 0 0 0 0 0 0 0 9 11 3 0 0 0 0 0 12 1 0 0 0 0 0 0 15 977 4 0 1215 0 20 0 0 0 2 1 0 46 332 0 0 1 0 0 0 0 1 0 0 0 1 13 0 0 0 0 0 0 2 0 0 0 0 0 0 4 2 0 157 0 0 2 36 0 0 481 376 0 0 1 0 2 0 3 0 5 1 0 0 0 0 1 0 1 2 0 0 0 0 0 1 0 7 1 0 0 0 0 1 0 0 0 0 0 0 0 2587 7 2 0 11 2 0 6 39 0 1 1 
12 15500 2 0 0 0 0 1 12 0 0 0 25 0 0 0 0 0 0 0 0 0 336 0 0 0 0 6 0 0 0 0 0 0 2 0 0 0 63 0 3 0 0 29 0 0 0 0 0 46 0 1 0 0 2 0 0 3 3 0 2 1 4 1 28 0 735 7 0 0 34 0 1 2 142 0 0 258 1 92 0 4 0 0 0 0 4 9 339 63 0 0 0 0 0 0 4302 0 0 0 0 0 1 0 1 0 0 0 1 0 0 0 2 1 1 0 0 0 0 0 1 14 1649 10 59 0 0 0 0 5 0 0 0 0 26 15 4 0 0 0 0 0 8 1 0 0 0 0 0 1 13 1370 4 0 1063 0 26 0 0 0 4 3 0 112 282 0 0 16 0 0 0 0 3 0 1 0 0 36 0 0 1 2 0 0 0 1 0 0 0 0 0 4 4 0 176 0 0 1 27 0 2 639 407 0 0 0 0 0 0 4 0 7 2 0 0 0 1 0 0 0 3 0 0 0 0 1 1 0 0 2 0 0 0 0 2 1 0 0 1 0 0 0 2872 7 3 0 4 2 1 4 14 1 1 0 
13 15851 0 0 0 0 0 0 12 0 0 0 31 0 0 0 0 0 0 1 0 0 406 0 0 0 0 1 0 0 1 0 0 0 2 0 0 0 93 0 7 0 0 34 0 0 0 0 0 61 0 0 0 0 1 1 0 1 0 0 0 0 0 3 59 0 773 4 0 0 29 0 0 0 147 0 0 255 1 78 0 4 0 1 0 0 2 15 308 45 0 0 0 8 0 1 3629 0 0 0 1 1 2 0 0 1 0 1 0 0 0 0 0 0 0 0 0 0 0 0 0 8 2207 2 51 1 0 0 0 5 0 0 0 0 69 8 1 0 0 0 0 0 5 0 0 0 0 0 0 0 4 1300 5 0 1071 0 34 0 0 1 1 0 0 169 282 0 0 37 0 0 0 0 2 0 0 0 0 45 0 0 1 3 1 0 1 0 0 0 0 0 0 4 5 0 200 0 0 1 41 0 1 649 443 0 0 0 0 0 0 2 2 81 0 0 0 0 0 0 2 0 9 0 1 0 0 0 0 0 3 0 0 0 0 0 3 0 0 0 0 0 0 0 3020 3 2 0 14 0 1 9 12 0 4 1 
14 16117 1 0 0 1 0 0 9 0 0 0 24 1 0 0 0 1 0 0 0 0 450 0 0 0 0 2 0 1 0 0 0 0 4 0 0 0 111 0 7 1 0 27 0 0 0 0 0 53 0 0 0 0 3 1 0 0 1 0 0 1 0 1 38 0 770 10 0 0 15 0 0 0 169 0 0 288 2 61 0 2 0 1 0 0 4 7 339 29 1 0 0 0 2 0 3076 0 0 0 1 0 4 0 0 1 0 0 0 0 0 0 1 0 0 0 0 0 1 0 0 16 2580 10 47 0 0 0 0 0 0 0 0 0 60 13 1 0 0 0 0 0 2 1 0 0 0 0 0 0 4 1420 2 0 896 0 33 0 0 1 4 0 0 144 275 0 0 8 0 0 2 0 3 0 0 0 1 58 0 0 2 3 0 0 1 1 0 0 0 0 1 2 2 0 172 0 0 1 28 0 4 732 483 0 0 0 0 1 0 0 0 12 1 0 0 0 0 0 0 0 11 0 0 0 0 1 0 0 3 4 0 0 0 0 2 0 0 0 1 0 0 0 3492 1 6 0 6 1 0 16 11 3 1 0 
15 17202 0 1 0 0 0 0 7 0 0 0 36 0 0 0 0 0 0 2 0 0 425 0 0 0 0 9 1 1 0 0 0 0 4 0 0 0 127 0 7 0 0 18 0 0 0 0 0 49 0 0 0 0 0 0 0 1 0 0 1 0 1 0 40 0 824 12 0 0 28 0 0 0 131 0 0 282 3 45 0 2 0 0 0 0 1 10 374 41 1 0 0 0 0 1 3533 0 0 0 0 0 0 1 0 0 0 2 0 0 0 0 1 0 0 0 0 0 0 0 0 16 2672 8 48 1 0 0 0 2 0 0 0 0 88 9 4 1 0 0 0 0 7 0 3 0 0 0 0 0 10 1413 2 0 920 0 28 0 0 0 3 0 0 154 268 0 0 5 0 0 1 0 6 0 0 0 0 47 0 0 0 5 0 0 0 2 0 0 0 0 0 4 3 1 181 0 0 1 35 0 0 706 568 0 0 0 0 0 0 0 1 53 1 0 0 0 0 0 0 0 4 0 0 0 0 1 2 0 2 0 0 0 0 0 0 0 0 0 1 0 0 0 3843 6 1 0 8 0 0 8 13 0 0 2 
16 16935 0 0 2 1 0 1 7 0 0 2 16 0 0 0 0 1 0 0 0 0 419 0 0 0 0 4 0 1 1 0 0 0 2 0 0 0 129 0 15 0 1 11 0 0 0 1 0 55 0 0 0 0 2 0 0 0 3 0 2 0 3 1 76 0 719 4 0 0 34 0 0 0 142 0 0 277 1 27 0 8 0 0 0 4 3 8 381 53 0 0 0 0 0 0 3263 0 1 0 0 0 0 0 1 0 0 0 0 0 0 0 1 0 0 1 0 0 0 0 0 10 2787 24 57 3 0 0 0 2 0 0 0 0 67 2 3 1 0 0 0 0 4 1 1 0 0 0 1 0 11 1285 2 0 947 0 31 0 0 1 5 2 0 202 278 1 0 5 0 1 0 0 4 0 0 0 0 56 0 0 1 1 0 0 0 1 0 0 1 0 0 2 6 0 180 0 0 3 35 0 4 694 532 0 0 0 0 0 0 1 0 3 1 0 0 0 0 0 0 0 5 0 0 0 0 0 0 0 2 7 0 0 0 0 0 0 0 0 1 0 0 0 3938 2 4 0 7 1 1 6 7 1 0 2 
17 17347 1 0 0 1 0 0 8 0 0 0 27 0 0 0 0 1 0 0 0 0 400 0 0 0 0 5 0 0 1 0 0 0 8 0 0 0 143 0 15 0 0 10 0 0 0 1 0 61 0 0 0 0 1 2 0 0 0 0 1 0 3 0 58 0 848 8 0 0 43 0 0 0 148 0 0 396 2 22 0 3 0 0 0 1 1 12 382 83 0 0 0 0 0 2 3215 0 1 0 2 0 2 1 0 0 0 0 0 0 1 0 0 0 0 0 0 0 0 0 0 10 2766 5 64 2 0 0 0 1 0 0 0 0 115 9 2 0 0 0 0 0 1 0 0 0 0 0 0 0 11 1425 2 0 912 0 39 0 0 0 2 4 0 181 261 0 0 11 0 0 0 0 2 0 0 0 1 72 0 0 0 0 0 0 1 0 0 0 0 0 0 0 3 0 188 0 0 2 25 0 1 913 556 0 0 0 0 0 0 1 2 14 1 0 0 0 0 1 0 0 1 0 0 0 0 1 13 0 5 6 0 0 0 0 0 0 0 0 0 0 0 0 3760 3 5 0 8 1 2 3 7 0 0 0 
18 16712 2 1 0 0 0 1 9 0 0 0 24 0 0 0 0 0 0 0 0 0 419 0 0 0 0 11 0 4 0 0 0 0 6 0 0 0 146 0 9 0 1 0 0 0 1 0 0 56 0 0 0 0 0 1 0 0 0 0 0 0 0 2 29 0 781 6 0 0 46 0 0 0 127 0 0 366 1 10 0 4 0 0 0 0 2 14 318 81 1 0 0 0 1 2 3550 0 0 0 0 0 1 0 0 0 0 0 0 0 1 2 0 0 0 0 0 0 3 0 0 7 2785 6 71 3 0 0 0 2 0 0 0 0 97 9 7 0 0 0 0 0 8 0 0 0 0 0 0 0 9 1305 2 0 802 0 32 0 0 0 2 2 0 173 233 0 0 11 0 0 0 0 2 0 1 0 0 55 0 0 0 0 0 0 1 3 0 0 0 0 2 3 8 2 164 0 0 8 43 0 3 836 494 0 0 0 1 0 0 0 3 76 1 0 0 0 0 2 0 0 0 0 0 0 0 0 2 0 3 7 0 0 0 0 0 1 0 0 0 0 1 0 3358 0 3 0 7 1 1 3 3 0 1 0 
19 16943 0 0 0 0 1 0 17 0 0 0 25 1 0 0 0 1 0 4 0 0 479 2 0 0 0 3 0 0 0 0 0 0 2 0 0 1 142 0 11 0 0 15 0 0 0 0 0 56 0 0 0 0 1 1 0 0 1 0 1 0 7 0 73 0 778 8 0 0 63 0 0 0 107 0 0 325 1 6 0 8 0 1 0 0 2 12 307 89 1 0 0 0 1 3 3966 0 0 0 0 0 4 0 0 1 0 0 0 0 0 0 1 0 0 0 0 0 2 0 0 3 2639 35 72 2 0 0 0 2 0 0 0 0 62 13 10 0 0 0 0 0 2 3 0 0 0 0 0 0 17 1212 2 2 955 0 48 0 0 0 3 2 0 215 238 0 0 24 0 0 0 0 2 0 0 0 0 30 0 0 1 0 0 0 2 0 0 0 0 0 0 0 10 0 131 0 0 1 41 0 0 783 516 0 0 1 0 0 0 1 6 11 1 0 0 0 0 3 0 0 2 0 0 0 0 1 0 1 3 1 0 0 0 0 2 0 0 0 2 0 0 0 3280 3 3 0 1 1 0 6 1 0 1 0 
20 17941 0 0 0 1 0 0 11 0 0 0 30 0 0 0 0 0 0 1 0 0 536 2 0 1 0 5 0 0 1 0 0 0 11 0 0 0 135 0 9 0 0 15 0 0 0 0 0 85 0 0 0 0 1 2 0 3 1 0 0 1 4 0 133 0 843 7 0 0 79 0 0 0 115 0 0 316 1 4 0 20 0 0 0 1 7 17 302 101 0 0 1 0 0 1 4778 0 0 0 0 0 2 0 0 0 0 0 0 0 0 0 1 0 0 1 0 0 2 0 0 3 2528 6 110 0 0 0 0 1 0 0 0 0 78 12 4 1 0 0 0 0 5 2 0 0 0 0 1 1 11 1152 0 0 851 0 30 0 0 0 5 0 0 183 202 0 1 7 0 0 0 0 3 0 0 0 0 45 0 0 2 0 0 0 0 2 0 0 0 0 0 0 9 0 138 0 0 1 23 0 0 840 505 0 0 0 0 0 0 0 3 14 0 0 0 0 0 1 0 0 5 0 0 0 0 0 2 0 3 4 0 0 0 0 0 1 0 0 2 0 0 0 3521 9 3 0 5 1 0 7 1 0 0 0 
21 18309 0 0 0 3 0 0 6 0 0 0 30 1 0 0 0 1 0 0 0 0 623 2 0 0 0 4 0 1 0 0 0 0 12 0 0 0 137 0 5 0 0 9 0 0 0 0 0 87 0 0 0 0 7 0 0 2 1 0 0 2 1 0 53 0 754 10 0 0 84 0 0 0 108 0 0 344 1 11 0 6 0 1 0 0 6 7 287 93 0 0 0 0 0 1 4488 0 0 0 0 0 2 0 0 0 0 0 0 0 0 0 0 0 0 0 0 0 2 0 0 2 2604 10 88 4 0 0 0 4 0 0 0 0 68 6 4 0 0 0 0 0 7 5 0 0 0 0 1 1 5 1262 3 0 916 0 33 0 0 1 3 0 0 165 231 0 0 13 0 0 0 0 3 0 0 0 0 53 0 0 0 0 0 0 4 1 0 0 0 0 0 0 4 1 179 0 0 1 31 0 4 838 500 0 0 1 0 0 0 0 0 6 0 0 1 0 0 1 0 0 0 0 0 0 0 0 1 0 0 2 0 0 0 0 1 1 0 0 0 0 0 0 4004 9 13 0 2 0 1 7 4 0 0 1 
22 18559 0 0 0 0 0 0 14 0 0 0 21 0 0 0 0 1 0 0 0 0 770 0 0 0 1 2 1 1 0 0 0 0 8 0 0 0 118 0 0 0 0 12 0 0 0 0 0 78 0 0 0 0 0 1 0 0 0 0 0 0 1 0 55 0 894 8 0 0 61 0 0 0 129 0 0 427 0 15 0 2 0 0 0 0 2 3 333 30 0 0 0 0 1 0 3254 0 0 0 1 0 1 1 0 0 0 0 0 0 0 0 4 0 0 1 0 0 1 0 0 1 2699 18 63 4 0 0 0 5 0 0 0 0 83 10 1 0 0 0 0 0 10 1 1 0 0 0 0 0 7 1445 0 0 893 0 37 0 0 1 1 0 0 192 271 0 0 7 0 0 0 0 1 0 0 0 0 57 0 0 2 4 0 0 0 0 0 0 0 0 0 0 2 0 160 0 0 5 33 0 0 906 649 0 0 1 0 0 0 0 0 2 0 0 0 0 0 0 0 0 0 0 0 0 0 0 0 0 0 1 0 0 0 0 0 0 0 0 0 0 0 0 4686 13 10 0 0 1 0 15 6 0 0 0 
23 18614 0 0 0 0 0 1 13 0 0 0 22 0 0 0 0 2 0 0 0 0 838 1 0 0 0 1 0 0 0 0 0 0 0 0 0 0 162 0 1 0 1 7 0 0 0 0 1 43 0 0 0 0 0 1 0 1 0 0 0 1 0 0 40 0 989 9 0 0 30 0 0 0 126 1 0 322 0 24 0 1 0 0 0 0 4 1 291 20 2 0 0 0 0 0 1662 0 0 0 0 1 0 0 0 0 0 0 0 0 0 0 0 0 0 0 0 0 0 0 0 5 2877 10 54 0 0 0 0 1 0 0 0 0 109 4 0 0 0 0 0 0 4 0 0 0 0 0 0 0 0 1662 3 0 1020 0 37 0 0 0 2 0 0 232 304 0 0 3 0 0 0 0 2 0 0 0 0 38 0 0 0 2 1 0 0 1 0 0 0 0 0 0 8 0 162 0 0 0 31 0 4 1014 776 0 0 0 0 0 0 1 4 2 0 0 0 0 0 0 0 0 3 0 0 0 1 0 0 0 0 0 0 0 0 0 0 1 1 0 1 0 0 0 5586 8 6 0 1 0 0 2 6 0 0 0 
24 18865 0 0 0 0 0 0 5 0 0 0 22 0 0 0 0 2 0 0 0 0 917 2 0 0 1 0 0 0 0 0 0 0 1 0 0 0 137 0 1 0 0 7 0 0 0 0 0 29 0 0 0 0 0 0 0 0 0 0 0 0 6 0 60 0 1037 7 0 0 14 0 0 0 176 0 0 323 0 32 0 4 0 0 0 0 3 2 301 7 0 0 0 1 0 0 675 0 0 1 0 0 1 0 0 1 0 0 0 0 0 0 1 0 0 0 0 0 0 0 0 4 3003 0 38 1 0 0 0 1 0 0 0 0 126 4 0 0 0 1 0 0 3 1 0 0 0 0 1 0 0 1629 2 0 1116 0 38 1 0 0 0 0 0 252 286 0 0 5 0 0 0 0 0 0 0 0 0 46 0 0 0 1 0 0 1 0 0 0 0 0 0 2 2 0 194 0 0 2 9 0 2 1088 862 0 0 0 0 0 0 1 1 2 0 0 0 0 0 0 0 0 2 0 0 0 0 0 1 0 0 0 0 0 0 0 0 0 0 0 0 0 0 0 6328 16 2 0 2 0 0 4 4 0 0 0 
25 20249 0 0 0 0 0 1 5 0 0 0 20 1 0 0 0 2 0 0 0 0 954 1 0 0 0 3 0 0 0 0 0 0 0 0 0 0 160 0 2 0 0 9 0 0 0 0 0 17 0 0 0 0 0 0 0 0 0 0 0 0 7 1 118 0 964 10 0 0 6 0 0 0 269 0 0 361 0 40 0 2 0 0 0 0 3 0 335 5 0 0 0 0 0 0 375 0 0 0 0 0 0 0 0 0 0 1 0 0 0 0 0 0 0 0 0 0 0 0 0 7 3170 0 21 1 0 0 0 0 0 0 0 0 114 3 0 0 0 0 0 0 0 1 0 0 0 0 0 0 2 2272 2 0 1054 0 31 0 0 0 2 0 0 341 313 0 0 5 0 0 0 0 0 0 0 0 0 86 0 0 0 4 0 0 0 0 0 0 0 0 0 5 0 0 236 0 0 0 6 0 0 1122 864 0 0 1 0 0 0 1 3 1 0 0 0 0 0 0 0 0 0 0 0 0 0 0 0 0 1 0 0 0 0 0 0 0 0 0 0 0 0 0 6866 7 0 0 9 0 0 10 13 0 0 0 
26 21623 0 0 0 0 0 0 4 0 0 0 26 0 0 0 0 0 0 0 0 0 756 1 0 0 0 2 0 0 0 0 0 0 0 0 0 0 158 0 0 0 1 15 0 0 0 0 0 2 0 0 0 0 0 0 0 0 0 0 0 0 0 1 154 0 1106 4 0 0 5 0 0 0 233 0 0 404 0 33 0 1 0 0 0 0 0 0 443 6 1 0 0 0 0 0 236 0 0 0 0 0 1 0 0 0 0 0 0 0 0 0 0 0 0 0 0 0 0 0 0 14 3758 1 8 3 0 0 0 1 0 0 0 0 155 3 0 0 0 0 0 0 0 1 0 0 0 0 0 0 3 1973 1 0 1207 0 35 0 0 1 0 0 0 405 288 1 0 0 0 1 0 0 0 0 0 0 0 91 0 0 0 2 0 0 0 0 0 0 0 0 0 2 1 0 199 0 0 1 4 0 0 1136 1094 0 0 0 0 0 0 0 1 0 0 0 0 0 0 0 0 0 5 0 0 0 0 0 0 0 0 0 0 0 0 0 1 0 0 0 1 0 0 0 7592 13 0 0 5 0 0 3 15 0 0 0 
27 20191 2 0 0 0 0 1 1 0 0 0 23 0 0 2 0 3 0 0 0 0 563 0 0 0 1 1 0 0 0 0 0 0 0 0 0 0 220 0 0 0 0 15 0 0 0 0 0 2 0 0 0 0 0 0 0 1 0 0 0 0 0 1 129 0 807 12 0 0 5 0 0 0 254 0 0 418 1 51 0 1 0 0 0 0 0 2 390 10 0 0 0 0 0 0 229 0 0 1 0 0 0 0 0 0 0 2 0 0 0 0 0 1 0 0 0 0 0 0 0 7 4324 0 7 6 0 0 0 0 0 0 0 0 194 0 0 0 0 0 0 0 1 2 0 0 0 0 0 0 1 2125 5 0 824 0 70 0 0 0 0 0 0 473 198 0 0 2 0 0 1 0 1 0 0 0 0 62 0 0 0 0 0 0 2 1 0 0 0 0 0 0 0 0 196 0 0 0 5 0 1 1068 878 0 0 0 0 0 0 2 1 1 2 0 0 0 0 0 0 0 0 0 0 0 0 0 0 0 0 0 1 0 0 0 0 0 0 0 0 0 0 0 6544 12 0 0 8 0 0 0 7 0 2 0 
28 16864 0 1 0 0 0 0 2 0 0 0 16 0 0 0 0 0 0 0 0 0 347 0 0 0 0 0 0 1 0 0 0 0 0 0 0 0 246 0 5 0 0 19 0 0 0 1 0 7 0 0 1 0 0 0 0 0 0 0 0 0 2 1 232 0 540 7 0 0 2 0 0 0 162 0 1 428 0 59 0 1 0 0 0 1 0 10 313 20 2 0 0 0 0 0 540 0 0 0 0 0 0 0 0 0 0 0 0 0 0 0 0 0 0 0 0 0 0 0 0 21 4356 1 8 1 0 0 0 0 0 0 0 0 209 2 1 0 0 0 0 0 2 3 0 0 0 0 1 0 0 1708 0 0 409 0 50 0 0 0 1 0 0 700 83 0 0 3 0 0 0 0 1 0 0 0 1 57 0 0 0 2 0 0 0 0 0 0 0 0 0 0 2 0 88 0 0 0 6 0 1 950 725 0 0 0 0 0 0 2 0 4 1 0 0 0 0 0 0 0 5 0 0 0 0 0 0 0 0 0 0 0 0 0 0 0 0 0 0 0 0 0 4456 10 0 0 12 3 0 0 6 0 0 1 
29 11810 0 0 0 1 0 0 2 0 0 0 6 0 0 0 0 0 0 1 0 0 152 0 0 0 0 3 0 0 1 0 0 0 1 0 0 0 188 0 1 0 0 8 0 0 0 0 0 20 0 0 0 0 0 1 0 0 0 0 0 0 2 2 71 0 270 4 0 0 9 0 0 0 123 0 0 240 2 61 0 0 0 0 0 0 2 14 226 28 0 0 0 0 0 0 1621 0 0 0 0 0 0 0 0 0 0 0 0 0 0 0 0 0 1 0 0 0 0 0 0 13 3059 3 31 0 0 0 0 0 0 0 0 0 129 3 1 0 0 0 0 0 4 5 0 0 0 0 0 0 1 866 3 0 331 0 35 0 0 0 3 0 0 384 40 0 0 0 0 0 0 0 3 0 0 0 0 38 0 0 0 3 0 0 0 1 0 0 0 0 0 2 2 0 44 0 0 1 20 0 1 711 433 0 0 1 0 0 0 3 0 47 0 0 0 0 0 2 0 0 3 0 0 0 0 0 0 0 7 6 0 0 0 0 0 0 0 0 0 0 0 0 2466 13 1 0 7 2 0 0 12 1 0 4 
30 8054 0 0 0 2 0 0 7 0 0 0 6 0 0 0 0 0 0 1 0 0 127 0 0 0 0 3 0 1 0 0 0 0 0 0 0 0 86 0 5 0 0 11 0 0 0 1 0 32 0 0 0 0 0 0 0 0 0 0 0 0 10 2 52 0 140 4 0 0 20 0 0 0 73 0 0 129 2 44 0 3 0 0 0 0 4 8 122 49 1 0 0 0 1 0 2451 0 0 0 1 0 0 0 0 0 0 0 0 0 0 0 0 0 0 0 0 0 0 0 3 20 1600 4 37 0 0 0 0 0 0 0 0 0 69 6 6 1 0 0 0 0 1 3 0 0 0 0 0 1 12 354 3 0 225 0 27 0 1 0 10 0 0 187 22 1 0 0 0 0 0 0 3 0 0 0 0 32 0 0 0 4 0 0 0 0 0 0 0 0 0 1 9 0 35 0 0 0 24 0 0 436 213 0 0 0 0 0 0 0 0 18 2 0 0 0 0 2 0 0 2 0 0 0 0 0 0 0 4 3 0 0 0 0 0 0 0 0 1 0 0 0 1209 10 0 0 9 3 0 3 37 0 0 0 
31 6782 0 1 0 0 0 0 9 0 0 0 3 0 0 0 0 1 0 0 0 0 93 0 0 0 0 10 0 0 0 0 0 0 6 0 0 0 42 0 7 1 0 9 0 0 0 3 0 53 0 0 0 0 0 2 0 0 0 0 1 0 1 2 25 0 94 10 0 0 36 0 1 0 47 0 0 74 0 44 0 8 0 0 0 7 0 8 45 51 1 0 0 0 0 2 3351 0 0 0 0 0 5 0 0 0 0 0 0 0 0 0 1 0 0 0 0 0 0 0 0 17 881 3 61 0 0 0 0 2 0 0 0 0 31 8 1 0 0 0 0 0 5 5 0 0 0 0 1 0 10 172 2 1 181 0 12 0 0 0 18 0 0 77 26 0 0 1 0 0 0 0 1 0 0 0 0 16 0 0 1 1 0 0 0 0 0 0 0 0 2 3 3 0 40 0 0 0 37 0 0 293 96 0 0 1 0 1 0 1 0 4 2 0 0 0 0 3 0 0 2 0 0 1 0 0 0 0 4 6 0 0 0 0 0 0 0 0 1 0 0 0 644 12 2 0 10 1 0 2 20 0 0 1 
32 6718 0 1 0 2 0 0 10 0 0 0 1 0 0 1 0 0 0 1 0 0 197 0 0 0 0 3 1 2 2 0 0 0 2 0 0 0 17 0 4 0 0 11 0 0 0 0 0 40 0 0 0 0 2 2 0 0 0 0 1 0 2 6 8 0 81 4 0 0 31 0 0 0 27 0 0 33 1 42 0 2 0 1 0 1 1 12 23 56 0 0 0 0 0 0 4021 0 1 0 0 0 1 0 0 0 0 0 0 0 0 0 1 0 0 1 1 0 0 0 0 19 461 0 55 0 0 0 0 2 0 0 0 0 11 22 2 0 0 0 0 0 12 3 0 0 0 0 1 1 12 72 0 0 278 0 8 0 0 0 4 0 0 47 27 0 0 1 0 0 0 0 3 0 0 0 0 6 0 0 0 7 0 0 0 1 0 0 0 0 0 2 5 0 8 0 0 2 45 0 4 142 59 0 0 0 0 0 0 0 0 3 0 0 0 0 0 4 0 0 2 0 0 0 0 0 0 0 3 0 0 0 0 0 0 0 0 0 1 0 0 0 666 10 1 0 13 2 0 4 15 5 0 1 
33 7891 1 0 0 0 0 0 12 0 0 0 1 0 0 0 0 0 0 0 0 0 264 0 0 0 0 6 0 0 0 0 0 0 12 0 0 0 11 0 2 0 0 12 0 0 0 0 0 68 0 0 0 0 0 2 1 1 0 0 0 0 3 0 0 0 255 6 0 0 24 0 0 0 18 0 0 35 3 68 0 10 0 0 0 0 1 14 26 67 3 0 0 0 0 0 4203 0 1 0 0 0 2 2 0 0 0 1 0 0 1 0 1 0 0 0 0 0 0 0 0 23 332 38 76 1 0 0 0 3 0 0 0 0 6 15 1 0 0 0 0 0 15 1 0 0 0 0 0 0 9 134 3 2 241 0 6 0 0 0 6 0 0 25 156 0 0 2 0 0 0 0 3 0 0 0 0 3 0 0 0 1 0 0 0 0 0 0 1 0 0 4 12 0 24 0 0 2 55 0 2 164 107 0 0 2 0 0 0 3 0 67 0 0 0 0 0 4 1 0 1 0 0 0 0 0 1 0 8 2 0 0 0 0 0 0 0 0 0 0 0 0 1136 13 3 0 7 1 0 5 20 0 1 2 
34 10061 0 0 0 0 0 0 15 0 0 0 11 0 0 0 0 1 0 0 0 0 293 0 0 2 0 13 0 1 0 1 0 0 7 0 0 0 15 0 8 1 0 18 0 0 0 0 0 54 1 0 0 0 1 2 0 0 0 0 0 0 2 4 1 0 467 9 0 0 43 0 0 0 50 0 0 59 0 92 0 8 0 0 0 0 5 9 72 63 0 0 0 0 2 2 4176 0 0 0 0 0 4 1 2 0 0 0 0 0 1 0 2 0 2 0 0 0 0 0 0 11 387 29 83 0 0 0 0 3 0 0 0 0 5 6 1 0 0 0 0 0 14 2 1 0 0 0 0 0 16 439 4 0 273 0 13 0 0 0 5 1 0 27 233 0 2 1 0 0 0 0 3 0 0 0 1 6 0 0 0 2 0 0 1 2 0 0 1 0 0 1 4 0 83 0 0 3 23 0 0 290 231 0 0 0 0 0 0 2 1 4 0 0 0 0 0 7 0 0 5 0 0 0 0 0 0 0 2 6 0 0 0 0 0 0 0 2 2 0 0 0 2242 12 8 0 11 0 0 5 10 1 3 0 
35 12496 1 0 0 1 1 0 3 0 0 0 20 0 0 0 0 0 0 1 0 0 316 0 0 0 0 4 1 0 1 0 0 0 6 0 0 0 34 0 6 0 0 19 0 0 0 0 0 46 1 0 0 0 0 1 1 0 0 0 1 0 6 3 29 0 750 12 0 0 32 0 0 0 97 0 0 148 0 92 0 20 0 0 0 0 6 10 157 65 1 0 0 0 0 3 3964 0 1 0 0 0 2 2 0 0 0 0 1 0 1 0 1 0 0 0 0 0 0 0 0 11 874 28 69 2 0 0 0 4 0 0 0 0 22 7 3 0 0 0 0 0 13 3 0 0 0 0 1 0 15 889 3 0 557 0 11 0 0 1 4 0 0 55 338 0 1 5 0 1 0 0 1 0 0 0 1 23 0 0 1 3 1 0 1 0 0 0 0 0 0 2 7 0 129 0 0 2 13 0 0 473 306 0 0 0 0 0 0 0 0 5 2 0 0 0 0 4 0 0 6 0 0 0 0 2 0 0 1 3 0 0 0 0 0 0 0 0 0 0 0 0 2681 8 4 0 8 0 0 8 12 1 2 0 
36 14568 0 0 0 1 1 1 17 0 0 0 22 0 0 0 0 0 0 1 0 0 435 0 0 0 0 5 1 1 0 1 0 0 5 0 0 1 76 0 6 0 0 8 0 0 0 0 0 74 0 0 0 0 0 2 0 0 1 0 1 0 10 1 22 0 818 4 0 0 26 0 0 0 101 0 0 214 1 89 0 7 0 0 0 0 2 6 245 62 1 0 0 0 1 0 3858 0 1 0 0 0 0 2 0 0 0 0 0 0 0 0 0 0 1 0 0 0 0 0 1 17 1512 8 71 1 0 0 0 3 0 0 0 0 20 12 4 0 0 0 0 0 11 2 0 0 0 0 0 0 9 1183 4 0 702 0 19 1 0 0 0 3 0 148 305 0 0 17 0 0 0 0 4 0 0 0 1 40 0 0 0 3 0 0 0 0 0 0 1 0 0 3 4 0 201 0 0 1 35 0 3 562 421 0 0 1 0 0 0 0 1 10 0 0 0 0 0 2 0 0 3 0 0 0 0 0 0 0 6 10 0 0 0 0 2 0 0 0 0 0 0 0 3010 12 4 0 13 0 0 9 14 2 1 0 
37 20097 1 0 0 4 0 0 8 0 0 0 34 0 0 0 0 0 0 0 0 0 398 0 0 0 0 3 0 0 0 0 0 0 3 0 0 0 120 0 6 0 0 16 0 0 0 0 0 85 0 0 0 0 2 6 0 0 0 0 0 2 10 3 33 0 748 16 0 0 37 0 0 0 141 0 0 242 2 97 0 23 0 0 0 0 1 10 287 56 0 0 0 0 1 1 7944 0 1 0 0 0 0 0 0 0 0 1 1 0 0 0 0 0 0 0 0 0 0 0 0 11 2195 12 94 0 0 0 0 4 0 0 0 0 33 6 1 1 0 0 0 0 11 0 0 0 0 0 1 0 13 1424 5 0 713 0 21 0 0 1 9 0 0 149 247 0 1 41 0 0 0 0 1 0 0 0 1 62 0 0 0 2 1 0 0 0 0 0 0 0 0 3 9 0 206 0 0 3 46 0 4 665 492 0 0 0 0 2 0 1 1 10 0 0 0 0 0 4 0 0 6 0 0 0 0 0 0 0 0 11 0 0 0 0 0 0 0 0 1 0 0 0 3182 3 3 0 8 1 0 11 12 0 2 0 
38 19034 0 0 3 2 1 1 22 0 0 0 39 0 0 0 0 0 0 0 0 0 462 1 0 1 0 16 0 1 0 0 0 0 4 0 0 0 126 0 3 1 0 29 0 0 0 0 0 69 0 0 0 0 0 3 0 1 0 0 1 1 3 5 40 0 720 8 0 0 22 0 0 0 141 0 0 261 0 83 0 11 0 0 0 13 6 17 294 49 2 0 0 0 0 2 5885 0 0 0 0 0 1 0 0 2 0 0 0 0 0 0 0 0 1 0 0 0 0 0 1 14 2604 6 54 1 0 0 0 1 0 0 0 0 66 9 2 0 0 0 0 0 11 0 0 0 0 0 0 0 7 1359 5 0 810 0 42 0 0 0 5 4 0 176 254 0 0 9 0 0 0 0 3 0 0 0 0 54 0 0 3 2 3 0 0 1 0 0 0 0 0 0 12 0 220 0 0 1 39 0 0 741 556 0 0 1 0 1 0 2 4 55 0 0 0 0 0 3 0 0 2 0 0 0 0 0 0 0 4 4 0 0 0 0 0 2 1 0 1 0 0 0 3478 5 3 0 5 1 0 15 16 1 1 0 
39 17979 0 1 0 1 0 1 19 0 0 5 32 0 0 0 0 2 0 0 0 0 495 2 0 1 0 1 0 1 0 0 0 0 12 0 0 0 159 0 10 0 0 5 0 0 0 0 0 60 0 0 0 0 13 2 1 1 1 0 1 1 4 1 39 0 849 13 0 0 24 0 0 0 109 0 0 301 0 57 0 9 0 0 0 25 1 10 324 37 1 0 0 0 0 4 4093 0 1 0 0 0 1 0 0 1 0 0 0 0 0 0 13 0 0 0 0 0 0 0 0 12 2798 1 65 0 0 0 0 1 0 0 0 0 81 10 5 1 0 0 0 0 4 0 0 0 0 0 0 0 10 1268 4 0 795 0 30 0 0 0 2 7 0 191 280 0 2 12 0 2 1 0 0 0 0 0 0 48 0 0 2 1 0 0 0 0 0 0 0 0 0 5 7 0 205 0 0 0 25 0 0 824 700 0 0 0 0 0 0 0 0 7 0 0 0 0 0 1 0 0 2 0 0 0 0 0 1 0 8 1 0 0 0 0 0 1 0 0 1 0 1 0 3766 4 3 0 10 1 0 6 11 2 2 0 
40 17604 0 0 0 0 0 0 13 0 0 0 34 0 0 0 0 0 0 1 0 0 498 0 0 0 0 1 0 2 0 0 0 0 7 0 0 0 150 0 6 0 0 17 0 0 0 0 0 53 0 0 0 0 6 0 0 0 7 0 1 1 8 0 53 0 653 4 0 0 30 1 0 0 122 0 0 292 3 38 0 13 0 0 0 3 3 8 359 58 0 0 0 0 3 3 3524 0 0 0 0 0 2 0 0 0 0 0 0 0 0 0 3 0 0 1 0 0 0 0 0 15 2777 15 58 1 0 0 0 0 0 0 0 0 73 4 2 0 0 0 0 0 5 0 0 0 0 0 0 1 6 1314 1 0 908 0 33 0 0 0 2 3 0 205 226 0 1 10 0 0 1 0 5 0 0 0 0 63 0 0 0 1 2 0 0 0 0 0 0 0 0 4 9 0 202 0 0 3 28 0 2 854 678 0 0 1 0 0 0 0 2 8 1 0 0 0 0 4 0 0 2 0 0 0 0 0 0 0 2 1 0 0 0 0 0 0 0 0 1 0 0 0 4049 2 2 0 13 1 0 5 8 0 0 2 
41 17766 0 2 0 0 1 0 14 0 0 0 29 0 0 0 0 2 0 2 0 0 433 0 0 0 0 6 0 1 0 0 0 0 3 0 0 0 149 0 2 0 0 7 0 0 0 0 0 53 0 0 0 0 5 1 0 0 1 0 0 0 3 2 45 0 809 0 0 0 42 0 0 1 134 0 0 328 2 19 0 16 0 1 0 0 4 12 268 74 0 0 0 0 0 0 3728 0 0 0 0 0 0 0 0 0 0 0 0 0 0 0 1 0 0 1 0 0 0 0 0 15 2942 10 66 0 0 0 0 0 0 0 0 0 99 5 1 0 0 0 0 0 6 0 0 0 0 0 0 1 5 1267 2 0 819 0 24 0 0 0 4 1 0 197 229 2 1 3 0 0 0 0 2 0 0 0 0 79 0 0 2 1 2 0 0 2 0 0 0 1 0 3 6 0 175 0 0 4 46 0 9 815 628 0 0 1 0 0 0 2 1 31 1 0 0 0 0 4 0 0 2 0 0 0 0 1 1 0 1 3 0 0 0 0 0 0 0 0 0 0 0 0 4011 1 2 0 7 1 1 9 4 0 2 2 
42 18003 0 1 0 2 0 0 14 0 0 2 35 0 0 0 0 0 0 0 0 0 487 1 0 0 0 5 0 2 0 0 0 0 3 0 0 0 132 0 8 0 0 5 0 0 0 0 0 84 2 0 0 0 2 1 0 1 3 0 1 0 3 1 44 0 794 9 0 0 64 0 0 0 121 0 0 304 2 5 0 11 0 1 0 0 1 10 313 67 0 0 0 0 0 2 4534 0 0 0 0 0 1 0 0 0 0 0 0 0 0 0 12 0 0 0 0 0 0 0 1 3 2830 11 112 2 0 0 0 1 0 0 0 0 97 5 7 0 0 0 0 0 4 3 0 0 0 0 1 1 11 1182 1 0 841 0 28 0 0 0 7 3 0 196 231 0 0 11 0 0 0 0 2 0 0 0 0 38 0 0 1 1 0 0 1 0 0 0 0 0 0 0 10 0 138 0 0 1 31 0 2 862 592 0 0 0 0 0 0 1 0 54 1 0 1 0 0 1 0 0 0 0 1 0 0 0 2 0 1 0 0 0 0 0 0 0 0 0 6 0 0 0 3538 4 6 0 8 2 0 6 3 0 0 0 
43 17295 0 0 0 0 0 0 12 0 0 0 22 0 0 0 0 0 0 0 0 0 482 0 0 0 0 5 0 0 1 0 0 0 5 0 0 0 129 0 6 0 0 3 0 0 0 0 0 97 0 0 0 0 1 2 0 0 1 0 1 1 4 2 41 0 775 11 0 0 52 0 0 0 135 0 0 302 2 14 0 8 0 0 0 0 5 12 314 86 1 0 1 0 1 0 4222 0 2 0 0 0 4 1 0 1 0 0 0 0 0 0 0 0 0 0 0 0 0 0 1 3 2873 7 92 3 0 0 0 0 0 0 0 0 100 8 6 0 0 0 0 0 10 2 0 0 0 0 0 1 18 1118 3 0 848 0 37 0 0 0 4 0 0 169 201 0 0 12 0 0 0 0 6 0 0 0 0 52 0 0 0 1 0 0 0 0 0 0 0 0 0 0 7 0 153 0 0 4 48 0 6 814 531 0 0 0 0 0 0 0 2 7 0 0 0 0 0 0 0 0 1 0 0 0 0 0 1 0 2 1 0 0 0 0 0 0 0 0 2 0 0 0 3343 0 7 0 10 1 0 5 5 0 0 1 
44 16609 0 0 0 0 0 0 26 0 0 0 25 0 0 0 0 0 0 0 0 0 527 1 0 0 1 4 0 1 0 0 0 0 5 0 0 0 111 0 6 0 0 2 0 0 0 0 0 79 0 0 0 0 19 2 0 0 0 0 1 0 2 0 41 0 682 4 0 0 64 1 0 0 105 0 0 297 1 13 0 8 0 0 0 0 1 15 340 69 0 0 0 1 1 1 3996 0 1 0 0 0 4 0 0 0 0 0 1 0 0 0 1 0 0 0 0 0 0 0 0 2 2564 2 69 1 0 0 0 1 0 0 0 0 55 4 3 1 0 0 0 0 3 1 0 0 0 0 1 0 10 1163 3 2 790 0 34 0 0 0 1 0 0 183 208 0 0 11 0 0 0 0 0 0 0 0 1 51 0 0 3 0 1 0 3 2 0 0 0 0 0 0 8 1 169 0 0 1 31 0 4 784 498 0 0 2 0 0 0 0 1 48 0 0 0 0 0 0 0 0 0 0 0 0 0 0 1 0 2 3 0 0 0 0 0 0 0 0 2 0 0 0 3388 5 7 0 2 1 0 6 2 1 0 2 
45 17818 0 0 0 2 0 0 10 0 0 0 23 0 0 1 0 0 0 0 0 0 612 0 0 0 0 8 0 4 0 0 0 0 7 0 0 0 123 0 5 0 0 14 0 0 1 0 0 82 0 0 0 0 7 2 0 0 2 0 2 0 3 0 35 0 789 11 0 0 91 0 0 0 123 0 0 272 0 5 0 6 0 1 0 0 1 9 342 54 0 0 0 1 0 3 3594 0 0 0 0 0 0 0 0 0 0 0 0 0 0 0 8 0 0 0 0 0 0 0 1 1 2889 5 59 0 0 0 0 1 0 0 0 0 66 11 1 0 0 0 0 0 4 1 0 0 0 0 1 0 16 1290 3 0 960 0 31 0 0 2 3 0 0 191 271 0 0 7 0 0 0 0 2 0 0 0 0 56 0 0 1 1 0 0 2 0 0 0 0 0 0 0 4 0 172 0 0 2 36 0 1 870 527 0 0 2 0 0 0 0 1 45 0 0 0 0 0 0 0 0 1 0 0 0 0 0 1 0 1 4 0 0 0 0 1 0 0 0 4 0 0 0 3983 7 6 0 3 0 1 10 1 1 0 1 
46 18221 1 0 0 0 0 1 8 0 0 0 17 0 0 0 0 0 0 0 0 0 705 2 0 0 0 3 0 0 0 0 0 0 1 0 0 0 158 0 4 0 0 7 0 0 0 1 0 74 0 0 0 0 0 1 0 0 0 0 0 3 1 0 40 0 742 5 0 0 73 0 0 0 121 0 0 270 2 23 0 3 0 1 0 0 1 6 335 27 1 0 0 0 0 3 3020 0 0 0 0 0 3 0 0 0 0 0 0 0 0 0 3 0 0 0 0 0 0 0 0 2 2793 22 75 0 0 0 0 0 0 0 0 0 72 8 4 0 0 0 0 0 4 1 0 0 0 0 2 0 5 1520 5 0 948 0 37 0 0 0 1 0 0 227 271 0 0 8 0 0 0 0 0 0 0 0 0 62 0 0 0 2 0 0 0 0 0 0 0 0 0 1 3 0 205 0 0 1 19 0 2 912 655 0 0 2 0 0 0 1 0 5 1 0 0 0 0 0 0 0 2 0 0 1 0 0 0 0 0 3 1 0 0 0 1 0 0 0 1 0 0 0 4622 12 7 0 0 1 0 9 10 0 0 0 
47 18559 0 0 0 0 1 0 9 0 0 0 43 0 1 0 0 0 0 0 0 0 714 1 0 0 0 0 0 0 1 0 0 0 2 0 0 1 166 0 1 1 1 8 0 0 0 0 0 55 0 0 0 0 1 1 0 1 0 0 0 1 3 1 55 0 924 8 0 0 40 1 0 0 134 0 0 344 1 29 0 3 0 0 0 0 2 4 351 31 1 0 0 0 0 2 1951 0 0 0 0 0 8 0 0 0 0 0 0 0 0 0 1 0 0 0 0 0 0 0 0 3 2907 15 51 0 0 0 0 0 0 0 0 0 81 1 4 0 0 0 0 0 3 2 0 0 0 0 0 0 3 1434 3 0 1019 0 31 0 0 0 4 0 0 215 240 4 0 3 0 0 0 0 0 0 1 0 1 40 0 0 0 4 2 0 0 0 0 0 0 0 0 0 3 0 254 0 0 0 19 0 3 1006 705 0 0 0 0 0 0 0 0 2 0 0 0 0 1 0 0 0 1 0 0 0 0 0 0 0 0 2 0 0 0 0 3 0 0 0 0 0 0 0 5555 11 3 0 0 0 0 3 5 2 0 0 
48 18304 0 0 0 0 0 0 5 0 0 0 21 0 0 0 0 0 0 0 0 0 658 0 0 0 1 0 0 0 0 0 0 0 2 0 0 0 118 0 2 0 0 13 0 0 0 0 0 43 0 0 0 0 0 0 0 0 0 0 0 0 0 2 52 0 1124 8 0 0 28 0 0 0 134 0 0 339 0 44 0 0 0 0 0 0 0 0 315 16 0 0 0 0 0 0 924 0 0 0 0 0 1 0 0 0 0 0 0 0 0 0 0 0 0 0 0 0 0 0 0 4 2924 1 43 0 0 0 0 0 0 0 0 0 134 4 4 0 0 0 0 0 3 4 0 0 0 0 0 0 5 1490 4 0 1001 0 40 0 0 0 1 1 0 241 388 0 0 5 0 1 0 0 0 0 0 0 0 61 0 0 0 0 0 1 0 0 0 0 0 0 0 5 1 0 282 0 0 1 18 0 0 1185 854 0 0 0 0 0 0 1 0 4 0 0 1 0 0 0 0 0 2 0 0 0 1 0 10 0 0 0 0 0 0 0 0 0 0 0 2 0 0 0 5685 12 1 0 0 0 0 3 15 0 0 0 
49 17829 0 0 0 0 0 0 8 0 0 0 17 0 0 0 2 0 0 0 0 0 763 0 0 0 0 1 0 0 0 0 0 0 0 0 0 0 152 0 1 0 0 15 0 0 1 0 0 13 0 0 0 0 0 2 0 0 0 0 0 5 0 1 49 0 976 9 0 0 13 0 0 1 149 0 0 338 0 46 0 5 0 0 0 0 2 0 319 10 0 0 0 0 0 1 620 0 0 0 0 1 1 0 0 0 0 0 0 0 1 0 0 0 0 0 0 0 0 0 0 8 3253 0 11 2 0 0 0 1 0 0 0 0 102 5 2 0 0 0 0 0 1 3 0 0 0 0 0 0 1 1497 2 0 1082 0 39 0 0 1 1 0 0 256 268 0 0 2 0 1 0 0 0 0 0 0 1 75 0 0 1 2 0 0 0 0 0 0 0 0 0 4 0 0 215 0 0 1 13 0 0 1157 749 0 0 0 0 0 0 0 0 1 0 0 0 0 0 0 0 0 1 0 0 0 0 0 0 0 1 0 1 0 0 0 0 0 0 0 1 0 0 0 5509 11 0 0 5 1 0 2 13 0 0 0 
50 17703 0 0 0 1 0 1 5 0 0 1 22 0 0 0 0 2 0 0 0 0 706 0 0 0 0 1 0 0 0 0 0 0 6 0 0 0 144 0 1 0 0 12 0 0 0 0 0 13 0 0 0 0 1 0 0 0 0 0 0 2 1 1 53 0 939 7 0 0 11 0 0 0 108 0 0 386 0 55 0 1 0 0 0 0 1 1 292 8 0 0 0 0 0 0 392 0 0 0 0 0 0 0 0 0 0 0 0 0 0 0 0 0 0 0 0 0 0 0 0 9 3516 0 9 1 0 0 0 0 0 0 0 0 115 0 0 0 0 0 0 0 0 1 0 0 0 0 0 0 0 1617 2 0 946 0 29 0 0 0 0 0 0 226 243 1 0 4 0 0 0 0 0 0 0 0 1 66 0 0 0 2 0 0 0 0 0 0 0 0 0 1 2 0 209 0 0 0 15 0 1 1092 795 0 0 1 0 0 0 0 0 0 0 0 0 0 0 0 0 0 0 0 0 0 0 0 0 0 1 0 0 0 0 0 0 0 0 1 1 0 0 0 5575 14 0 0 9 0 0 3 12 0 1 0 
51 16205 0 0 0 0 0 0 6 0 0 0 12 1 0 0 0 2 0 0 0 0 504 1 0 0 1 0 0 1 0 0 0 0 5 0 0 0 183 0 1 0 0 18 0 0 0 0 0 8 0 0 0 0 0 0 0 0 0 0 0 4 0 0 79 0 739 10 0 0 10 1 0 0 120 0 0 355 0 56 0 0 0 0 0 0 1 0 267 10 0 0 0 0 0 0 358 0 0 1 1 0 0 0 0 0 0 0 0 0 0 0 0 0 0 0 0 0 0 0 0 19 3481 1 8 2 0 0 0 0 0 0 0 0 132 0 0 0 1 0 0 0 0 1 0 0 0 0 0 0 2 1606 3 0 804 0 59 0 0 0 0 0 0 233 143 0 0 2 0 0 0 0 0 0 0 0 0 58 0 0 0 2 0 0 0 0 0 0 0 0 0 2 2 0 212 0 0 0 3 0 0 1100 729 0 0 0 0 0 0 0 1 1 0 0 0 0 0 0 0 0 2 0 0 0 0 0 0 0 4 0 1 0 0 0 0 0 0 0 0 0 0 0 4802 9 0 0 4 2 0 0 13 2 1 0 
52 14013 0 0 0 0 0 0 2 0 0 0 21 0 0 0 0 1 0 0 0 0 400 0 0 0 0 1 1 0 0 0 0 3 3 0 0 0 172 0 1 0 0 11 0 0 0 0 0 8 0 0 0 0 0 0 0 0 0 0 0 0 0 1 164 0 621 7 0 0 5 0 1 0 120 0 0 381 1 64 0 1 0 0 0 0 0 1 258 14 0 0 0 0 3 1 404 0 0 1 0 0 3 0 0 0 0 0 0 0 0 0 0 0 0 0 0 0 0 0 0 11 3594 1 16 1 0 0 0 0 0 0 0 0 129 4 0 0 0 0 0 0 0 4 0 0 0 0 0 0 2 1323 1 0 578 0 38 0 0 0 2 0 0 234 127 1 0 2 0 0 0 0 1 0 0 0 0 35 0 0 0 2 0 0 0 0 0 0 0 0 0 0 1 0 100 0 0 0 6 0 1 1037 550 0 0 1 0 0 0 0 0 1 0 0 0 0 0 0 0 0 2 0 0 0 0 0 0 0 7 0 1 0 0 0 0 0 0 0 0 0 0 0 3471 7 0 0 9 1 0 0 25 0 1 2 
53 10645 0 0 0 0 0 0 0 0 0 0 10 1 0 0 0 0 0 2 0 0 255 0 0 0 0 3 0 1 0 0 0 0 5 0 0 0 156 0 3 0 1 10 0 0 0 0 0 8 0 0 0 0 0 0 0 0 0 0 0 1 2 0 103 0 264 6 0 0 4 0 0 0 82 0 0 245 0 58 0 3 0 1 0 1 0 7 174 25 0 0 2 0 1 0 635 0 0 0 1 0 0 0 0 0 0 0 0 0 0 0 0 0 1 0 0 0 0 0 0 17 2904 1 11 0 0 0 0 1 0 0 0 0 91 2 0 0 0 0 0 0 4 1 1 0 0 0 0 0 5 896 2 0 497 0 26 0 0 0 1 0 0 249 112 0 0 10 0 0 0 0 2 0 0 0 0 39 0 0 0 1 0 0 0 0 0 0 0 0 0 4 1 0 93 0 0 1 14 0 0 716 329 0 0 0 0 0 0 0 0 4 0 0 1 0 0 1 0 0 0 0 0 0 0 0 0 0 8 0 0 0 0 0 0 0 0 0 0 0 0 0 2494 2 0 0 6 0 0 1 17 0 1 0 
54 7879 1 0 0 2 0 0 1 0 0 0 6 0 0 0 0 0 0 1 0 0 131 0 0 0 0 1 0 1 1 0 0 0 5 0 0 0 95 0 17 0 0 11 0 0 0 0 0 14 0 0 0 0 0 0 1 0 0 0 0 0 1 1 28 0 188 12 0 0 6 0 0 0 62 0 0 175 1 67 0 1 0 0 0 2 2 13 88 36 0 0 0 0 0 1 1547 0 0 0 0 0 1 0 0 1 0 0 0 0 0 0 2 0 0 1 0 0 0 0 0 28 1918 0 26 2 0 0 0 0 0 0 0 0 63 4 1 0 0 0 0 0 6 3 1 0 0 0 0 0 7 389 1 0 251 0 14 0 0 0 1 0 0 172 29 0 0 0 0 0 0 0 1 0 0 0 0 22 0 0 0 3 0 0 1 0 0 0 0 0 0 3 3 0 29 0 0 0 11 0 0 500 243 0 0 0 0 0 0 0 0 101 0 0 0 0 0 0 0 0 5 0 0 0 0 0 0 0 4 0 0 0 0 0 0 0 0 0 0 0 0 0 1465 12 1 0 11 0 0 1 16 0 2 0 
55 13219 1 0 0 0 0 0 12 0 0 0 5 1 1 0 0 1 0 3 0 0 213 0 0 1 0 9 0 2 2 0 0 0 5 0 0 0 64 0 12 0 1 36 0 0 0 0 0 59 0 0 0 0 0 1 1 0 0 0 0 0 6 4 37 0 191 15 0 0 34 0 0 1 52 0 0 186 1 128 0 17 0 0 0 0 1 16 125 96 4 0 0 0 0 1 5173 0 0 0 0 0 2 0 0 2 0 1 1 0 0 0 2 0 0 0 0 0 0 0 0 23 2177 6 89 1 0 0 0 1 0 0 0 0 66 12 7 0 0 0 0 0 5 5 1 0 0 0 0 0 10 465 8 1 306 0 29 0 0 0 3 0 0 180 53 0 0 3 0 1 0 0 14 0 0 0 1 26 0 0 1 3 0 0 1 0 0 0 0 1 0 3 6 0 42 0 0 1 33 0 0 607 306 0 0 2 0 0 0 4 0 13 3 0 1 0 0 0 0 0 5 0 1 0 0 4 0 0 2 7 0 0 0 0 0 0 1 1 1 0 0 0 2068 16 5 0 16 2 0 9 23 4 0 1 
56 14001 0 1 0 4 1 0 19 0 0 0 6 0 0 0 0 0 0 2 0 0 200 0 0 0 0 15 0 0 1 0 0 0 7 0 0 0 50 0 9 0 0 26 0 0 0 3 0 81 0 1 0 0 0 0 0 0 0 0 0 0 2 2 18 0 142 13 0 0 45 0 0 0 55 0 0 113 1 151 0 15 0 0 0 4 6 21 106 116 3 0 0 0 0 1 7371 0 0 0 0 0 4 1 1 0 0 0 1 0 1 0 10 0 0 0 0 0 0 0 2 52 1421 5 106 0 0 0 0 2 0 0 0 0 32 17 5 0 0 0 0 0 10 4 2 0 0 0 2 2 20 298 1 0 259 0 23 0 0 1 1 1 0 103 38 0 1 0 0 0 0 0 14 0 0 0 3 10 0 0 0 4 1 0 1 0 0 0 0 0 0 9 6 2 26 0 0 5 63 0 1 443 226 0 0 2 0 0 0 2 0 7 4 0 0 0 0 1 0 0 7 0 0 0 1 0 0 0 10 4 0 0 0 0 0 0 1 0 1 0 0 0 1986 9 7 0 30 1 0 10 32 7 14 1 
57 15268 0 2 0 3 2 0 33 0 0 0 7 2 0 0 0 0 0 2 0 0 317 0 0 0 0 12 0 2 0 1 0 0 13 0 0 0 23 0 4 0 1 23 0 0 0 0 0 122 0 0 0 0 0 5 0 0 1 0 3 0 0 3 21 0 316 8 0 0 65 0 0 2 42 0 0 91 3 141 0 15 0 2 0 0 4 21 76 118 0 0 0 0 0 2 8461 0 0 0 1 0 4 0 0 1 0 1 0 0 0 0 31 1 0 0 0 0 1 0 0 37 916 101 126 0 0 0 0 0 1 0 0 0 12 20 13 0 0 0 0 0 10 6 0 0 0 0 0 0 11 226 6 3 299 0 14 0 0 0 7 1 0 74 96 0 0 1 0 0 0 0 11 0 0 0 1 13 0 0 1 5 3 0 2 0 0 0 0 0 0 6 15 0 59 0 0 13 69 0 6 301 245 0 0 0 0 1 0 3 0 14 1 0 1 0 0 2 0 0 6 0 0 0 0 1 1 0 10 4 0 0 0 0 0 0 0 0 0 0 0 1 2354 21 7 0 29 7 2 15 23 2 14 0 
58 17304 0 0 0 4 1 0 40 0 0 0 22 0 0 0 0 0 0 3 0 0 439 0 0 0 0 6 0 4 0 0 0 0 21 0 0 0 36 0 16 0 0 31 0 0 0 0 0 133 0 0 0 0 1 6 8 0 0 0 1 0 8 4 9 0 606 12 0 0 108 1 0 0 64 0 0 106 1 177 0 25 0 0 0 4 3 16 84 95 3 0 0 0 2 3 9342 0 0 0 1 0 3 0 0 0 0 1 0 0 0 0 43 1 0 0 0 0 0 0 0 30 694 57 102 0 0 0 0 1 0 0 0 0 12 20 10 0 0 0 0 0 19 6 0 0 0 0 6 1 12 383 5 0 427 0 17 0 0 0 10 1 0 36 211 1 2 1 0 0 0 0 6 0 0 0 1 7 0 0 2 4 1 0 2 1 0 0 0 0 0 11 7 1 66 0 0 1 76 0 9 436 292 0 0 1 0 2 0 1 0 42 2 0 0 0 0 0 0 0 5 0 0 0 0 0 0 0 5 6 0 0 0 0 2 0 0 0 1 0 0 0 2636 27 2 0 33 6 0 15 19 5 2 3 
59 22001 0 0 0 3 0 0 15 0 0 1 24 1 0 0 0 0 0 14 0 0 567 0 0 1 0 17 0 1 0 0 0 0 7 0 0 0 51 0 15 0 0 16 0 0 0 0 0 129 0 0 0 0 0 6 4 3 1 0 1 0 9 2 27 0 974 12 0 0 126 0 0 0 92 0 0 210 0 199 0 15 0 0 0 2 4 19 211 128 2 0 0 0 1 5 10140 0 0 0 0 0 4 1 1 2 0 0 0 0 1 0 41 0 0 0 0 0 0 0 2 37 1026 20 146 1 0 0 0 8 0 0 0 0 17 20 4 1 0 0 0 0 15 6 0 0 0 0 0 0 22 1012 3 1 1104 0 18 0 0 0 9 0 0 45 367 0 2 13 0 0 0 0 6 0 0 0 0 24 0 0 0 7 0 0 3 2 0 0 0 1 0 12 7 0 159 0 0 3 50 0 3 643 281 0 0 3 0 0 0 3 1 75 3 0 0 1 0 3 0 0 5 0 0 0 0 0 1 0 8 3 0 0 0 0 0 0 0 0 3 0 0 0 3561 24 5 0 18 8 0 18 26 2 4 1 
60 25568 0 1 1 0 0 0 17 0 0 1 92 0 0 0 0 0 0 0 0 0 745 0 0 0 0 13 1 5 0 0 0 0 6 0 0 0 60 0 4 0 0 22 0 0 0 1 0 136 0 0 0 0 2 3 0 0 4 0 1 0 2 7 55 0 1124 23 0 0 111 0 2 1 127 0 0 345 2 162 0 11 0 2 0 3 4 20 301 119 1 0 1 0 0 4 9374 0 2 0 0 3 4 1 0 2 1 0 0 0 1 0 1 0 0 1 0 0 0 0 2 43 1770 19 118 1 0 0 0 5 0 0 0 0 42 25 8 0 0 0 0 0 24 3 0 0 0 0 2 0 27 1571 2 0 1358 0 36 0 0 0 9 0 0 111 349 1 2 59 0 0 0 0 5 0 0 0 3 59 0 0 2 11 3 0 3 3 1 0 1 0 0 10 6 0 336 0 0 5 83 0 4 908 608 0 0 2 0 0 0 2 0 119 4 0 1 0 0 2 0 0 5 0 0 0 0 0 0 0 9 4 0 1 0 0 0 0 0 1 4 0 0 0 4721 26 4 0 13 2 0 11 46 1 6 0 
61 26492 1 0 0 6 0 1 18 0 0 0 36 1 0 0 0 2 0 0 0 0 851 0 0 2 1 12 0 2 0 0 0 0 4 0 0 1 103 0 7 0 0 21 0 0 0 0 0 118 0 0 0 0 1 5 1 1 0 0 4 3 13 3 51 0 1269 18 0 0 83 0 0 0 207 0 0 443 4 162 0 10 0 0 0 1 7 17 408 114 0 0 0 0 0 8 7110 0 0 0 0 0 6 0 0 0 0 0 0 0 0 0 2 0 1 0 0 0 0 0 0 48 2871 21 98 2 0 0 0 5 1 0 0 0 66 29 5 0 0 0 0 0 9 2 1 0 0 0 0 3 19 1812 3 0 1672 0 38 0 0 0 11 1 0 206 412 0 0 19 0 0 0 0 7 0 0 0 1 64 0 0 2 5 2 0 2 4 0 0 0 0 0 7 12 0 316 0 0 5 68 0 3 1061 731 0 0 1 0 0 0 2 6 13 1 0 0 0 0 0 0 0 6 0 0 0 0 1 0 0 5 3 0 0 0 0 5 0 0 0 3 0 0 0 5529 16 5 0 22 5 0 16 57 4 3 0 
62 28304 0 0 0 2 0 1 11 0 0 0 36 1 0 0 0 3 0 0 0 0 943 1 0 0 0 5 0 2 0 0 0 0 6 0 0 1 159 0 7 0 0 32 0 0 2 0 0 154 0 0 0 0 0 2 0 2 0 0 3 1 7 5 44 0 1249 14 0 0 77 0 0 0 223 0 0 471 1 132 0 18 0 1 0 3 5 17 505 88 4 0 0 1 0 6 5889 0 1 0 2 0 5 1 0 0 0 1 0 0 0 1 2 0 0 0 0 0 0 0 2 63 3887 53 108 1 0 0 0 3 0 0 0 0 91 17 6 1 0 0 0 0 18 2 0 0 0 0 0 3 16 2129 21 1 1783 0 59 0 0 1 9 3 0 256 388 1 1 12 0 0 1 0 5 0 0 0 0 109 0 0 0 4 0 0 3 1 0 0 0 0 0 6 9 0 333 0 0 9 49 0 5 1315 759 0 0 0 0 0 0 2 1 11 1 0 1 0 0 0 0 0 14 0 0 0 0 0 1 0 13 3 0 0 0 0 1 0 0 1 1 0 1 0 6478 4 4 0 16 4 0 17 24 2 2 0 
63 30307 1 0 0 3 0 1 18 0 0 0 47 3 0 0 0 9 0 0 0 0 954 0 0 1 0 13 1 6 3 0 0 0 5 0 0 0 174 0 10 0 0 14 0 0 0 0 0 127 0 0 0 0 0 8 0 0 0 0 2 0 12 5 57 0 1332 17 0 0 81 0 0 1 212 0 0 522 5 115 0 14 0 1 0 0 3 17 566 99 0 0 0 1 0 2 5542 0 0 0 0 0 2 1 0 0 1 0 0 0 0 0 5 0 1 0 0 0 0 0 1 40 4537 9 141 3 0 0 0 1 0 0 0 0 134 23 8 0 0 0 0 0 17 1 1 0 0 0 0 2 23 2309 18 2 1813 0 68 0 0 1 10 1 0 346 366 0 3 15 0 0 0 0 4 0 0 0 0 109 0 0 3 1 3 0 0 0 1 0 0 0 0 4 17 1 326 0 0 4 42 0 1 1459 921 0 0 1 0 0 0 3 0 52 0 0 0 0 0 0 0 0 5 0 0 0 0 1 2 0 4 1 0 0 0 0 3 1 0 1 1 0 0 0 7342 7 6 0 17 2 0 8 31 2 2 0 
64 22186 1 2 0 1 0 0 16 0 0 0 19 1 0 0 0 0 0 1 0 0 613 0 0 0 0 4 0 1 0 0 0 0 1 0 0 0 149 0 6 0 0 9 0 0 0 0 0 71 0 0 1 0 0 1 0 0 2 0 1 0 4 2 49 0 841 7 0 0 54 0 0 0 162 0 1 387 4 45 0 14 0 0 0 0 5 9 373 78 0 0 0 1 0 1 4012 0 0 0 0 0 1 1 0 0 0 1 0 0 0 0 3 0 0 0 0 0 0 0 0 23 3402 17 83 2 0 0 0 1 0 0 0 0 126 15 5 0 0 0 0 0 12 0 0 0 0 0 1 0 13 1657 5 2 1598 0 49 0 0 0 3 1 0 242 271 0 0 14 0 0 0 0 1 0 0 0 0 45 0 0 1 0 0 0 1 0 0 0 0 0 0 6 8 0 205 0 0 3 19 0 2 1023 717 0 0 3 0 0 0 1 1 74 0 0 0 0 0 0 0 0 6 0 0 0 0 0 1 0 7 4 0 0 0 0 0 0 1 0 1 0 0 0 5484 5 10 0 16 2 0 6 17 5 4 1 
65 33437 0 1 1 4 0 0 12 0 0 0 49 0 0 0 0 0 0 2 0 0 864 0 0 0 0 9 0 3 0 0 0 0 4 0 0 0 236 0 5 1 0 4 0 0 0 0 0 87 0 0 0 0 0 1 2 0 1 0 2 1 5 1 94 0 1364 13 0 0 82 0 1 2 237 0 0 576 2 43 0 19 0 0 0 1 3 19 528 152 0 0 1 0 0 7 6489 0 0 0 0 0 4 2 0 1 0 0 0 0 2 0 10 0 0 0 0 0 0 0 0 26 5406 20 122 4 0 0 0 8 0 0 0 0 201 16 5 2 0 0 0 0 7 2 0 0 0 0 1 0 18 2529 9 0 2088 0 51 0 0 2 4 3 0 383 392 0 0 21 0 0 0 0 8 0 1 0 0 83 0 0 0 2 0 0 6 1 0 0 0 0 0 5 20 0 331 0 0 13 57 0 4 1623 949 0 0 3 0 0 0 0 0 67 0 0 0 0 0 0 0 0 3 0 0 0 0 0 1 0 9 6 1 0 0 0 2 0 1 0 0 0 0 0 7876 3 13 0 12 1 0 13 19 8 5 5 
66 32977 1 0 0 4 0 0 26 0 0 0 34 5 0 0 0 1 0 5 0 0 1045 0 0 0 0 13 0 4 0 0 0 0 4 0 0 0 196 0 3 0 0 6 1 0 0 0 0 156 1 1 1 0 3 2 0 0 1 0 0 0 8 1 88 0 1444 9 0 0 104 0 0 0 240 0 0 609 3 26 0 24 0 1 0 0 4 23 479 114 1 0 0 1 0 23 7107 0 0 0 0 1 2 1 1 0 0 0 0 0 0 0 27 0 0 0 0 0 0 0 1 14 5263 35 122 1 0 0 0 6 0 0 0 0 219 22 6 1 0 0 0 0 11 4 0 0 0 0 3 1 15 2466 3 1 1818 0 52 0 0 1 3 4 0 395 316 0 0 34 0 0 0 0 10 0 0 0 0 94 0 0 1 5 1 0 10 3 1 0 3 1 0 2 10 0 279 0 0 1 49 0 7 1610 841 0 0 0 0 0 0 1 0 50 0 0 0 0 0 1 0 0 6 0 0 0 0 0 2 0 13 0 0 0 0 0 0 0 1 0 3 0 0 0 7231 4 5 0 16 3 0 11 12 4 2 0 
67 32534 1 1 1 0 0 1 25 0 1 0 49 1 0 0 0 2 0 0 0 0 1213 0 0 0 0 14 1 5 0 0 0 0 8 0 0 1 214 0 2 0 0 7 0 0 0 0 0 145 0 1 0 0 0 2 0 0 0 0 3 2 5 0 88 0 1343 20 0 0 148 0 0 1 258 1 0 553 3 12 0 18 0 1 0 0 1 29 447 118 0 0 1 1 0 6 7404 0 0 0 0 0 5 1 0 3 0 0 0 0 0 0 6 0 1 0 0 0 0 0 0 12 5217 18 137 4 0 0 0 5 0 0 0 0 188 29 8 0 0 0 0 0 15 5 0 0 0 0 0 2 17 2492 1 2 1720 0 57 0 0 0 6 4 0 386 343 0 0 10 0 0 0 0 11 0 0 0 0 71 0 0 2 1 1 0 7 1 0 1 2 0 0 3 10 0 264 0 0 8 55 0 8 1623 790 0 0 4 0 0 0 7 0 24 0 0 0 0 0 2 0 0 1 0 0 1 1 0 0 0 11 4 0 0 0 0 0 0 0 0 0 0 0 0 6673 7 5 0 23 1 1 17 5 7 5 3 
68 32754 1 0 0 1 0 0 19 0 0 0 49 5 0 0 0 0 0 0 0 1 1302 1 0 1 0 5 0 6 0 0 0 0 5 0 0 0 200 0 3 0 1 6 0 0 0 0 0 144 0 1 0 0 0 4 2 0 1 0 1 1 14 2 71 0 1359 12 0 0 165 0 0 1 221 0 0 549 4 13 0 20 0 0 0 1 5 16 495 131 0 0 0 3 0 4 7492 0 2 1 0 0 7 0 0 0 0 1 0 0 0 0 8 0 0 0 0 0 1 1 1 5 5211 15 122 5 0 0 0 3 0 0 0 0 137 19 24 0 0 0 1 0 18 8 0 0 0 0 2 2 18 2326 3 0 1950 0 79 1 0 0 5 0 0 336 381 0 0 14 0 1 0 0 5 0 0 0 2 92 0 0 0 1 0 0 3 1 0 0 0 0 0 2 8 0 293 0 2 1 61 0 2 1625 862 0 0 1 0 0 0 2 0 45 1 0 0 0 0 0 0 0 3 0 0 1 0 1 0 0 5 3 1 0 0 0 0 0 0 1 2 0 0 0 6595 7 5 0 7 2 0 21 3 5 12 5 
69 33326 0 0 0 0 0 0 28 0 0 1 51 0 0 0 0 0 0 0 0 0 1316 2 0 0 0 8 0 2 1 1 0 0 6 0 0 1 179 0 5 0 0 7 0 0 0 0 0 152 0 0 0 0 0 1 1 0 2 0 4 2 27 1 80 0 1495 13 0 0 140 0 0 0 247 0 0 700 4 14 0 21 0 0 0 2 8 8 541 122 1 0 0 1 0 2 6607 0 1 0 0 1 3 2 0 0 0 0 0 0 0 0 2 0 0 0 0 0 0 0 0 7 5282 16 143 1 0 0 0 1 0 0 0 0 174 20 3 0 0 0 0 0 11 4 0 0 0 0 2 0 18 2305 4 3 1804 0 60 0 0 0 3 0 0 390 527 2 0 13 0 0 0 0 0 0 0 0 0 80 0 0 0 6 1 0 1 1 0 0 0 0 0 2 9 0 247 0 0 8 39 0 7 1714 781 0 0 0 0 0 0 0 0 122 1 0 1 0 0 0 0 0 4 0 0 0 0 0 3 0 3 10 0 0 0 0 3 0 0 0 2 0 0 0 7603 15 4 0 3 1 0 13 3 3 6 2 
70 35817 0 0 1 2 0 1 13 0 0 0 46 1 0 0 0 0 0 2 0 0 1390 2 0 0 1 10 0 1 0 0 0 0 1 0 0 0 190 0 6 0 0 11 0 0 0 0 0 150 0 0 0 0 0 2 0 0 0 0 0 3 14 0 110 0 1488 12 0 0 120 0 1 0 300 0 0 696 0 25 0 12 0 0 0 0 6 8 585 101 1 0 0 0 1 2 5744 0 0 0 0 0 4 1 0 0 0 0 0 0 1 0 1 0 0 0 0 0 0 0 0 4 5785 41 136 3 0 0 0 2 0 0 0 0 168 26 3 0 0 0 0 0 11 8 0 0 0 0 2 0 19 2577 7 1 2333 0 67 0 0 0 3 0 0 387 701 1 0 17 0 0 0 0 0 0 0 0 1 84 0 0 0 3 1 0 2 3 0 0 0 0 0 0 2 1 329 0 0 5 37 0 2 1767 930 0 0 2 0 0 0 2 0 12 0 0 2 0 0 0 0 0 13 0 0 0 0 0 0 0 3 13 1 0 0 0 3 1 1 0 1 0 0 0 9155 22 6 0 1 1 0 7 6 2 9 0 
71 36965 1 0 0 0 0 0 9 0 0 0 49 0 0 0 0 2 0 0 0 0 1144 1 0 0 0 6 0 0 0 0 0 0 2 0 0 0 201 0 3 0 0 24 0 0 0 0 0 91 0 0 0 0 0 5 0 0 0 0 0 5 15 3 152 0 1769 12 0 0 89 0 0 1 318 0 0 615 0 51 0 9 0 0 0 1 6 3 744 63 0 0 0 0 0 0 3981 0 0 2 0 2 1 0 0 0 0 0 0 0 1 0 8 0 0 2 0 0 0 0 0 8 5898 33 96 1 0 0 0 2 0 1 0 0 179 7 4 0 0 0 0 0 4 7 0 0 0 0 0 0 15 2853 4 1 2148 0 67 0 0 0 4 0 0 399 664 0 3 11 0 0 0 0 0 0 0 0 2 88 0 0 2 2 0 0 1 0 0 0 0 1 0 5 9 0 409 0 0 5 34 0 2 1951 1208 0 0 1 0 0 0 1 0 14 0 0 0 0 0 2 0 0 1 0 0 0 0 0 2 0 1 3 0 0 0 0 1 0 0 0 1 0 0 0 11329 28 15 0 4 0 0 11 19 2 1 1 
72 38470 1 0 0 0 0 0 5 0 0 0 94 0 0 0 0 0 0 0 0 0 1315 0 0 0 0 3 0 1 0 0 0 0 0 0 0 0 253 0 7 0 0 28 0 0 0 0 0 75 0 0 0 0 0 2 0 0 0 0 3 1 2 6 96 0 1852 9 0 0 57 1 0 0 311 0 0 716 0 70 0 3 0 1 0 1 3 1 607 40 3 0 0 0 0 2 2549 0 0 1 0 0 1 0 0 0 1 0 0 0 1 0 7 0 0 0 0 0 0 0 0 23 6718 7 54 5 0 0 0 0 0 0 0 0 200 8 1 0 0 0 0 0 2 1 0 0 0 0 0 0 12 3353 5 0 2233 0 74 0 0 0 2 0 0 393 735 0 1 15 0 0 0 0 0 0 1 0 0 106 0 0 0 2 0 0 1 1 0 0 0 0 0 4 4 0 409 0 0 0 16 0 3 2317 1374 0 0 0 0 0 0 1 2 6 0 0 0 0 1 0 0 0 1 0 0 0 0 0 1 0 4 0 1 0 0 0 1 0 0 2 2 0 0 0 12151 23 3 0 2 1 0 8 23 0 0 0 
73 38425 1 0 1 1 0 0 4 0 0 0 87 1 0 0 0 1 0 0 0 0 1450 2 0 0 0 3 0 0 0 0 0 0 0 0 0 0 270 0 1 0 0 24 0 0 0 0 0 39 0 0 0 0 0 0 0 0 0 0 0 2 1 6 94 0 2006 14 0 0 57 0 0 1 315 0 0 735 1 85 0 1 0 0 0 0 4 2 638 18 1 0 0 0 0 3 1535 0 0 0 0 1 2 0 0 0 0 0 0 0 0 0 0 0 0 0 0 0 0 0 0 10 6939 1 42 0 0 0 0 2 0 0 0 0 193 3 0 0 0 0 0 0 5 2 0 0 0 0 0 1 2 3450 11 0 2563 0 72 0 0 0 2 0 0 439 747 2 1 7 0 0 0 0 1 0 1 0 0 112 0 0 0 3 0 0 0 3 0 1 0 0 0 3 0 0 485 0 0 1 15 0 1 2616 1280 0 0 1 0 0 0 1 2 2 1 0 0 0 0 0 0 0 1 0 0 0 0 0 1 0 3 0 0 0 0 0 1 0 0 0 0 0 0 0 11897 38 1 0 8 3 0 14 11 1 0 0 
74 36373 0 0 2 0 0 1 17 0 0 1 30 0 0 0 0 1 0 1 0 0 1340 2 0 0 0 3 0 1 0 0 0 0 0 0 0 1 277 0 1 0 0 23 0 0 0 0 1 20 0 0 0 0 0 0 0 0 0 0 0 0 0 1 124 0 1849 18 0 0 33 0 0 0 294 0 0 770 1 85 0 0 0 0 0 1 1 3 749 20 1 0 0 0 0 2 904 0 0 0 0 0 0 0 0 1 0 0 0 0 0 0 0 0 0 0 0 0 0 0 0 27 7060 0 20 2 0 0 0 0 0 0 0 0 230 5 0 0 0 0 0 0 4 3 0 0 0 0 0 0 3 3617 6 0 2566 0 100 0 1 1 4 0 0 609 683 1 0 10 0 1 0 0 1 0 0 0 1 125 0 0 0 8 0 0 0 1 0 0 0 0 0 8 0 0 564 0 0 1 13 0 1 2375 1280 0 0 0 0 0 0 2 1 3 0 0 0 0 0 0 0 0 10 0 0 0 0 0 0 0 2 0 0 0 0 0 0 0 0 0 0 0 0 0 10349 37 2 0 12 0 0 7 20 3 1 1 
75 32437 4 0 0 0 0 0 6 0 0 1 24 0 0 0 0 2 0 0 0 0 1116 0 0 0 2 6 0 0 0 0 0 0 3 0 0 0 330 0 2 0 0 39 0 0 0 0 0 16 0 0 0 0 0 0 1 0 0 0 0 1 0 10 135 0 1426 12 0 0 13 0 0 0 280 0 0 691 0 112 0 1 0 0 0 0 1 6 596 10 0 0 0 0 0 3 711 0 0 0 0 0 0 1 0 2 0 0 0 0 0 0 0 0 0 1 0 0 0 0 0 23 7270 1 17 2 0 0 0 0 0 0 0 0 284 2 1 0 0 0 0 0 3 5 0 0 0 0 0 0 3 2940 10 0 1907 0 73 0 0 0 1 0 0 590 516 0 0 8 0 0 0 0 0 0 2 0 0 112 0 0 0 15 0 0 0 0 0 0 0 0 0 5 1 0 452 0 0 4 4 0 0 2513 1122 0 0 1 0 1 0 1 1 3 0 0 0 0 0 0 0 0 2 0 0 0 0 0 0 0 1 1 0 0 0 0 0 3 0 0 0 0 0 1 8896 22 0 0 8 1 0 11 19 0 2 1 
76 28280 1 1 0 0 0 0 0 0 0 0 24 0 0 0 0 3 0 0 0 0 834 1 0 1 0 1 0 2 0 0 0 0 5 0 0 0 300 0 1 0 0 20 0 0 0 0 1 19 0 0 0 0 0 0 0 0 1 0 0 0 0 11 133 0 1115 12 0 0 8 0 0 0 250 1 0 709 1 150 0 1 0 0 0 0 2 7 547 23 4 0 0 0 0 3 757 0 0 0 0 0 0 0 0 0 0 2 3 0 0 0 1 0 3 0 0 0 0 0 0 38 6879 5 20 1 0 0 0 0 0 0 0 0 260 5 0 0 0 0 0 0 0 4 1 0 0 0 0 0 4 2666 8 0 1395 0 58 0 0 0 1 0 0 620 313 1 0 1 0 0 0 0 1 0 0 0 0 119 0 0 0 3 0 0 1 0 0 0 0 0 0 4 1 0 233 0 0 1 7 0 0 1827 855 0 0 0 0 0 0 1 0 9 2 0 0 0 0 0 0 0 4 0 0 0 0 0 10 0 5 0 0 0 0 0 0 0 2 0 0 0 0 0 7844 38 1 0 14 3 0 2 33 1 1 0 
77 22133 0 0 0 0 0 0 2 0 0 0 31 0 0 0 0 0 0 1 0 0 559 0 0 0 0 4 0 1 1 0 0 0 4 0 0 0 206 0 3 0 0 22 0 0 0 0 1 19 0 0 0 0 0 0 0 0 0 0 0 0 0 4 92 0 712 18 0 0 10 0 0 0 191 0 0 660 1 140 0 0 0 1 0 0 3 12 344 49 3 0 0 0 0 3 999 0 0 0 0 0 0 0 0 0 0 0 0 0 1 0 1 0 1 0 0 0 0 0 0 24 6004 8 36 0 0 0 0 0 0 0 0 0 197 7 0 0 0 0 0 0 1 4 1 0 0 0 0 0 4 1781 9 1 901 0 70 0 0 0 1 0 0 384 159 0 0 5 0 0 0 0 2 0 0 0 0 62 0 0 0 4 0 0 3 1 0 0 0 0 0 2 0 0 177 0 0 0 10 0 1 1457 753 0 0 0 0 0 0 0 2 8 1 0 3 0 0 0 0 0 11 0 0 0 0 0 0 0 2 0 0 0 0 0 0 0 0 0 0 0 0 0 5838 27 2 0 17 0 0 5 29 0 1 0 
78 16423 0 0 0 2 0 0 5 0 0 0 20 1 0 0 0 1 0 1 0 0 386 0 0 0 0 6 0 5 1 0 0 0 2 0 0 0 142 0 4 0 0 29 0 0 0 0 0 17 2 0 0 0 0 1 1 0 3 0 3 0 2 6 49 0 431 17 0 0 7 0 0 0 117 0 0 446 1 123 0 4 0 1 0 2 3 15 279 52 3 0 1 0 0 0 1868 0 0 0 0 0 1 0 0 0 0 2 0 0 0 0 2 0 0 0 0 0 0 0 1 43 4257 53 42 0 0 0 0 0 0 0 0 0 159 5 1 0 0 0 0 0 2 4 0 0 0 0 0 0 6 1011 3 2 603 0 54 0 0 1 2 0 0 281 80 9 0 4 0 0 0 0 1 0 0 0 1 31 0 0 0 2 0 0 4 1 0 0 0 1 0 15 1 0 84 0 0 0 27 0 0 1039 464 0 0 0 0 0 0 0 0 30 0 0 2 0 0 0 0 0 5 0 0 0 0 0 1 0 3 14 1 0 0 0 0 0 0 0 0 0 0 0 3917 19 1 0 17 5 0 5 34 0 0 2 
79 14423 0 0 0 1 0 1 13 0 0 1 14 0 0 0 0 0 0 1 0 0 282 0 0 0 0 6 0 4 0 0 0 0 2 0 0 0 116 0 2 0 0 27 1 0 0 0 0 51 0 0 0 0 0 0 0 1 1 0 1 0 5 4 40 0 430 10 0 0 17 0 0 2 64 0 0 214 2 117 0 7 0 0 0 3 3 16 152 77 2 0 1 0 0 2 4010 0 0 5 0 0 2 0 0 1 0 0 0 0 0 0 0 0 0 0 0 0 0 0 0 52 2830 69 67 0 0 0 0 0 0 0 0 0 77 10 6 1 0 0 0 0 4 6 0 0 0 0 0 3 7 645 4 0 382 0 35 0 0 1 9 0 0 178 82 0 1 1 0 0 0 0 3 0 0 0 0 20 0 0 2 5 0 0 1 0 0 0 1 1 0 9 6 0 53 0 0 2 18 0 0 774 292 0 0 5 0 0 0 0 0 48 1 0 1 0 0 0 0 0 7 0 0 1 0 0 0 0 8 11 0 0 0 0 1 0 0 0 0 0 0 0 2882 20 8 0 20 5 0 1 29 0 1 2 
80 13515 0 3 0 1 1 0 12 0 0 0 5 1 0 0 0 0 0 1 0 0 241 0 0 1 0 10 0 1 10 0 0 0 5 0 0 0 74 0 8 0 0 25 0 0 0 1 0 97 0 0 0 0 0 1 0 1 2 0 2 0 7 3 28 0 340 11 0 0 44 0 0 0 51 0 0 173 7 153 0 9 0 0 0 3 1 25 108 112 3 0 0 0 0 0 5859 0 1 6 0 0 5 0 0 0 0 0 0 0 0 0 1 1 0 0 0 0 0 0 1 34 1779 7 98 1 0 0 0 4 0 0 0 0 25 22 17 0 0 0 0 0 6 2 0 0 0 0 1 0 23 459 8 0 238 0 14 0 0 0 5 3 0 104 54 2 1 0 0 0 0 0 6 0 0 0 1 21 0 0 5 9 0 0 3 0 0 0 0 0 0 5 5 0 33 0 0 3 39 0 0 429 210 0 0 2 0 1 0 1 0 15 1 0 0 0 0 1 0 1 8 0 0 0 0 0 0 0 7 1 0 0 0 0 2 1 0 0 1 0 0 0 2229 24 13 0 19 4 0 10 20 4 5 1 
81 14750 0 0 0 1 1 0 21 0 0 0 6 0 0 0 0 1 0 2 0 0 213 0 0 0 0 7 0 7 0 1 0 0 2 0 0 0 31 0 5 0 0 16 0 0 0 0 0 111 0 0 0 0 0 1 0 0 0 0 2 0 3 2 18 0 320 11 0 0 56 0 0 0 43 0 0 80 4 183 0 14 0 0 0 0 2 29 64 104 0 0 0 0 0 3 7795 0 0 11 0 0 0 0 0 0 0 1 0 0 2 0 0 0 1 0 0 0 0 0 0 36 1158 13 153 1 0 0 0 7 0 0 0 0 20 16 6 0 0 0 0 0 6 4 1 0 0 0 1 0 29 316 8 1 238 0 15 0 0 0 7 3 0 72 60 0 4 0 0 0 0 0 1 0 0 0 0 14 0 0 0 8 1 0 1 1 0 0 0 0 0 7 8 1 33 0 0 6 58 0 8 366 229 0 0 1 0 0 0 1 0 21 0 0 1 0 0 1 0 0 5 0 0 0 0 0 0 0 5 1 0 0 0 1 1 1 0 0 1 0 0 0 2476 30 9 0 22 2 0 13 39 8 5 2 
82 15709 0 0 1 0 0 0 31 0 0 0 12 1 0 0 0 0 0 1 0 0 290 1 0 0 0 6 0 5 0 0 0 0 1 0 0 0 27 0 9 0 0 24 0 0 0 1 0 118 0 0 0 0 0 5 1 0 0 0 1 0 4 12 5 0 444 8 0 0 103 0 0 0 34 0 0 94 7 175 0 12 0 0 0 3 2 33 50 119 1 0 1 1 0 4 8559 0 0 2 0 2 4 1 0 0 0 1 0 0 0 0 4 0 0 0 0 0 0 0 0 31 739 31 122 0 0 0 0 8 0 0 0 0 18 21 16 1 0 0 0 0 10 4 0 0 0 0 1 0 12 425 3 3 531 0 29 0 0 0 8 1 0 60 100 1 1 3 0 0 0 0 3 0 0 0 2 13 0 0 3 6 0 0 0 1 0 0 0 0 0 7 11 1 53 0 0 5 47 0 2 346 304 0 0 1 0 0 0 2 1 20 1 0 0 0 0 0 0 0 7 0 0 1 0 0 1 0 6 25 1 0 0 0 0 0 0 0 1 0 0 0 2309 31 7 0 19 3 0 15 42 0 3 1 
83 19402 1 0 0 3 0 0 18 0 0 0 26 0 0 0 0 0 0 3 0 0 488 0 0 0 2 11 2 3 0 0 0 0 12 0 0 0 33 0 9 0 0 33 0 0 0 0 0 132 0 0 0 0 0 1 2 0 1 0 4 0 4 17 7 0 872 8 0 0 114 0 0 0 69 0 0 155 3 197 0 21 0 0 0 5 4 21 159 140 0 0 1 3 2 3 9656 0 1 1 0 1 6 0 0 0 0 0 0 0 1 0 7 1 0 0 0 0 1 0 1 49 779 15 130 1 0 0 0 6 0 0 0 0 11 29 13 0 0 0 0 0 18 10 1 0 0 0 1 1 20 768 4 2 838 0 24 0 0 0 9 8 0 60 194 0 0 6 0 0 0 0 8 0 0 0 0 18 0 0 4 3 1 1 0 1 0 0 0 0 0 5 8 0 111 0 0 6 87 0 1 539 280 0 0 1 0 0 0 0 0 11 2 0 1 0 0 0 0 0 13 0 0 0 1 1 2 0 4 10 0 0 0 0 1 0 0 0 1 0 1 0 2917 24 5 0 16 3 0 9 23 4 2 1 
84 19022 0 0 0 4 0 0 19 0 0 1 40 2 0 0 0 1 0 0 0 0 514 0 0 0 0 5 0 6 0 0 0 0 11 0 0 0 46 0 1 0 0 18 0 0 0 0 0 120 2 0 0 0 0 1 0 1 1 0 2 2 2 3 24 0 1046 6 0 0 72 0 0 0 96 0 0 230 1 169 0 10 0 0 0 0 2 27 197 94 5 0 0 4 2 2 7869 0 0 0 0 0 3 2 0 0 0 0 0 0 0 0 7 0 2 0 1 0 0 0 0 36 891 20 103 3 0 0 0 4 0 0 0 0 26 25 20 1 0 0 0 0 14 0 0 0 0 0 0 0 8 1127 6 2 1032 0 19 1 0 0 4 1 0 92 252 0 1 28 0 0 1 1 2 0 1 0 2 25 0 0 4 5 0 0 1 1 0 0 0 0 0 8 10 1 191 0 0 6 56 0 7 668 302 0 0 1 0 0 0 3 0 23 4 0 0 0 1 5 0 0 10 0 0 0 0 0 0 0 5 3 0 0 0 0 0 0 0 0 0 0 1 0 3171 12 5 0 22 6 0 15 28 11 0 1 
85 24965 1 0 1 1 1 1 16 0 0 0 36 0 0 0 0 1 0 2 0 0 864 0 0 0 0 4 0 0 0 0 0 0 4 0 0 1 78 0 6 1 0 27 1 0 1 0 0 109 1 0 0 0 0 2 0 0 2 0 3 0 4 4 34 0 1314 20 0 0 90 0 0 2 149 0 0 383 8 206 0 22 0 0 0 0 5 28 321 120 0 0 0 2 0 1 7246 0 0 0 0 0 2 0 0 1 0 1 0 0 1 0 1 0 0 0 0 0 0 0 2 40 1973 4 133 2 0 0 0 4 0 0 0 0 40 25 20 1 0 0 0 0 12 1 1 0 0 0 2 1 21 1744 13 0 1845 0 25 0 0 1 7 3 0 119 281 0 1 8 0 1 0 0 2 0 0 0 1 34 0 0 2 2 0 0 3 2 0 1 0 0 1 6 18 0 397 0 0 7 47 0 2 1044 549 0 0 2 0 0 0 1 0 52 3 0 1 0 0 1 0 0 8 0 0 0 0 1 0 0 8 2 0 0 0 0 2 0 0 1 3 0 0 0 5177 14 3 0 29 2 0 15 38 3 5 1 
86 27233 2 0 1 0 0 0 20 0 0 0 43 3 0 0 0 2 0 3 0 0 893 0 0 0 0 11 0 7 1 0 0 0 10 0 0 0 124 0 7 0 0 25 0 0 0 1 0 109 1 1 0 0 0 2 0 0 1 0 1 1 28 6 32 0 1383 14 0 0 86 0 0 0 195 0 0 536 7 179 0 11 0 0 0 2 7 16 409 97 3 0 0 1 0 2 6097 0 2 0 1 0 1 0 0 0 0 1 0 0 0 0 4 0 0 0 0 0 0 0 0 40 2855 12 88 4 0 0 0 7 0 0 0 0 76 23 6 0 0 0 0 0 17 2 1 0 0 0 1 3 12 2025 5 3 1893 0 35 0 0 0 9 3 0 217 366 0 0 22 0 0 0 0 6 0 0 0 0 63 0 0 2 5 1 0 2 3 0 1 0 0 0 7 23 0 348 0 0 0 66 0 6 1146 655 0 0 0 0 0 0 2 2 20 1 0 0 0 0 1 0 0 8 0 0 0 0 0 0 0 2 10 1 1 0 0 4 0 0 0 2 0 0 0 6635 8 6 0 30 4 0 7 28 0 0 1 
87 19379 3 0 1 0 0 0 11 0 0 1 40 1 0 0 0 2 0 0 0 0 569 0 0 0 0 5 0 4 0 0 0 0 2 0 0 0 140 0 2 1 0 17 0 0 0 0 0 62 0 0 0 0 0 2 0 0 0 0 0 1 16 0 31 0 834 7 0 0 60 0 0 0 126 0 0 354 2 81 0 9 0 0 0 0 4 10 323 81 1 0 0 0 0 4 3855 0 0 0 0 0 1 0 0 0 0 0 0 0 0 0 9 0 0 1 0 0 0 0 3 20 2455 14 70 3 0 0 0 2 0 0 0 0 46 13 4 0 0 0 0 0 5 2 0 0 0 0 2 1 10 1430 8 0 1634 0 38 0 0 0 1 3 0 192 237 1 0 9 0 0 0 0 2 0 0 0 0 49 0 0 1 2 0 0 2 0 0 0 0 0 0 9 4 0 239 0 0 1 30 0 0 887 555 0 0 1 0 0 0 0 1 14 1 0 0 0 0 1 0 0 6 0 0 0 0 0 3 0 2 4 0 0 0 0 0 0 0 0 0 0 0 0 4634 3 2 0 16 0 0 9 17 0 1 1 
88 20797 1 0 0 4 0 0 10 0 0 0 29 1 0 1 0 0 0 1 0 0 588 0 0 1 0 6 0 4 3 0 0 0 0 0 0 0 146 0 5 0 0 6 0 0 0 0 0 89 0 0 0 0 0 6 0 0 0 0 0 2 12 5 55 0 917 17 0 0 59 1 0 0 135 0 0 390 9 43 0 6 0 1 0 1 6 13 344 97 0 0 0 1 0 4 4210 0 1 0 0 0 2 0 0 0 0 0 0 0 0 0 14 0 0 0 0 0 0 0 0 17 2912 24 65 1 0 0 0 6 0 0 0 0 98 10 8 0 0 0 0 0 10 0 0 0 0 0 2 0 12 1531 12 1 1439 0 35 0 0 0 1 14 0 253 211 0 0 11 0 0 0 0 3 0 0 0 0 43 0 0 0 1 0 0 1 1 0 0 0 0 0 1 11 0 258 0 0 6 37 0 4 968 639 0 0 1 0 0 0 1 1 30 2 0 0 0 0 1 0 0 10 0 0 0 0 0 5 0 7 6 0 0 0 0 1 0 0 0 1 0 0 0 4763 12 6 0 15 1 0 8 14 3 3 2 
89 35376 0 1 0 2 0 0 17 0 0 0 47 1 0 0 0 2 0 1 0 0 940 1 0 1 0 7 0 2 1 1 0 1 10 0 0 0 270 0 5 0 1 7 0 0 0 0 0 165 0 0 0 0 0 9 0 0 1 0 1 1 3 3 141 0 1325 16 0 0 119 0 0 0 237 1 0 747 4 49 0 19 0 0 0 1 8 23 724 127 7 0 0 0 0 7 7335 0 0 1 0 1 3 0 0 0 0 0 0 0 0 0 8 1 0 0 0 0 0 0 0 12 5300 24 127 1 0 0 0 2 0 0 0 0 178 25 1 0 0 0 0 0 15 0 0 0 0 0 4 0 14 2645 3 1 1898 0 79 0 0 1 5 9 0 638 393 2 0 15 0 0 0 0 3 0 0 0 0 98 0 0 0 0 4 0 5 3 1 0 0 0 1 2 13 0 404 0 0 5 44 0 4 1643 1041 0 0 0 0 0 0 0 0 20 2 0 0 0 0 0 0 0 22 0 0 0 0 0 1 0 7 3 0 0 0 0 2 0 0 1 0 0 0 0 8187 8 2 0 19 1 1 3 10 0 0 0 
90 34021 0 0 0 3 0 1 15 0 0 0 47 2 0 0 0 4 0 1 0 0 1006 0 0 0 0 19 0 7 0 0 0 0 3 0 0 0 280 0 6 0 1 13 0 0 0 1 0 126 0 0 0 0 0 2 1 1 0 0 1 3 8 1 132 0 1315 9 0 0 144 0 0 7 229 0 0 719 3 27 0 28 0 1 0 0 11 20 1027 105 1 0 0 0 0 4 6997 0 0 0 0 0 9 0 0 0 1 0 0 0 1 1 19 0 0 0 0 0 0 0 2 16 5378 16 144 2 0 0 0 0 0 0 0 0 172 19 4 0 0 2 0 0 10 1 0 0 0 0 1 1 16 2304 0 0 1561 0 49 0 0 0 13 3 0 587 351 4 0 4 0 0 0 0 7 0 1 0 0 71 0 0 0 5 0 0 3 6 0 0 0 0 0 0 9 0 276 0 0 9 52 0 5 1643 923 0 0 0 0 0 0 1 1 48 0 0 2 0 0 1 0 0 8 0 0 0 0 0 24 0 12 1 0 0 0 0 1 0 0 1 2 0 0 0 7812 5 9 0 21 3 0 10 5 2 5 4 
91 33198 1 0 0 2 0 1 23 0 0 0 54 0 0 0 0 0 0 1 0 1 1566 0 0 0 0 19 0 4 1 0 0 0 11 0 0 0 248 0 9 0 0 18 0 0 0 0 0 153 0 0 0 0 1 4 0 4 1 0 3 2 8 3 99 0 1282 12 0 0 153 1 0 7 214 0 0 641 3 17 0 17 0 0 0 0 10 21 661 140 1 0 1 1 4 3 7372 0 1 0 0 0 7 0 0 0 0 0 0 0 5 0 4 0 0 3 0 0 0 0 1 9 5269 24 238 2 0 0 0 0 0 0 0 0 197 37 6 0 0 0 1 0 14 1 0 0 0 0 0 7 13 2153 2 3 1573 0 50 0 0 1 5 2 0 449 338 2 0 8 0 0 0 0 5 0 0 0 1 96 0 0 1 0 0 0 4 9 0 1 0 0 0 0 8 0 251 0 0 4 56 0 5 1720 703 0 0 1 0 0 0 1 2 33 2 0 0 0 0 0 0 0 2 0 0 0 0 0 1 0 11 1 0 0 0 0 1 0 0 0 0 0 1 0 6996 6 4 0 15 3 2 5 3 2 3 0 
92 33647 1 0 0 1 1 0 30 0 0 0 85 1 0 0 0 1 0 0 0 0 1652 0 0 0 0 19 0 8 0 0 0 0 25 0 0 0 175 0 10 1 1 24 0 0 1 0 0 154 7 0 0 0 0 2 0 2 0 0 1 1 9 2 91 0 1363 15 0 0 178 0 0 1 220 0 0 636 2 14 0 30 0 1 0 0 9 29 514 147 2 0 1 0 1 2 8527 0 1 0 1 0 3 0 0 1 1 0 0 0 1 0 15 0 0 2 0 0 0 0 1 2 4902 17 227 0 0 0 0 9 0 0 0 0 125 33 13 1 0 0 0 0 17 2 1 0 0 0 2 0 9 2227 3 2 1601 0 46 0 0 1 5 1 0 383 360 1 0 5 0 0 4 0 0 0 0 0 0 76 0 0 1 1 3 0 3 6 1 0 0 0 0 2 15 1 249 0 0 11 57 0 9 1568 822 0 0 3 0 0 0 0 2 20 0 0 0 0 0 2 0 0 1 0 0 0 0 1 0 0 4 4 0 0 0 0 0 0 0 0 1 0 0 0 6693 7 13 0 4 2 0 17 6 2 0 6 
93 36464 0 0 0 0 0 2 35 0 0 0 92 1 0 0 0 0 0 0 0 0 1220 0 0 1 0 15 0 2 2 0 0 0 28 0 0 0 185 0 10 0 0 38 0 0 0 1 0 137 2 0 0 0 0 4 0 3 0 0 1 1 6 1 120 0 1502 13 0 0 169 0 0 0 222 0 1 744 0 18 0 21 0 0 0 1 3 16 585 125 0 0 0 4 0 5 8578 0 0 0 0 0 3 2 0 0 0 0 0 0 1 0 18 0 0 1 0 0 0 0 0 3 4985 8 159 7 0 0 0 3 0 0 0 0 134 23 11 0 0 0 0 0 20 2 0 0 0 0 0 3 11 2396 0 2 1863 0 84 0 0 0 8 3 0 372 515 1 0 7 0 0 0 0 2 0 0 0 0 89 0 0 0 2 1 0 3 5 0 0 0 1 0 0 7 0 366 0 0 12 56 0 7 1692 921 0 0 2 0 0 0 0 0 18 0 0 1 0 0 2 0 0 1 0 0 0 0 0 0 0 6 4 1 0 0 0 0 0 0 0 3 0 0 0 8611 19 10 0 8 0 0 26 6 1 0 2 
94 38504 0 0 0 0 0 1 23 0 0 0 69 0 0 0 0 1 0 0 0 0 1352 0 0 0 0 8 0 2 0 0 0 0 5 0 0 0 192 0 0 1 0 26 0 0 0 1 0 142 0 0 0 0 0 1 0 0 0 0 0 2 4 0 176 0 1597 17 0 0 137 1 0 0 228 0 0 904 0 36 0 11 0 0 0 0 4 7 615 107 0 0 0 0 0 2 6882 0 0 0 1 0 3 2 0 0 0 0 0 0 0 0 16 0 0 0 0 0 1 0 0 6 5386 32 134 3 0 0 0 1 0 0 0 0 186 25 3 0 1 0 0 0 9 2 0 0 0 0 1 1 13 2865 4 0 2007 0 82 0 0 0 8 0 0 329 1082 2 0 7 0 0 0 0 1 0 0 0 0 112 0 0 1 2 0 0 1 1 1 0 0 0 0 1 9 0 433 0 0 7 51 0 1 1804 1059 0 0 1 0 0 0 4 0 16 0 0 0 0 0 1 0 0 2 0 0 0 0 0 0 0 2 0 3 0 0 0 2 0 0 1 1 0 0 0 10144 25 12 0 0 0 0 11 8 0 3 1 
95 38834 0 0 0 0 0 1 19 0 0 0 47 0 0 0 0 1 0 0 0 0 1519 0 0 1 0 21 0 1 0 0 0 0 3 0 0 0 228 0 4 0 2 18 0 0 0 0 0 80 0 0 0 0 0 2 0 0 1 0 0 2 0 4 167 0 1711 10 0 0 121 0 0 1 270 0 0 644 0 59 0 12 0 0 0 0 5 4 539 72 0 0 0 0 0 1 3979 0 1 0 1 0 0 0 0 0 0 0 1 0 0 0 8 0 1 2 0 0 1 0 0 6 5474 49 110 1 0 0 0 7 0 0 0 0 183 17 1 0 0 0 0 0 6 6 0 0 0 0 1 1 30 3154 3 0 2172 0 86 0 0 1 2 0 0 369 798 0 0 16 0 1 0 0 0 0 0 0 0 109 0 0 0 3 0 0 2 2 0 0 0 0 0 0 8 0 501 0 0 1 30 0 1 1971 1348 0 0 0 1 0 0 1 0 5 0 0 0 0 0 0 0 0 1 0 0 0 0 0 0 0 3 1 0 1 0 0 4 1 1 0 3 0 0 0 12694 23 8 0 2 2 1 12 19 1 1 0 
96 42515 0 0 0 0 0 2 17 0 1 0 33 0 0 0 0 2 0 0 0 0 1724 1 0 0 4 8 0 1 0 0 0 0 9 0 0 1 260 0 0 0 0 17 0 0 0 0 0 62 1 0 0 0 0 0 0 0 0 0 0 0 3 4 111 0 1985 11 0 0 53 2 0 0 256 0 0 1103 0 75 0 1 0 0 0 0 3 0 537 32 1 0 0 0 0 0 2028 0 2 0 0 0 1 0 0 0 0 0 0 0 1 0 0 0 0 1 0 0 0 0 0 8 6029 5 59 2 0 0 0 2 0 0 0 0 209 5 1 0 0 0 0 0 1 3 0 0 0 0 1 0 19 3839 4 0 2865 0 78 0 0 0 0 0 0 388 807 2 0 13 0 0 0 0 1 0 0 0 0 113 0 0 1 7 0 1 0 0 0 0 0 0 0 2 6 0 451 0 0 1 9 0 1 2192 1470 0 0 0 0 0 0 5 1 2 0 4 0 0 0 0 0 0 2 0 0 0 1 2 0 0 5 0 0 0 0 0 1 0 0 0 1 0 0 0 15457 32 8 0 3 1 0 8 17 1 0 0 
97 43029 1 0 1 0 0 2 3 0 0 1 54 0 0 0 0 2 0 0 0 0 1830 3 0 0 0 3 0 0 0 0 0 0 7 0 0 0 285 0 0 0 1 9 0 0 0 0 0 49 0 0 0 0 0 1 0 0 0 0 1 1 0 3 107 0 1898 20 0 0 24 0 0 0 289 0 0 917 0 66 0 10 0 0 0 1 0 3 755 13 2 0 0 0 0 1 951 0 0 1 0 1 0 2 0 0 0 0 0 0 0 0 1 0 0 0 1 0 0 0 0 21 6626 1 42 3 0 0 0 2 0 0 0 0 232 2 3 0 0 0 0 0 3 10 0 0 0 0 2 0 5 3582 7 1 3048 0 73 0 0 0 1 0 0 458 749 0 0 10 0 0 0 0 1 0 0 0 0 117 0 0 0 3 4 0 1 0 0 0 0 0 0 5 3 0 317 1 0 0 18 0 0 2176 1784 0 0 0 0 0 0 1 2 9 0 3 0 0 0 0 0 0 1 0 0 0 0 1 0 0 1 0 1 0 0 0 0 0 0 0 0 0 0 1 16302 19 1 0 13 0 0 4 18 0 0 0 
98 45806 0 1 0 0 0 0 3 0 0 2 44 0 0 0 0 1 0 0 0 0 1422 0 0 0 0 4 0 0 0 0 0 0 0 0 0 0 332 0 0 0 0 16 0 0 0 0 1 34 0 0 0 0 0 0 2 0 0 0 0 0 0 5 111 0 1820 15 0 0 15 0 0 0 249 0 0 1031 1 59 0 10 0 0 0 0 2 0 747 18 0 0 0 0 0 2 438 0 0 0 0 0 0 0 0 0 0 0 0 0 0 0 0 0 0 1 0 0 0 0 0 14 7168 0 12 2 0 0 0 0 0 0 0 0 298 2 0 0 0 0 0 0 1 2 0 0 0 0 0 0 3 4039 7 0 3256 0 73 0 0 0 1 0 0 507 550 0 0 13 0 0 0 0 2 0 0 0 0 94 0 0 0 9 0 0 0 0 0 0 0 0 0 3 0 0 369 0 0 0 28 0 0 2939 2113 0 0 0 0 0 0 3 0 5 0 0 0 0 0 1 0 0 0 0 0 0 0 0 0 0 5 1 0 0 0 0 0 0 0 0 0 0 0 0 17826 22 0 0 10 1 0 5 25 0 0 0 
99 41417 0 1 0 1 0 1 2 0 0 0 27 0 0 0 0 2 0 0 0 0 898 0 0 0 0 3 0 0 0 0 0 0 2 0 0 0 381 0 0 0 0 7 0 0 0 0 0 30 0 0 0 0 0 0 1 0 1 0 1 2 1 4 105 0 1638 15 0 0 6 1 0 0 340 0 0 1077 1 86 0 2 0 0 0 0 1 2 700 17 2 0 0 0 0 3 427 0 0 0 0 0 0 0 0 0 0 0 0 0 0 0 0 0 0 1 1 0 0 0 0 27 8941 0 23 0 0 0 0 1 0 0 0 0 369 1 1 0 0 0 0 0 2 3 0 0 0 0 0 0 1 3849 10 0 2210 0 105 0 0 0 1 0 0 526 310 1 0 6 0 0 0 0 2 0 1 0 0 138 0 0 0 14 0 0 0 0 0 0 0 0 0 7 0 0 355 0 0 0 10 0 0 2770 1977 0 0 0 0 0 0 2 2 6 0 0 0 0 0 0 0 0 1 0 0 0 0 0 0 0 1 0 0 0 0 0 1 0 0 0 1 0 0 0 13870 15 1 0 13 0 0 5 22 0 2 1 
100 34379 0 0 0 2 0 0 3 0 0 0 16 0 0 0 0 0 0 1 0 0 595 2 0 0 0 16 0 0 0 0 0 0 2 0 0 0 359 0 3 0 0 16 0 0 0 1 0 18 0 0 0 0 0 0 0 0 0 0 0 0 0 0 164 0 1243 1 0 0 10 1 0 0 258 0 0 990 1 92 0 3 0 0 0 0 2 9 614 35 0 0 0 0 2 0 679 0 0 2 0 0 2 0 0 0 0 0 0 0 0 0 1 0 0 1 0 0 0 0 0 34 9855 5 19 2 0 0 0 1 0 0 0 0 393 9 2 0 0 0 0 0 4 5 0 0 0 0 0 0 2 3316 9 0 1003 0 91 0 0 0 2 0 0 545 150 6 0 11 0 0 0 0 0 0 0 0 0 126 0 0 1 9 1 0 1 0 0 0 1 0 0 4 1 0 270 0 0 0 10 0 0 2374 1338 0 0 0 0 0 0 1 0 8 0 0 0 0 0 1 0 0 4 0 0 0 0 0 0 0 1 2 0 0 0 0 0 1 0 0 0 0 0 0 9530 14 1 0 23 2 0 0 24 0 0 5 
101 24783 0 1 0 0 0 1 3 0 0 0 15 0 0 0 0 3 0 0 0 0 241 1 0 0 0 8 0 0 1 0 0 0 4 0 0 0 312 0 0 0 0 14 0 0 0 0 0 16 0 0 0 0 0 0 0 0 0 0 0 0 0 2 104 0 712 4 0 0 5 0 0 0 196 0 0 551 1 102 0 3 0 0 0 0 1 18 388 45 1 0 1 0 1 3 2047 0 0 0 0 0 2 0 0 0 0 0 0 0 0 0 0 0 2 0 0 0 0 0 1 25 7995 4 42 0 0 0 0 5 0 0 0 0 350 7 2 1 0 0 0 0 3 5 0 0 0 0 0 0 4 1845 3 1 448 0 68 0 0 0 2 1 0 473 90 0 0 0 0 0 0 0 3 0 0 0 0 78 0 0 0 7 0 0 0 1 0 0 0 0 0 12 9 0 234 0 0 2 20 0 0 2005 761 0 0 1 0 1 0 3 0 20 0 0 0 0 0 0 0 0 2 0 0 0 0 0 0 0 5 1 0 0 0 0 0 2 0 0 0 0 0 0 5348 22 4 0 22 0 0 2 18 0 3 0 
102 15756 10 0 0 1 1 0 5 0 0 0 11 0 0 0 0 0 0 0 0 0 175 0 0 0 0 11 0 0 1 0 0 0 31 0 0 1 217 0 7 0 0 15 0 0 0 0 0 29 0 1 0 0 0 0 1 0 0 0 0 0 1 20 63 0 285 5 0 0 29 0 0 0 108 0 0 268 1 108 0 8 0 2 0 0 3 16 196 72 0 0 0 1 3 4 3866 0 1 0 0 0 1 0 0 0 0 1 1 0 0 0 1 0 1 0 0 0 0 0 0 34 4154 73 67 0 0 0 0 3 0 0 0 0 111 12 3 0 0 0 0 0 14 11 0 0 0 0 0 1 11 744 5 0 389 0 65 0 0 0 6 1 0 262 28 1 0 2 0 0 0 0 3 0 0 0 2 18 0 0 0 3 1 0 0 1 0 0 0 0 0 3 6 1 59 0 0 5 26 0 0 920 397 0 0 2 0 1 0 0 0 13 1 0 1 0 0 0 0 0 4 0 0 0 0 0 0 0 7 3 0 0 0 0 2 0 0 0 0 0 0 0 2617 12 3 0 26 4 0 1 17 0 3 4 
103 12304 1 0 1 3 3 0 7 0 0 0 1 0 0 0 0 0 0 1 0 0 166 0 0 0 0 21 0 2 4 0 0 0 18 0 0 0 95 0 5 0 0 21 0 0 0 0 0 85 0 0 0 0 0 3 0 0 1 0 1 0 4 2 23 0 246 9 0 0 45 1 0 0 48 0 0 138 2 137 0 13 0 1 0 7 4 22 96 78 2 0 0 0 1 3 5467 0 0 0 0 0 0 1 0 0 0 0 0 0 0 0 3 0 2 0 0 0 0 0 0 22 2070 62 92 0 0 0 0 1 0 0 0 0 75 24 2 0 0 0 0 0 10 3 0 0 0 0 1 0 9 338 7 2 212 0 23 0 0 0 9 2 0 173 73 0 1 0 0 0 0 0 2 0 0 0 1 5 0 0 0 5 0 0 2 1 0 0 0 0 0 1 13 0 33 0 0 2 41 0 1 496 198 0 0 2 0 0 0 1 0 11 1 0 0 0 0 0 0 0 4 0 0 0 0 0 0 0 8 8 0 0 0 0 1 0 0 0 4 0 0 0 1376 25 3 0 14 0 1 11 20 0 1 0 
104 10827 0 0 0 2 0 0 15 0 0 0 2 0 0 0 0 0 0 1 0 0 389 0 0 1 0 13 1 2 1 0 0 0 6 0 0 0 40 1 4 0 0 31 0 0 0 0 0 95 0 0 0 0 1 6 0 0 0 0 1 0 7 1 19 0 228 7 0 0 62 0 0 0 24 0 0 62 5 114 0 9 0 1 0 1 3 14 55 101 2 0 0 0 1 0 6019 0 2 0 0 0 7 0 0 1 0 1 0 0 1 0 1 0 0 0 0 0 0 0 0 18 768 20 94 1 0 0 0 3 0 0 0 0 34 26 3 0 0 0 0 0 5 2 0 0 0 0 1 0 8 184 4 0 170 0 18 0 0 1 14 1 0 78 105 2 0 0 0 0 0 0 2 0 0 0 1 2 0 0 2 10 3 0 0 3 0 0 0 0 0 5 7 0 27 0 0 4 52 0 0 303 106 0 0 1 0 0 0 1 0 13 1 0 0 0 0 1 1 1 10 0 0 0 0 0 3 0 4 4 0 0 0 0 0 0 0 0 0 0 0 0 1242 22 3 0 18 1 0 4 32 1 2 1 
105 13638 0 0 0 2 0 0 8 0 0 0 3 0 0 0 0 0 0 2 0 0 542 0 0 0 0 23 0 2 11 0 0 0 7 0 0 0 18 0 10 0 0 33 0 0 0 1 0 102 0 0 0 1 0 1 0 0 1 0 1 0 2 6 15 0 530 4 0 0 56 0 0 0 45 0 0 66 3 126 0 25 0 0 0 9 2 20 70 99 0 0 0 0 1 4 6481 0 0 0 0 0 4 0 0 0 0 0 1 0 1 0 1 0 0 0 0 0 0 0 1 28 533 29 137 0 0 0 0 2 0 0 0 0 18 19 4 2 0 0 0 0 11 5 0 0 0 0 1 1 13 299 2 1 499 0 16 0 0 0 4 1 0 46 285 0 0 1 0 2 0 0 3 0 0 0 0 3 1 0 0 11 1 0 4 0 1 0 0 0 0 7 16 0 74 0 0 3 37 0 4 329 224 0 0 0 0 0 0 2 0 16 1 0 3 0 0 2 0 0 9 0 0 0 0 0 0 0 8 0 0 0 0 0 1 0 1 0 1 0 0 0 2455 38 3 0 21 3 1 10 29 7 0 1 
106 19061 0 1 0 1 1 0 11 0 0 0 24 0 0 0 0 0 0 2 0 0 532 0 0 1 0 18 0 0 4 2 0 0 7 0 0 1 24 0 8 1 0 16 0 0 1 0 0 92 1 0 2 0 1 0 0 0 0 0 0 0 7 5 12 0 972 10 0 0 48 1 0 2 84 0 0 122 3 165 0 14 0 0 0 0 3 23 125 125 0 0 0 0 3 3 6596 0 1 0 0 0 3 0 0 0 0 0 0 0 1 1 4 0 3 0 1 0 0 0 2 21 635 27 125 1 0 0 0 1 0 0 0 0 16 16 13 0 0 0 0 0 6 7 0 0 0 0 2 0 20 990 1 0 1360 0 21 0 0 0 8 0 0 36 459 0 0 43 0 0 0 0 1 0 0 0 0 8 0 0 2 8 1 0 0 0 0 0 0 2 0 4 6 0 185 0 0 8 48 0 6 606 481 0 0 2 0 0 0 2 0 16 1 0 1 0 0 1 0 0 5 0 0 0 0 0 0 0 0 8 0 0 0 0 1 0 0 0 0 0 0 0 4677 15 4 0 11 4 2 11 27 1 2 0 
107 23974 0 1 0 0 1 0 11 0 0 0 20 0 0 0 0 0 0 2 0 0 638 0 0 0 0 20 0 4 0 0 0 0 1 0 0 0 68 0 8 2 0 35 0 0 0 0 0 92 1 0 0 1 0 7 0 0 1 0 1 0 9 10 62 0 1206 14 0 0 50 0 0 0 204 0 0 284 1 163 0 4 0 0 0 0 6 26 364 96 0 0 0 0 0 4 6720 0 0 0 1 0 1 1 0 0 0 0 0 0 1 0 33 0 1 2 0 0 0 0 1 31 1413 29 151 0 0 0 0 5 0 0 0 0 23 20 2 0 0 0 0 0 12 4 3 0 0 0 0 0 19 1904 8 1 2271 0 40 0 0 0 24 0 0 102 542 0 0 9 0 0 0 0 1 0 0 0 0 25 0 0 2 4 1 0 2 1 0 0 0 0 0 9 9 0 345 0 0 5 31 0 0 860 638 0 0 0 0 0 0 2 1 14 2 0 0 0 0 1 1 0 5 0 0 0 0 1 0 0 2 3 1 0 0 0 0 0 0 0 0 0 0 0 5103 14 4 0 19 3 0 22 26 0 2 3 
108 27287 0 0 0 2 0 0 18 0 0 1 75 2 0 0 1 0 0 0 0 0 781 0 0 0 0 12 1 1 0 0 0 0 11 0 0 0 130 0 6 1 0 27 0 0 0 0 0 121 1 0 0 0 0 2 1 1 1 0 1 1 12 10 62 0 1405 24 0 0 71 1 0 0 266 0 0 416 6 165 0 26 0 1 0 0 8 19 502 120 2 0 0 0 0 3 6213 0 0 0 0 0 2 2 0 0 0 2 0 0 1 0 1 0 0 0 0 0 0 0 1 37 2729 7 93 2 0 0 0 2 0 0 0 0 56 11 6 0 0 0 0 0 12 2 0 0 0 0 0 3 12 2305 13 1 2099 0 32 0 0 0 10 1 0 239 536 2 0 28 0 0 1 0 0 0 0 0 0 59 0 0 1 7 0 0 0 0 0 0 0 0 0 3 11 0 402 0 0 1 66 0 5 1136 700 0 0 1 0 2 0 3 3 10 3 0 0 0 0 1 0 0 5 0 0 0 0 0 2 0 4 7 0 0 0 0 2 0 0 0 1 0 0 0 5937 26 6 0 22 2 1 13 24 10 0 2 
109 29687 0 1 1 2 0 1 34 0 0 1 80 2 0 0 0 1 0 0 0 0 848 0 0 0 0 12 2 3 1 0 0 0 5 0 0 0 226 0 8 0 1 26 0 0 0 0 1 107 0 0 0 0 0 2 1 1 2 0 1 2 8 14 73 0 1497 27 0 0 56 2 1 0 280 0 0 478 0 172 0 12 0 0 0 22 5 15 597 115 2 0 1 0 0 2 6324 0 1 0 0 0 0 1 1 0 0 0 0 0 1 0 1 0 0 0 0 0 0 0 0 21 4046 9 86 1 0 0 0 2 0 0 0 0 81 17 10 0 0 0 0 0 9 3 0 0 0 0 0 1 16 2455 4 0 1986 0 47 0 0 0 12 3 0 297 446 1 1 39 0 0 0 0 7 0 0 0 0 80 0 0 1 5 0 0 2 2 0 0 0 0 0 10 9 0 407 0 0 6 54 0 3 1416 739 0 0 1 0 0 0 1 4 7 1 0 0 0 1 1 0 0 12 0 0 0 0 0 1 0 9 7 0 0 0 0 5 0 0 0 1 0 0 0 6107 17 12 0 10 1 0 16 34 1 1 0 
110 31074 0 0 1 0 0 0 18 0 0 0 63 0 0 0 1 0 0 1 0 0 949 0 0 0 0 21 0 2 0 1 0 0 10 0 0 0 228 0 3 1 0 35 0 0 0 0 0 110 0 0 0 1 0 4 0 0 2 0 2 0 5 3 62 0 1463 17 0 0 48 1 0 0 266 0 0 540 0 137 0 8 0 0 0 48 4 20 568 75 3 0 0 0 0 6 5807 0 0 0 1 0 1 0 0 4 0 0 0 0 0 0 1 0 0 0 0 0 0 0 0 33 4887 29 102 1 0 0 0 2 0 0 0 0 134 14 17 0 0 0 0 0 16 2 1 0 0 0 1 0 22 2562 9 0 1762 0 59 0 0 1 11 0 0 269 523 0 0 44 0 0 0 0 5 0 0 0 2 115 0 0 2 7 3 0 6 0 0 0 0 0 0 7 5 0 394 0 0 0 61 0 0 1399 910 0 0 0 0 0 0 3 1 16 0 0 0 0 0 4 1 0 10 0 0 0 0 1 0 0 1 3 0 0 0 0 1 0 2 0 1 0 0 0 6983 10 3 0 14 2 1 13 30 1 3 4 
111 31698 1 0 0 5 0 1 23 0 0 0 60 0 0 0 0 0 0 2 0 0 954 2 0 0 0 10 0 2 0 0 0 0 7 0 0 0 254 0 6 0 1 30 0 0 0 0 0 112 2 0 0 0 0 2 0 2 2 0 2 1 2 10 62 0 1434 17 0 0 52 0 0 0 238 0 0 559 0 107 0 22 0 0 0 1 1 23 627 98 0 0 0 0 0 6 5164 0 0 0 0 0 8 1 0 0 0 0 0 0 0 0 0 0 0 0 0 0 0 0 0 33 5476 54 56 3 0 0 0 9 0 0 0 0 128 19 32 0 0 0 0 0 9 0 0 0 0 0 0 0 12 2381 12 0 1870 0 45 0 0 1 2 2 0 291 494 1 0 33 0 0 0 0 7 0 0 0 1 104 0 0 1 10 1 0 4 0 0 0 0 0 0 5 9 0 315 0 0 3 50 0 2 1462 902 0 0 0 0 1 0 3 2 13 1 0 0 0 0 2 0 0 8 0 0 1 0 0 0 0 6 3 1 0 0 0 0 1 1 0 3 0 0 0 7832 2 7 0 13 2 1 6 24 1 0 3 
112 32888 0 1 0 6 0 0 19 0 0 1 39 0 0 0 0 3 0 1 0 0 891 0 0 0 0 15 1 1 1 0 0 0 22 0 0 0 305 0 17 0 0 16 0 0 0 1 0 84 0 0 0 0 0 2 1 2 0 0 0 0 7 5 56 0 1491 11 0 0 67 0 0 0 290 0 0 600 1 77 0 19 0 0 0 8 3 15 551 129 2 0 0 2 0 9 5394 0 0 0 0 0 0 0 0 0 0 1 0 0 0 0 9 0 1 0 0 0 0 0 1 22 5601 26 123 1 0 0 0 13 0 0 0 0 140 15 4 0 0 0 0 0 8 0 0 0 0 0 1 2 17 2354 7 2 1784 0 54 0 0 1 16 1 0 302 507 0 0 14 0 1 0 0 3 0 0 0 0 76 0 0 2 4 0 0 1 2 1 0 0 0 0 4 17 0 278 0 0 3 40 0 2 1533 976 0 0 1 0 0 0 1 1 34 0 0 0 0 0 2 0 0 2 0 0 0 0 1 0 0 11 3 0 0 0 0 1 1 0 0 0 0 0 0 8610 7 3 0 20 2 0 10 15 3 2 3 
113 32806 0 1 1 3 0 0 22 0 0 0 49 0 0 0 0 2 0 0 0 0 830 0 0 0 0 5 0 2 1 0 0 0 10 0 0 0 311 0 5 0 0 10 0 0 0 1 0 146 0 0 0 1 1 1 0 0 0 0 2 3 15 1 76 0 1637 7 0 0 59 0 0 3 255 0 0 810 3 40 0 9 0 0 0 1 2 23 698 115 1 0 0 0 0 6 5709 0 0 0 2 0 2 1 0 0 0 0 0 0 0 0 24 0 3 0 0 0 0 0 1 20 5617 20 134 2 0 0 0 3 0 0 0 0 235 27 4 0 0 0 0 0 8 4 0 0 0 0 2 0 12 2390 7 0 1761 0 48 0 0 0 2 0 0 342 439 1 0 13 0 0 0 0 4 0 0 0 1 106 0 0 1 3 2 0 2 0 0 1 0 1 0 2 8 1 365 0 0 2 58 0 2 1499 836 0 0 1 0 0 0 3 1 28 1 0 0 0 0 0 0 0 6 0 0 0 0 0 2 0 5 0 0 0 0 0 2 0 1 1 2 0 0 0 7791 7 4 0 11 2 0 9 13 3 3 2 
114 32136 0 2 0 0 0 1 8 0 0 1 38 0 0 1 0 1 0 1 0 0 1101 2 0 0 0 7 0 3 0 0 0 0 9 0 0 0 394 0 10 0 0 5 0 0 0 0 0 136 3 1 0 0 0 2 0 0 0 0 1 2 3 1 65 0 1537 8 0 0 97 0 0 9 221 0 0 599 6 34 0 21 0 1 0 0 6 31 584 122 1 0 1 0 0 9 6468 0 0 0 0 0 2 0 0 0 0 0 1 0 0 0 5 0 0 0 0 0 0 0 1 17 5535 33 116 3 0 0 0 6 0 0 0 0 196 24 13 0 0 0 0 0 20 5 0 0 0 0 4 2 22 2208 4 1 1704 0 63 0 0 0 7 3 0 394 401 0 0 8 0 1 0 0 3 0 0 0 0 98 0 0 1 3 3 0 1 2 0 1 0 0 0 0 8 0 365 0 0 8 40 0 2 1632 824 0 0 2 0 0 0 0 1 30 0 0 0 0 0 4 0 0 6 0 0 0 0 1 2 0 8 4 0 0 0 0 0 0 0 0 3 0 0 0 6641 5 15 0 21 2 0 16 8 3 2 1 
115 32872 0 1 1 3 0 1 32 0 0 0 86 0 0 1 0 1 0 3 0 0 1132 1 0 0 0 12 0 3 1 0 0 0 7 0 0 0 254 0 4 1 0 4 0 0 0 1 0 145 2 0 0 4 0 6 1 0 2 0 3 0 5 3 100 0 1683 15 0 0 148 0 0 0 219 0 0 600 2 12 0 15 0 1 0 0 10 43 585 136 2 0 1 0 1 7 7375 0 0 0 0 0 1 0 0 1 0 0 0 0 1 0 8 0 0 1 0 0 0 0 1 4 5196 45 178 0 0 0 0 5 0 0 0 0 163 17 19 1 0 0 0 0 24 10 0 0 0 0 2 1 21 2240 3 0 1664 0 69 0 0 1 6 8 0 394 405 0 0 21 0 0 0 0 10 0 0 0 0 102 0 0 3 2 1 0 4 1 0 0 0 0 0 1 13 0 289 0 0 7 61 0 7 1606 756 0 0 3 0 0 0 0 2 31 3 0 0 0 0 4 0 1 1 0 0 0 1 0 0 0 9 5 0 0 0 0 1 1 0 0 2 0 0 0 6693 10 9 0 12 1 0 12 2 5 1 3 
116 34542 1 0 0 0 0 0 28 0 0 0 62 1 0 0 0 0 0 2 0 0 1109 1 0 0 0 14 0 6 1 0 0 0 24 0 0 0 232 0 2 0 1 7 0 0 0 0 2 163 3 0 0 2 0 4 0 1 1 0 2 1 10 0 55 0 1784 19 0 0 159 0 0 3 240 0 0 546 3 13 0 13 0 1 0 2 7 30 586 191 3 0 0 0 3 7 9068 0 0 0 0 0 7 3 0 1 0 0 0 0 1 0 12 0 0 0 0 0 0 0 0 12 4998 52 181 5 0 0 0 1 0 0 0 0 148 34 17 0 0 0 0 0 12 3 0 0 0 0 2 0 26 2123 0 2 1781 0 65 0 0 0 7 2 0 314 401 1 0 14 0 5 0 0 4 0 0 0 1 89 0 0 2 0 0 0 2 2 0 0 0 0 0 1 4 1 314 0 0 3 57 0 16 1617 829 0 0 1 0 0 0 0 4 28 0 0 0 0 0 2 0 0 3 0 0 0 0 0 1 0 3 8 0 0 0 0 0 1 0 0 6 0 0 0 6827 12 4 0 8 2 0 13 9 5 2 2 
117 37729 0 0 0 6 0 1 47 0 0 0 48 0 0 1 0 3 0 0 0 0 1193 1 0 0 0 14 0 1 0 0 0 0 17 0 0 0 247 0 5 1 1 47 0 0 0 0 1 210 0 0 0 1 0 1 1 1 2 0 6 2 6 1 74 0 1822 12 0 0 182 1 0 3 261 0 0 603 2 21 0 15 0 0 0 0 5 24 535 141 1 0 1 1 0 3 10739 0 1 0 0 0 3 2 0 0 0 0 0 0 2 0 6 0 0 0 0 0 2 0 0 7 5078 21 165 2 0 0 0 2 0 0 0 0 132 14 5 0 0 0 0 0 16 13 0 0 0 0 0 1 20 2218 2 2 1677 0 64 0 0 1 8 0 0 329 465 0 0 9 0 0 1 0 4 0 1 0 1 70 0 0 2 1 5 0 1 1 1 0 1 0 0 0 11 0 335 0 0 3 51 0 5 1572 867 0 0 0 0 0 0 0 1 15 0 0 1 0 0 1 0 0 3 0 0 0 0 1 0 0 8 4 0 0 0 0 1 0 0 2 3 0 0 0 8091 23 12 0 4 0 0 22 3 6 2 1 
118 39207 0 0 0 1 0 3 23 0 0 0 54 0 0 0 0 4 0 0 0 0 1611 2 0 0 0 5 0 6 0 0 0 0 2 0 0 0 233 0 2 1 1 33 0 0 0 0 0 206 0 0 0 0 0 2 0 0 1 0 2 2 8 1 86 0 2108 14 0 0 158 1 0 0 244 0 0 650 2 37 0 17 0 0 0 0 8 13 576 106 0 0 0 0 0 3 8916 0 0 0 0 0 2 1 0 0 0 0 0 0 2 0 2 0 0 2 0 0 4 0 0 10 5254 41 132 3 0 0 0 2 0 0 0 0 153 15 0 1 0 0 0 0 7 3 0 0 0 1 0 1 19 2602 2 2 1987 0 83 0 0 1 4 0 0 401 493 0 0 11 0 0 0 0 1 0 3 0 1 93 0 0 3 6 2 0 1 1 0 0 0 0 0 0 9 1 297 0 0 3 25 0 3 1775 1125 0 0 1 0 0 0 0 2 13 0 0 0 0 0 3 0 0 0 0 0 0 0 0 2 0 8 7 3 0 0 0 1 0 0 0 1 0 0 0 9367 7 6 0 2 0 0 20 4 12 1 1 
119 38862 1 0 1 1 0 3 13 0 0 0 45 0 0 0 0 1 0 0 0 0 2056 0 0 0 0 17 0 5 0 0 0 0 0 0 0 0 266 0 0 0 0 20 0 0 0 0 0 195 0 0 1 0 0 2 0 2 1 0 1 0 3 1 91 0 2121 10 0 0 130 1 0 10 229 0 0 718 0 48 0 8 0 0 0 2 7 7 549 49 1 0 0 0 0 2 5400 0 0 0 0 0 0 0 0 2 0 0 0 0 1 0 4 0 0 0 1 0 1 0 0 6 5116 41 104 5 0 0 0 2 0 0 0 0 180 20 5 0 0 0 0 0 4 5 0 0 0 0 0 0 10 2633 10 0 2277 0 72 0 0 0 0 0 0 514 505 0 0 6 0 0 0 0 0 0 1 0 0 89 0 0 0 1 0 0 4 1 0 0 0 0 0 2 9 0 387 0 0 4 20 0 7 2021 1466 0 0 0 0 0 0 0 1 2 0 0 0 0 0 0 0 0 2 0 0 0 0 1 0 0 1 8 2 0 0 0 0 0 0 0 4 0 0 0 11210 24 5 0 1 0 0 9 19 8 0 0 
120 38017 0 1 0 0 0 2 5 0 0 0 59 0 0 0 0 0 0 0 0 0 1733 1 0 0 0 5 0 1 0 0 0 0 5 0 0 0 210 0 2 0 0 18 0 0 0 0 0 108 0 0 0 0 0 1 0 1 0 0 2 1 3 4 103 0 2467 20 0 0 46 0 0 15 244 2 0 660 0 52 0 3 0 0 0 1 2 5 590 40 2 0 1 0 0 2 1894 0 0 0 0 0 3 0 0 1 0 0 0 0 0 1 1 0 0 0 0 0 0 0 0 12 5813 7 45 3 0 0 0 1 0 0 0 0 194 9 3 0 0 0 0 0 2 2 0 0 0 0 1 1 4 2994 5 0 2385 0 72 0 0 0 3 0 0 493 478 3 0 9 0 0 0 0 0 0 0 0 0 114 0 0 1 2 2 0 1 1 0 0 0 0 0 3 1 1 476 0 0 1 12 0 0 2052 1736 0 0 0 0 0 0 2 4 3 1 0 0 0 0 0 0 0 2 0 0 0 0 0 1 0 1 6 0 0 0 0 0 0 0 0 0 0 0 0 12685 13 2 0 1 3 0 5 12 2 1 0 
121 40697 0 0 0 0 0 1 2 0 0 0 77 0 0 0 0 1 0 0 0 0 1681 0 0 0 0 1 0 1 0 0 0 0 4 0 0 0 277 0 0 0 0 29 0 0 0 0 0 60 0 0 0 0 0 0 0 0 0 0 0 0 3 1 99 0 2175 19 0 0 14 3 1 0 272 0 0 793 0 82 0 0 0 0 0 0 2 4 672 9 3 0 0 0 0 1 909 0 0 1 0 0 0 0 0 0 0 0 0 0 0 0 0 0 0 2 0 0 0 0 0 10 6817 1 23 0 0 0 0 5 0 0 0 0 298 3 1 1 0 0 0 0 1 2 0 0 0 0 0 0 2 3391 4 0 2708 0 83 0 0 0 0 0 0 540 522 0 0 10 0 0 0 0 0 0 0 0 1 109 0 0 0 4 0 0 0 1 0 0 0 0 0 3 1 0 410 0 0 0 18 0 0 2066 2013 0 0 0 0 0 0 2 1 5 0 0 0 0 0 0 0 0 4 0 0 0 0 1 0 0 1 0 0 0 0 0 1 0 0 0 0 0 0 0 14356 17 6 0 7 0 0 21 16 1 1 0 
122 42482 7 0 0 0 0 1 2 0 0 0 74 0 0 0 1 0 0 0 0 0 1406 1 0 0 0 2 0 0 0 0 0 0 3 0 0 1 277 0 0 0 0 16 0 0 0 0 0 29 0 0 0 0 0 0 0 0 0 0 0 0 0 7 90 0 2317 15 0 0 8 1 0 0 335 0 0 891 3 95 0 6 0 0 0 0 2 7 713 11 2 0 0 0 0 0 508 0 0 0 0 0 0 0 0 1 0 1 0 0 0 0 0 0 0 1 0 0 0 0 0 10 7304 0 12 3 0 0 0 0 0 0 0 0 330 1 0 0 0 0 0 0 3 3 1 0 0 0 0 0 4 4206 3 0 2763 0 86 0 0 0 0 0 0 579 479 1 0 8 0 0 0 0 1 0 0 0 1 155 0 0 0 5 1 0 1 0 0 0 0 0 0 2 1 0 481 0 0 0 7 0 0 2135 2198 0 0 0 0 0 0 1 2 8 3 0 0 0 0 0 0 0 1 0 0 0 0 0 0 0 7 2 1 1 0 0 2 0 0 0 1 0 0 0 14754 23 7 0 11 0 0 7 24 1 0 0 
123 40191 20 1 0 1 0 1 0 0 0 1 30 0 0 0 0 2 0 1 0 0 924 0 0 0 0 6 0 0 0 0 0 0 4 0 0 1 340 0 0 0 0 24 1 0 0 0 0 9 0 0 0 0 0 1 1 0 0 0 0 0 0 7 152 0 1780 10 0 0 4 0 0 0 329 0 0 934 0 100 0 2 0 0 0 6 0 4 780 15 4 0 0 0 0 1 330 0 0 0 0 0 1 0 0 0 0 1 0 0 0 0 0 1 2 0 0 0 0 0 0 22 8199 1 10 0 0 0 0 2 0 0 0 0 487 0 0 0 0 0 0 0 1 5 2 0 0 0 0 0 1 4334 4 0 1871 0 91 0 0 1 0 0 0 667 273 5 0 3 0 0 0 0 0 0 0 0 0 129 0 0 0 5 0 0 0 0 0 0 0 0 0 4 2 0 467 0 0 0 11 0 0 2163 1823 0 0 0 0 0 0 0 4 2 1 0 0 0 0 0 0 0 3 0 0 0 0 1 0 0 4 2 0 0 0 0 0 0 0 0 0 0 0 0 13698 18 1 0 8 5 0 2 18 0 1 2 
124 32463 3 0 0 0 0 1 2 0 0 0 35 0 0 0 0 1 0 1 0 0 570 0 0 0 0 5 0 2 0 0 0 0 5 0 0 0 530 0 1 0 0 24 0 0 0 0 0 16 0 1 0 0 0 0 0 0 1 0 0 0 0 4 174 0 1092 9 0 0 4 0 0 0 258 0 0 918 0 108 0 1 0 0 0 0 0 12 718 17 3 0 0 0 1 6 673 0 0 0 0 0 0 0 0 0 0 1 0 0 0 0 1 0 0 0 0 0 0 0 0 26 9090 10 21 1 0 0 0 2 0 0 0 0 359 2 1 0 0 0 0 0 7 6 1 0 0 0 0 0 4 3552 5 0 1056 0 95 0 0 1 0 1 0 681 166 6 0 3 0 0 0 0 5 0 0 0 0 105 0 0 0 1 0 0 1 0 0 0 0 0 0 4 1 0 198 0 0 2 14 0 0 1795 1265 0 0 0 0 0 0 1 1 10 1 0 0 0 0 0 0 0 5 0 0 0 0 1 0 0 3 0 1 0 0 0 0 0 0 0 0 0 0 0 8695 13 1 0 16 4 0 2 11 1 1 1 
125 22229 3 1 0 1 0 0 5 0 0 0 15 0 0 0 0 2 0 0 0 0 241 0 0 0 0 6 0 2 0 0 0 0 11 0 0 1 307 0 2 0 1 18 1 0 0 0 0 18 0 0 0 0 0 0 1 0 0 0 0 0 1 4 90 0 737 10 0 0 4 0 0 0 208 0 0 495 2 152 0 4 0 0 0 0 2 19 444 41 1 0 0 0 0 2 2130 0 0 0 0 0 2 0 0 1 0 0 0 0 0 0 0 0 0 1 0 0 0 0 0 20 7139 3 39 0 0 0 0 3 0 0 0 0 237 3 1 0 0 0 0 0 7 10 1 0 0 0 1 0 9 1820 3 0 486 0 73 0 0 1 8 2 0 488 66 6 0 0 0 0 0 0 7 0 0 0 0 88 0 0 0 2 0 0 0 0 0 0 1 1 0 5 1 0 92 0 0 0 18 0 0 1326 715 0 0 5 0 0 0 2 0 7 3 0 1 0 0 0 0 0 0 0 0 0 0 0 0 0 6 2 0 0 0 0 0 0 0 0 1 0 0 0 4451 10 1 0 21 6 0 0 29 2 4 2 
126 14940 0 2 0 1 0 0 9 0 0 0 8 0 0 0 0 0 0 0 0 0 132 0 0 0 0 9 0 5 0 1 0 0 3 0 0 0 121 0 3 0 0 35 0 0 0 8 0 49 0 0 0 0 2 2 0 0 0 0 1 0 7 3 64 0 377 12 0 0 25 0 0 0 82 0 0 298 0 131 0 5 0 0 0 1 0 22 178 76 1 0 0 0 1 5 4274 0 0 0 0 0 1 0 0 0 0 0 0 0 0 0 0 1 0 0 0 0 0 0 0 29 3705 47 66 0 0 0 0 4 0 0 0 0 103 10 4 0 0 0 0 0 9 3 0 0 0 0 0 1 15 665 6 1 302 0 39 0 0 1 3 0 0 252 36 4 0 2 0 0 0 0 9 0 0 0 3 37 0 0 0 5 1 0 2 0 0 1 0 1 0 4 10 0 41 0 0 1 33 0 0 803 344 0 0 4 0 0 0 0 0 12 2 0 0 0 0 3 0 1 8 0 0 0 0 0 0 0 4 3 0 0 0 0 0 0 0 0 0 0 0 0 2259 16 6 0 29 4 0 3 18 0 2 1 
127 11992 0 1 0 4 0 0 9 0 0 0 1 0 0 0 0 0 0 1 0 0 152 0 0 0 0 10 0 3 0 0 0 0 3 0 0 0 37 0 6 0 0 23 0 0 0 0 0 79 0 0 0 0 0 1 0 0 0 0 0 0 3 4 16 0 251 15 0 0 44 0 0 0 37 0 0 104 2 143 0 11 0 0 0 0 1 21 70 88 1 0 1 0 2 0 6204 0 0 0 0 0 4 0 0 0 0 0 0 0 0 0 3 0 0 0 0 0 1 0 0 19 1716 59 83 0 0 0 0 4 0 0 0 0 33 12 3 1 0 0 0 0 11 9 1 0 0 0 1 2 21 319 4 0 150 0 16 0 0 0 15 2 0 142 51 0 0 0 0 0 0 0 9 0 0 0 0 7 0 0 0 5 1 0 3 0 0 0 0 0 0 4 2 0 27 0 0 3 28 0 0 440 147 0 0 2 0 0 0 6 0 6 2 0 0 0 0 2 0 0 7 0 0 0 0 0 1 0 6 1 0 0 0 0 0 1 0 0 1 0 0 0 1169 15 2 0 17 2 0 7 22 0 2 0 
128 11310 1 1 0 0 0 0 20 0 0 0 4 0 0 0 0 0 0 3 0 0 431 0 0 0 0 8 0 1 0 0 0 0 4 0 0 0 39 0 1 0 0 41 0 0 0 0 0 103 0 0 0 0 0 6 0 0 0 0 4 0 6 4 8 0 264 15 0 0 35 0 0 0 39 0 0 93 1 111 0 17 0 1 0 3 3 12 43 91 1 0 0 0 0 2 6570 0 1 0 0 0 3 0 0 0 0 1 0 0 0 0 4 0 1 0 0 0 0 0 1 31 699 2 127 0 0 0 0 5 0 0 0 0 25 21 4 0 0 0 0 0 7 3 2 0 0 0 1 1 10 185 6 0 186 0 7 0 0 0 8 0 0 72 103 0 0 3 1 0 0 0 14 0 0 0 0 9 0 0 2 2 0 0 0 0 0 0 0 0 1 4 8 0 29 0 0 5 45 0 1 325 128 0 0 0 0 1 0 2 2 15 0 0 0 0 0 1 0 0 5 0 0 0 0 0 1 0 8 3 0 0 0 0 0 0 2 1 0 0 0 0 1098 12 5 0 14 1 0 13 24 8 2 0 
129 14163 0 0 1 1 1 1 14 0 0 0 7 0 0 1 0 1 0 1 0 0 535 0 0 0 0 6 0 0 0 0 0 0 2 0 0 0 12 0 8 0 0 30 0 0 0 0 0 138 0 0 0 1 0 1 1 0 0 0 2 0 2 1 4 0 621 13 0 0 45 0 1 0 45 0 0 80 2 158 0 15 0 1 0 1 4 27 55 92 2 0 0 0 0 6 6812 0 0 0 0 0 5 0 0 0 0 0 0 0 0 0 1 0 0 0 0 0 0 0 1 20 457 13 116 0 0 0 0 8 0 0 0 0 6 14 4 0 0 0 0 0 12 4 0 0 0 0 1 0 11 381 6 0 607 0 18 0 0 0 4 0 0 27 331 0 2 2 0 0 0 0 16 0 0 0 0 6 0 0 0 3 2 0 3 0 0 0 0 1 0 1 5 0 57 0 0 0 63 0 10 330 229 0 0 0 0 0 0 3 1 19 1 0 0 0 0 2 0 0 6 0 0 0 0 0 1 0 1 10 0 1 0 0 2 0 0 2 2 0 0 0 2478 20 3 0 24 1 0 6 29 4 1 3 
130 19310 0 0 0 0 0 0 15 0 0 1 29 2 0 0 0 0 0 0 0 0 626 0 0 0 0 7 0 4 0 0 0 0 2 0 0 0 11 0 7 1 0 33 0 0 0 0 0 90 4 0 0 2 0 1 1 1 0 0 0 1 3 2 5 0 1073 9 0 0 62 0 0 0 67 0 0 133 2 168 0 6 0 0 0 0 5 18 143 101 0 0 0 0 0 4 6759 0 0 0 0 0 4 1 0 3 0 0 0 0 0 0 1 0 0 0 0 0 0 0 0 24 744 39 95 2 0 0 0 1 0 0 0 0 25 28 3 1 0 0 0 0 15 2 1 0 0 0 0 0 16 976 7 0 1310 0 25 0 0 1 5 1 0 37 410 2 0 0 0 1 0 0 14 0 0 0 3 19 0 0 0 4 3 0 1 1 0 0 0 0 0 6 10 0 195 0 0 4 35 0 2 749 397 0 0 1 0 0 0 4 3 10 5 0 2 0 0 6 0 1 6 0 0 0 0 2 0 0 3 5 0 0 0 0 4 0 0 0 0 0 0 0 4533 27 3 0 20 5 2 9 20 5 1 1 
131 24923 0 0 0 3 0 0 28 0 0 0 31 1 0 0 0 0 0 1 0 0 858 0 0 1 0 7 0 3 1 0 0 0 4 0 0 0 43 0 10 1 0 47 0 0 1 0 0 91 12 0 0 0 0 1 0 2 0 0 1 1 2 1 41 0 1451 12 0 0 74 0 2 0 178 1 0 302 2 154 0 15 0 0 0 0 4 16 381 94 0 0 0 0 0 3 6753 0 0 0 0 7 5 1 0 1 0 0 2 0 0 0 5 0 0 2 0 0 0 0 0 28 1389 22 111 3 0 0 0 7 0 0 0 0 58 31 2 0 0 0 0 0 7 3 0 0 0 0 0 1 10 1958 5 0 2186 0 27 0 0 0 7 0 0 108 543 0 0 29 1 1 0 0 8 0 0 0 1 20 0 0 0 1 0 0 3 1 0 0 0 0 0 4 9 0 359 0 0 4 40 0 4 1141 613 0 0 3 0 0 0 5 1 14 2 0 1 0 0 4 0 0 11 0 0 0 0 1 1 0 5 5 0 0 0 0 1 0 0 0 3 0 0 0 5358 22 14 0 8 2 0 12 29 2 4 1 
132 28832 0 2 0 2 0 1 22 0 0 0 76 1 0 0 0 1 0 1 0 0 793 0 0 0 0 18 0 4 5 0 0 0 6 0 0 0 95 0 10 0 0 23 0 0 0 0 0 114 2 0 0 2 1 0 0 0 4 0 0 0 15 3 64 0 1726 10 0 0 50 0 0 0 280 0 0 468 2 170 0 9 0 2 0 0 1 21 555 115 1 0 0 0 1 3 7257 0 1 0 0 2 4 1 0 3 0 1 0 0 0 0 24 0 1 0 0 0 1 0 3 41 2727 8 136 2 0 0 0 7 0 0 0 0 82 24 6 0 0 0 0 0 17 3 0 0 0 0 0 0 20 2288 11 0 1998 0 40 0 0 0 9 0 0 240 542 0 0 37 0 1 0 0 11 0 0 0 0 64 0 0 0 9 0 0 1 2 0 0 0 0 0 11 7 0 394 0 0 4 45 0 9 1252 787 0 0 3 0 0 0 2 0 12 5 0 0 0 0 0 0 0 2 0 1 0 0 0 1 0 4 3 0 0 0 0 0 0 0 0 3 0 0 0 5859 23 7 0 22 3 0 11 27 4 1 3 
133 30564 1 2 0 1 0 0 15 0 0 1 74 0 0 0 0 2 0 1 0 0 926 1 0 0 1 11 0 3 2 0 0 0 6 0 0 0 209 0 6 0 0 45 0 0 1 0 0 90 2 0 0 0 1 1 0 0 4 0 2 0 20 6 106 0 1750 15 0 0 60 0 0 0 277 0 0 560 5 168 0 6 0 0 0 0 3 17 675 104 1 0 0 0 0 2 6056 0 0 1 0 0 1 3 0 0 0 0 0 0 0 0 1 0 1 1 0 0 0 0 0 33 4143 13 113 4 0 0 0 6 0 0 0 0 104 22 3 0 0 0 0 0 7 0 0 0 0 0 0 0 23 2561 7 0 1980 0 59 0 0 0 17 0 0 268 542 0 0 42 0 0 0 0 12 0 0 0 0 89 0 0 0 7 1 0 2 1 0 0 1 0 0 3 6 0 423 0 0 4 31 0 3 1350 887 0 0 0 0 0 0 3 1 10 0 0 0 0 0 1 0 0 9 0 0 0 0 2 1 0 9 1 0 0 0 0 4 1 0 0 3 0 0 0 6395 14 6 0 19 4 0 15 31 3 4 0 
134 30755 0 0 0 1 0 0 8 0 0 0 75 0 0 0 0 1 0 0 0 0 1047 0 0 0 1 12 0 3 1 2 0 0 3 0 0 0 236 0 1 1 0 25 0 0 1 0 0 103 6 0 0 0 10 0 1 1 2 0 1 1 12 2 72 0 1720 9 0 0 34 0 0 0 271 0 0 583 1 135 0 9 0 0 0 0 4 26 745 80 2 0 0 0 2 2 5308 0 0 1 1 0 9 0 0 2 0 1 0 0 1 0 0 0 0 1 0 0 0 0 0 24 4938 10 81 0 0 0 0 2 0 0 0 1 154 21 3 0 0 0 0 0 16 0 0 0 0 0 0 4 17 2480 11 0 1878 0 62 0 0 3 4 3 0 326 508 2 0 24 0 0 0 0 4 0 0 0 0 83 0 0 0 4 2 0 4 1 0 0 0 0 0 5 11 0 350 0 0 1 42 0 3 1395 965 0 0 0 0 0 0 1 1 12 2 0 0 0 0 2 0 0 7 0 0 0 0 0 0 0 4 3 0 0 0 0 1 0 2 0 0 0 0 0 6621 21 3 0 10 1 0 18 17 1 3 0 
135 31412 0 1 0 4 0 0 7 0 0 1 65 3 0 0 0 1 0 1 0 0 980 0 0 0 1 10 0 2 3 2 0 0 7 0 0 0 241 0 7 0 0 15 0 0 0 0 0 84 2 0 0 1 9 1 1 0 3 0 2 0 6 1 97 0 1659 15 0 0 55 0 0 0 215 0 0 543 2 106 0 9 0 0 0 1 4 19 697 90 4 0 0 0 0 2 5022 0 0 1 0 1 4 3 0 2 0 2 0 0 1 0 1 0 0 2 0 0 0 0 2 20 5282 14 87 4 0 0 0 2 0 0 0 0 161 21 9 1 0 0 0 0 11 0 1 0 0 0 0 0 10 2434 11 0 1731 0 69 0 0 0 5 4 0 334 564 1 1 29 0 0 0 0 4 0 0 0 0 123 0 0 2 2 0 0 3 0 0 0 1 0 0 5 3 0 320 0 0 2 51 0 2 1637 952 0 0 2 0 0 0 7 1 12 2 0 0 0 0 1 0 0 6 0 0 0 0 0 2 0 7 5 1 0 0 0 1 0 0 0 0 0 0 0 7357 5 6 0 22 1 0 7 19 0 2 0 
136 32665 0 0 0 0 0 0 22 0 0 0 33 0 0 0 0 1 0 1 0 0 1003 0 0 0 0 7 0 1 7 1 1 0 19 0 0 0 282 0 9 0 0 15 0 0 0 0 0 92 0 0 0 1 1 2 0 0 0 0 1 0 7 1 74 0 1592 20 0 0 53 0 0 0 234 0 0 609 1 76 0 11 0 1 0 1 2 23 702 112 1 0 0 0 0 2 5139 0 1 0 0 0 3 1 0 2 0 0 0 0 0 1 31 0 0 1 0 0 0 0 0 32 5523 33 104 2 0 0 0 3 0 0 0 0 139 25 3 0 0 0 0 0 12 0 0 0 0 0 2 0 12 2436 11 0 1907 0 56 0 0 1 3 3 0 349 514 3 0 22 0 0 0 0 3 0 0 0 1 111 0 0 2 2 0 0 0 1 0 0 0 0 0 1 11 0 343 0 0 4 35 0 9 1648 993 0 0 1 0 0 0 1 3 21 1 1 1 0 0 1 0 1 6 0 0 0 0 0 0 0 2 5 0 0 0 0 0 1 0 2 2 0 0 0 7977 2 3 0 17 5 0 9 13 0 6 1 
137 33128 0 1 1 3 0 1 18 0 0 1 47 0 0 0 0 2 0 1 0 2 874 1 0 0 0 25 0 2 0 1 0 0 4 0 0 0 262 0 20 0 0 6 0 0 0 0 0 116 0 0 0 0 2 2 0 1 1 0 1 1 24 1 87 0 1871 11 0 0 63 0 0 1 302 0 0 625 7 50 0 14 0 1 0 0 3 17 711 115 1 0 0 2 0 2 5567 0 0 1 0 0 4 0 0 0 0 0 0 0 1 0 22 0 0 0 0 0 0 0 2 26 5709 35 132 2 0 0 0 1 0 0 0 0 181 22 2 0 0 0 0 0 20 10 2 0 0 0 1 1 36 2504 0 0 1936 0 61 0 0 1 8 0 0 338 449 5 0 55 0 0 0 0 7 0 0 0 0 101 0 0 0 2 0 0 1 0 0 0 1 0 0 2 12 0 386 0 0 4 63 0 3 1668 947 0 0 1 0 0 0 0 3 12 1 0 0 0 0 2 0 0 5 0 1 0 0 0 1 0 8 5 0 0 0 0 3 1 0 0 1 0 1 0 7372 1 4 0 18 6 2 21 9 3 1 1 
138 31225 0 0 0 4 0 2 22 0 0 0 46 5 0 0 0 0 0 0 0 0 951 4 0 0 0 15 0 2 1 0 0 0 5 0 0 0 230 0 16 0 0 6 0 0 0 3 0 122 0 0 0 0 0 5 0 0 1 0 1 1 4 0 67 0 1923 38 0 0 93 0 0 1 242 0 0 543 2 35 0 15 0 0 0 0 4 19 549 123 0 0 0 0 0 2 6059 0 0 0 0 0 2 0 0 0 0 0 2 0 1 0 1 0 1 0 0 0 0 0 1 11 5337 41 114 0 0 0 0 3 0 0 0 0 157 16 4 0 0 0 0 0 10 3 0 0 0 0 3 0 10 2290 3 2 1762 0 55 0 0 0 4 2 0 345 381 0 1 25 0 0 0 0 6 0 0 0 0 93 0 0 1 4 0 1 3 3 0 0 0 0 0 1 5 0 372 0 0 5 53 0 4 1576 754 0 0 1 1 0 0 1 4 28 1 0 0 0 0 0 0 0 4 0 0 0 0 1 1 0 6 7 0 0 0 0 4 0 0 0 3 0 0 0 6458 4 10 0 16 3 0 16 9 2 1 0 
139 31413 0 0 0 2 1 0 21 0 0 0 50 2 0 0 0 1 0 1 0 1 1094 0 0 3 2 22 0 3 0 0 0 0 0 0 0 0 213 0 12 0 0 5 0 0 0 0 1 166 0 1 0 2 0 5 1 1 1 0 1 1 5 0 64 0 1614 32 0 0 116 0 0 1 211 0 0 549 2 17 0 17 0 0 0 2 5 21 667 118 0 0 0 2 0 10 6658 0 0 0 0 0 4 0 0 1 0 0 0 0 0 0 16 0 1 2 0 0 0 0 0 10 5353 36 123 3 0 0 0 2 0 0 0 0 139 16 12 0 0 0 0 0 16 8 1 0 0 0 5 1 15 2222 2 3 1656 0 55 1 0 0 7 0 0 346 372 0 0 37 0 0 0 0 7 0 0 0 0 146 0 0 3 0 0 0 4 4 0 0 0 0 0 2 11 0 315 0 0 4 33 0 2 1580 747 0 0 2 1 0 0 1 3 25 0 0 0 0 0 0 0 0 2 0 0 0 0 0 1 0 7 3 0 0 0 0 3 1 0 0 2 0 1 0 6229 13 9 0 14 4 0 13 4 15 2 1 
140 32302 0 0 1 3 1 2 21 0 0 0 53 1 0 0 0 2 0 0 0 1 1227 2 0 1 1 36 0 2 2 0 0 0 10 0 0 0 233 0 12 0 2 21 0 0 0 0 0 168 2 0 0 0 1 3 0 1 1 0 0 0 6 0 55 0 1538 30 0 0 154 0 0 0 232 0 0 622 2 20 0 14 0 0 0 0 8 15 622 149 1 0 0 0 1 1 7429 0 2 0 0 0 1 0 0 2 1 0 0 0 1 0 3 0 0 0 0 0 0 0 1 7 5076 13 170 0 0 0 0 2 0 0 0 1 151 21 3 1 0 0 0 0 19 3 0 0 0 0 1 2 17 2150 1 0 1524 0 69 0 0 0 7 0 0 369 438 1 0 16 0 0 0 0 4 0 0 0 0 124 0 0 1 0 2 0 3 3 0 0 0 0 0 2 12 2 288 0 0 4 54 0 6 1635 836 0 0 2 0 0 0 0 1 19 0 0 0 0 0 1 0 0 2 0 0 0 0 0 0 0 8 6 0 0 0 0 1 1 1 0 6 0 0 0 6432 17 4 0 5 1 2 15 5 2 0 0 
141 33659 1 0 0 3 1 2 12 0 0 0 49 0 0 1 0 3 0 1 0 0 1397 0 0 0 0 9 0 0 1 0 0 0 5 0 0 1 216 0 6 0 2 15 0 0 1 1 0 187 13 0 0 0 7 5 0 0 0 0 1 4 9 1 88 0 1535 32 0 0 144 0 1 0 291 0 0 619 2 15 0 7 0 2 0 0 7 18 648 141 0 0 1 0 0 8 7061 0 1 0 0 0 3 1 0 0 0 0 0 0 1 0 1 0 0 1 0 0 2 0 0 4 5030 28 159 7 0 0 0 2 0 0 0 0 131 20 6 0 0 0 0 0 18 3 0 0 0 0 0 0 25 2311 1 3 1781 0 52 0 0 0 7 2 0 324 402 1 0 13 0 1 0 0 4 0 0 0 1 104 0 0 0 4 0 0 2 1 0 0 0 0 0 0 10 2 376 0 0 0 52 0 3 1685 829 0 0 1 0 0 0 0 2 13 0 0 0 0 0 2 0 0 1 0 0 0 0 0 1 0 5 1 0 0 0 0 1 0 0 0 4 0 0 0 7575 26 3 0 2 2 0 15 2 4 2 0 
142 35707 1 0 0 3 0 2 22 0 0 0 38 1 0 0 0 2 0 0 0 0 1560 0 0 0 0 2 0 2 0 0 0 0 4 0 0 0 204 0 5 1 0 23 0 0 0 0 1 179 4 0 0 0 11 5 0 1 0 0 0 0 14 1 106 0 1925 11 0 0 93 0 0 0 278 0 0 596 3 32 0 14 0 0 0 0 5 14 585 83 2 0 0 0 0 2 5306 0 0 1 0 0 4 0 0 0 0 0 0 0 0 0 3 0 0 0 0 0 0 0 1 10 5312 12 115 3 0 0 0 5 0 0 0 0 174 16 1 0 0 0 0 0 10 10 0 0 0 0 0 1 9 2674 1 1 2144 0 77 0 0 0 2 0 0 361 555 0 1 8 0 0 0 0 1 0 1 0 1 101 0 0 1 2 0 0 0 3 0 0 0 1 0 2 8 0 370 0 0 2 46 0 3 1694 1324 0 0 2 0 0 0 0 1 16 1 0 0 0 0 5 0 0 1 0 0 0 0 1 0 0 4 6 0 0 0 0 1 0 0 0 0 0 0 0 9381 23 6 0 4 0 1 18 11 0 1 0 
143 37194 0 0 1 2 0 0 15 0 0 0 36 0 0 0 0 0 0 1 0 0 1686 2 0 0 1 5 0 0 0 0 0 0 4 0 0 0 234 0 3 0 0 26 0 0 0 0 1 106 3 0 0 0 9 2 0 1 0 0 1 0 1 2 123 0 2105 15 0 0 74 1 0 1 273 0 0 628 1 53 0 5 0 1 0 0 3 1 611 76 2 0 0 0 0 0 3434 0 0 0 0 0 2 0 0 0 1 0 0 0 4 0 0 0 0 2 0 0 0 0 1 8 5706 39 77 0 0 0 0 1 0 0 0 0 149 14 0 0 0 0 0 0 5 6 0 0 0 0 0 0 10 3026 8 3 2301 0 92 0 0 0 2 0 0 441 562 1 0 7 0 0 1 0 0 0 0 0 0 149 0 0 0 2 1 0 0 1 0 0 0 0 0 1 6 0 370 1 0 1 33 0 3 1840 1380 0 0 0 0 0 0 0 1 11 0 0 0 0 0 0 0 0 0 0 0 0 0 1 0 0 1 5 0 0 0 0 1 0 0 0 0 0 0 0 11275 29 5 0 1 0 0 14 25 5 1 0 
144 39562 0 0 1 0 0 1 23 0 0 0 50 0 0 0 0 2 0 0 0 0 2101 1 0 0 0 1 0 3 0 0 0 0 6 0 0 0 250 0 2 0 0 22 0 0 0 0 0 79 0 0 0 0 0 2 0 2 0 0 1 0 0 2 113 0 2103 21 0 0 34 0 0 1 360 0 0 701 0 65 0 3 0 0 0 0 5 7 612 41 3 0 0 0 0 1 1792 0 0 0 0 0 2 0 0 0 0 0 0 0 0 0 0 0 0 0 0 0 0 0 0 11 5860 9 78 5 0 0 0 1 0 0 0 0 206 8 0 0 0 0 0 0 5 1 0 0 0 0 0 1 8 3224 6 0 2418 0 60 0 0 0 1 0 0 448 577 0 0 5 0 0 0 0 1 0 2 0 0 120 0 0 0 7 0 0 1 0 0 0 0 0 0 3 3 0 393 0 0 0 12 0 2 1985 1552 0 0 0 0 0 0 2 2 2 0 0 0 0 0 0 0 0 3 0 0 0 0 0 0 0 0 0 0 0 0 0 5 0 1 0 1 0 0 0 14048 26 6 0 3 0 0 6 21 0 0 0 
145 30634 1 0 1 0 0 0 17 0 0 1 47 0 0 0 0 0 0 2 0 0 1470 0 0 0 0 0 0 0 0 0 0 0 3 0 0 1 161 0 0 0 0 18 0 0 0 0 0 17 0 0 0 0 0 0 0 1 0 0 0 1 0 1 62 0 1412 8 0 0 18 0 0 0 219 0 0 567 0 53 0 0 0 0 0 0 3 2 663 12 2 0 0 0 0 0 742 0 0 1 0 0 2 0 0 0 0 0 0 0 0 0 0 0 0 2 0 0 0 0 0 13 4434 2 34 1 0 0 0 1 0 0 0 0 138 2 1 0 0 0 0 0 0 3 0 0 0 0 0 1 1 2387 8 1 1694 0 48 0 0 0 0 0 0 323 505 0 0 3 1 0 0 0 0 0 1 0 0 71 0 0 0 2 0 0 1 0 0 0 0 0 1 4 0 0 392 0 0 1 20 0 0 1526 1316 0 0 0 0 0 0 1 2 2 0 0 0 0 0 0 0 0 2 0 0 0 0 0 0 0 3 1 0 0 0 0 1 0 0 0 0 0 0 0 12131 12 2 0 7 0 0 5 9 0 0 0 
146 49485 3 0 0 0 0 0 1 0 1 10 62 0 0 0 0 1 0 0 0 0 1653 1 0 0 0 2 0 0 0 0 0 0 1 0 0 0 295 0 0 0 0 21 0 0 0 0 0 37 0 0 0 0 2 0 0 0 0 0 0 1 0 9 139 0 1985 14 0 0 16 0 0 0 262 0 0 683 0 94 0 2 0 0 0 0 0 1 1005 21 2 0 0 0 0 2 550 0 0 2 0 0 1 0 0 0 0 2 0 0 0 0 0 0 4 1 0 0 0 0 0 17 7604 5 35 1 0 0 0 1 0 0 0 0 279 1 2 0 0 0 0 0 0 2 1 0 0 0 0 0 1 4009 1 0 2805 0 83 0 0 0 1 0 0 638 644 0 0 1 0 1 0 0 0 0 1 0 0 173 0 0 0 2 1 0 0 3 0 0 0 0 0 2 1 0 445 1 0 1 10 0 1 2340 2127 0 0 0 0 0 0 0 8 1 0 0 0 0 0 0 0 0 4 0 0 0 0 0 0 0 6 1 0 0 0 0 0 0 0 0 0 0 0 0 21262 17 14 0 10 0 0 1 16 0 0 0 
147 41347 0 1 0 1 0 0 0 0 0 2 39 1 0 0 0 2 0 0 0 0 874 0 0 0 1 2 0 1 0 0 0 0 4 0 0 0 305 0 0 0 0 27 0 0 0 0 1 26 0 0 0 0 4 0 0 0 1 0 0 0 1 5 176 0 1552 8 0 0 14 0 0 0 342 0 0 895 0 94 0 1 0 0 0 0 0 4 868 15 1 0 0 0 0 0 497 0 0 1 0 0 0 0 0 0 0 0 0 0 0 0 0 0 4 0 1 0 0 0 0 14 9155 4 14 5 0 0 0 0 0 0 0 0 340 2 0 0 0 0 0 0 2 6 0 0 0 0 0 0 6 4032 3 0 1957 0 91 0 0 0 0 0 0 935 405 0 0 9 0 1 0 0 0 0 0 0 3 123 0 0 0 0 0 1 2 0 0 0 0 0 0 2 0 0 563 0 0 0 8 0 0 2396 1801 0 0 0 1 0 0 5 0 5 3 0 0 0 0 0 0 0 3 0 0 0 0 0 1 0 6 0 2 0 0 0 1 1 0 0 0 0 0 0 13596 15 3 0 11 1 0 0 24 3 1 0 
148 29059 2 0 0 0 0 2 1 0 0 0 15 0 0 0 0 7 0 1 0 0 517 0 0 1 0 1 0 0 0 0 0 0 0 0 0 0 312 0 1 0 0 21 0 0 0 0 0 18 0 0 0 0 0 1 0 0 0 0 0 1 0 4 146 0 1066 2 0 0 5 0 0 0 232 0 0 699 2 114 0 4 0 0 0 0 1 6 732 16 0 0 0 0 2 3 825 0 0 1 0 0 0 0 0 0 0 1 1 0 0 0 0 0 2 0 0 0 0 0 0 18 8259 3 17 0 0 0 0 1 0 0 0 0 287 1 1 0 0 1 0 0 4 6 0 0 0 0 0 0 2 2729 3 0 937 0 85 0 0 0 0 0 0 695 212 0 0 2 0 0 0 0 6 0 0 0 1 137 0 0 0 3 0 0 0 0 0 0 0 0 0 3 2 0 217 0 0 0 10 0 0 1553 1106 0 0 0 0 0 0 3 1 5 2 0 0 0 0 0 0 0 8 0 0 0 0 0 0 0 3 0 0 1 0 0 0 0 0 0 0 0 0 0 7890 17 5 0 13 2 0 2 26 0 0 3 
149 4312 0 0 0 2 0 0 0 0 0 0 3 0 0 0 0 1 0 0 0 0 53 0 0 0 0 2 0 0 0 0 0 0 1 0 0 0 64 0 1 0 0 3 0 0 0 0 0 7 0 0 0 0 0 0 0 0 0 0 1 0 0 2 24 0 135 0 0 0 2 0 0 0 42 0 0 82 0 25 0 3 0 0 0 0 0 4 114 4 0 0 0 0 0 0 286 0 0 0 0 0 0 0 0 0 0 0 0 0 0 0 0 0 0 1 0 0 0 0 0 4 1368 1 7 0 0 0 0 0 0 0 0 0 64 0 0 0 0 0 0 0 1 1 0 0 0 0 0 0 0 409 0 0 114 0 16 0 0 0 0 0 0 113 16 0 0 0 0 0 0 0 2 0 0 0 0 20 0 0 0 3 0 0 1 0 0 0 0 0 0 0 2 0 15 0 0 0 0 0 0 264 118 0 0 0 0 0 0 0 0 0 1 0 0 0 0 0 0 0 0 0 0 0 0 0 0 0 0 0 0 0 0 0 0 0 0 0 0 0 0 0 897 4 0 0 2 0 0 0 5 0 0 0 
150 8095 0 0 0 0 0 0 3 0 0 1 5 1 0 0 0 0 0 0 0 0 109 0 0 0 0 4 0 1 0 0 0 0 0 0 0 0 140 0 5 0 0 11 0 0 0 0 0 10 0 0 0 0 0 0 0 0 0 0 2 0 0 0 43 0 221 6 0 0 5 0 0 0 47 0 0 189 0 95 0 0 0 1 0 0 1 16 128 30 2 0 0 0 0 1 1049 0 0 0 0 0 0 0 0 0 0 0 0 0 0 0 1 0 1 0 0 0 0 0 1 14 2768 7 25 1 0 0 0 1 0 0 0 0 69 14 2 0 0 0 0 0 5 4 0 0 0 0 0 0 6 446 5 1 288 0 14 0 0 0 1 0 0 165 17 0 0 0 0 0 0 0 3 0 0 0 0 13 0 0 0 1 0 0 1 0 0 0 0 0 0 2 3 0 30 0 0 1 13 0 0 493 212 0 0 0 0 0 0 1 0 9 0 0 0 0 0 2 0 0 1 0 0 0 0 1 0 0 0 0 0 0 0 0 0 0 0 0 2 0 0 0 1273 5 2 0 14 2 1 2 20 0 1 1 
151 1024 0 0 0 0 0 0 1 0 0 0 0 0 0 0 0 0 0 0 0 0 14 0 0 0 0 0 0 0 0 0 0 0 1 0 0 0 2 0 0 0 0 0 0 0 0 0 0 3 0 0 0 0 0 0 0 0 1 0 1 0 1 0 5 0 17 2 0 0 2 0 0 0 1 0 0 22 0 14 0 0 0 0 0 0 0 1 8 4 0 0 0 0 0 0 476 0 0 0 0 0 0 0 0 0 0 0 0 0 0 0 0 0 0 0 0 0 0 0 0 2 167 13 6 0 0 0 0 0 0 0 0 0 5 2 0 0 0 0 0 0 0 2 0 0 0 0 0 0 5 36 0 0 17 0 4 0 0 0 2 0 0 12 1 0 0 0 0 0 0 0 0 0 0 0 0 2 0 0 0 1 0 0 0 0 0 0 0 0 0 0 1 0 2 0 0 1 1 0 0 57 14 0 0 0 0 0 0 0 0 2 0 0 0 0 0 0 0 0 0 0 0 0 0 0 0 0 1 0 0 0 0 0 0 0 0 0 0 0 0 0 84 2 0 0 3 0 0 2 1 0 0 0 
152 5672 0 1 0 2 0 0 10 0 0 0 0 0 0 0 0 1 0 1 0 0 212 0 0 0 0 6 0 1 0 0 0 0 0 0 0 0 14 0 4 1 0 27 0 0 0 0 0 56 0 0 0 0 1 0 0 0 0 0 0 0 0 4 6 0 137 5 0 0 28 0 0 1 7 0 0 36 3 52 0 4 0 0 0 2 2 9 42 43 0 0 0 0 0 1 3392 0 0 0 0 0 2 0 0 0 0 0 0 0 0 0 1 0 0 0 0 0 1 0 0 21 295 4 43 0 0 0 0 2 0 0 0 0 6 9 1 0 0 0 0 0 14 5 0 0 0 0 0 0 9 98 0 1 52 0 2 0 0 0 13 0 0 34 54 0 0 0 0 0 0 0 4 0 0 0 0 2 0 0 0 1 1 1 2 0 0 0 0 0 0 1 1 0 14 0 0 0 19 0 1 189 53 0 0 1 0 0 0 4 0 4 1 0 0 0 0 0 0 0 0 0 0 0 0 0 1 0 1 2 0 0 0 0 0 0 0 1 1 0 2 0 536 7 3 0 5 3 1 11 11 0 1 0 
153 7311 0 0 0 1 0 0 7 0 0 0 1 0 0 0 0 0 0 0 0 0 247 0 0 0 0 5 0 6 0 1 0 0 4 0 0 0 7 0 3 0 0 15 0 0 0 0 0 37 0 0 0 3 5 2 0 0 0 0 0 0 0 1 3 0 319 6 0 0 24 0 0 0 29 0 0 33 2 67 0 12 0 0 0 1 1 10 40 49 0 0 0 0 1 0 3652 0 2 0 0 0 0 0 0 0 0 0 0 0 0 0 0 1 0 0 0 0 0 0 0 13 269 5 57 0 0 0 0 0 0 0 0 0 7 15 0 0 0 0 0 0 13 4 0 0 0 0 0 0 3 156 3 0 342 0 8 0 0 0 0 0 0 14 143 0 0 0 0 0 0 0 2 0 0 0 0 0 0 0 0 4 0 1 0 1 0 0 0 0 0 1 2 0 45 0 2 3 26 0 4 169 100 0 0 4 0 1 0 0 0 8 0 0 0 0 0 0 0 0 2 0 0 0 0 0 1 0 7 1 0 0 0 0 0 0 1 0 0 0 0 0 1220 20 2 0 10 1 0 1 15 1 0 1 
154 10132 0 0 0 2 0 0 14 0 0 0 11 0 0 0 0 0 0 0 0 0 333 0 0 0 0 2 0 2 0 0 0 0 3 0 0 0 13 0 2 0 0 19 0 0 0 0 0 50 0 0 0 1 9 1 0 0 1 0 0 0 1 4 1 0 556 4 0 0 34 0 0 0 74 0 0 82 0 70 0 2 0 0 0 0 0 14 87 73 2 0 0 0 0 2 3540 0 1 0 1 0 5 0 0 0 0 0 0 0 0 0 0 0 0 0 0 0 0 0 2 15 460 11 68 1 0 0 0 0 0 0 0 0 10 11 0 0 0 0 0 0 19 5 0 0 0 0 0 1 9 409 2 0 782 0 14 0 0 2 4 0 0 14 202 1 0 0 0 0 0 0 1 0 0 0 0 1 0 0 0 0 0 0 0 1 0 1 0 0 0 5 2 0 91 0 0 0 20 0 1 311 216 0 0 2 0 0 0 0 0 6 1 0 0 0 0 0 0 0 1 0 0 0 0 0 0 0 5 0 0 0 0 0 0 0 0 0 0 0 0 0 2359 9 6 0 6 0 0 5 15 1 1 0 
155 12674 0 1 0 11 0 0 5 0 0 0 21 0 0 0 0 0 0 1 0 0 423 0 0 0 1 5 0 1 2 0 0 0 3 0 0 0 29 0 3 0 0 18 0 0 0 0 0 63 0 0 0 0 8 2 0 0 0 0 0 0 0 3 13 0 677 7 0 0 27 1 0 0 115 0 0 146 2 81 0 6 0 0 0 1 1 26 217 54 1 0 0 0 0 2 3356 0 0 0 0 6 0 0 0 0 0 1 0 0 0 0 1 0 0 0 0 0 0 0 0 16 963 3 79 1 0 0 0 0 0 0 0 0 15 5 2 1 1 0 0 0 7 1 0 0 0 0 0 0 10 966 4 1 1105 0 14 0 0 0 6 2 0 53 309 0 0 2 0 0 0 0 2 0 0 0 0 20 0 0 6 3 0 0 1 0 0 0 0 0 0 1 4 0 195 0 0 1 27 0 1 522 302 0 0 0 0 0 0 1 1 10 2 0 0 0 0 1 0 0 1 0 0 0 0 0 0 0 2 0 0 0 0 0 0 0 0 0 1 0 0 0 2615 13 1 0 8 0 0 3 12 3 0 1 
156 14599 0 0 0 4 0 0 12 0 0 0 25 0 0 0 0 1 0 0 0 2 399 0 0 0 0 4 0 1 0 0 0 0 1 0 0 0 59 0 2 0 0 20 0 0 0 0 0 48 0 0 0 0 17 1 0 0 1 0 2 0 2 1 15 0 752 6 0 0 22 0 0 0 150 0 0 251 2 92 0 6 0 0 0 5 2 8 309 60 0 0 0 3 0 3 3251 0 0 0 0 0 1 0 0 0 0 0 0 0 0 0 0 0 1 0 0 0 0 0 0 18 1756 3 70 4 0 0 0 11 0 0 0 0 26 12 2 0 0 0 0 0 10 1 0 0 0 0 0 0 12 1217 5 1 1223 0 25 0 1 0 0 0 0 126 303 0 0 33 0 0 0 0 2 0 0 0 0 26 0 0 1 4 0 0 1 0 0 1 0 0 0 3 3 0 211 0 0 1 23 0 1 600 382 0 0 2 0 0 0 0 0 9 1 0 0 0 0 1 0 0 2 0 0 0 0 0 0 0 2 2 0 0 0 0 2 0 0 1 0 0 0 0 2868 6 6 0 7 0 0 7 10 1 1 1 
157 15706 0 1 0 3 0 0 6 0 0 1 18 0 0 0 0 0 0 0 0 0 418 0 0 0 1 10 0 0 0 0 0 0 0 0 0 0 114 0 6 0 1 25 0 0 0 0 2 52 0 0 0 1 5 1 1 0 4 0 2 1 2 3 29 0 747 4 0 0 20 0 0 0 165 0 0 255 1 102 0 5 0 0 0 0 0 6 384 47 0 0 0 0 3 4 3125 0 0 0 0 0 2 0 0 0 0 0 0 0 1 0 15 0 0 0 0 0 0 0 0 13 2261 2 49 1 0 0 0 3 0 0 0 0 39 7 0 0 0 0 0 0 4 0 2 0 0 0 1 1 8 1300 3 0 1264 0 28 0 0 1 3 0 0 151 297 0 2 14 0 0 0 0 4 0 0 0 1 49 0 0 0 1 0 0 0 1 0 0 0 0 0 3 6 0 201 0 0 2 13 0 1 641 415 0 0 0 0 1 0 2 0 34 0 0 1 0 0 1 0 0 7 0 0 1 0 0 0 0 5 6 0 0 0 0 0 0 1 5 2 0 1 0 3198 5 10 0 5 2 0 7 15 0 2 0 
158 16196 1 0 0 2 0 0 6 0 0 1 35 0 0 0 0 0 0 1 0 0 461 1 0 0 0 5 0 2 1 1 0 0 2 0 0 0 103 0 6 0 0 23 0 0 0 0 0 70 0 0 0 1 5 0 0 1 0 0 0 0 0 1 36 0 786 8 0 0 23 0 0 0 139 0 0 296 0 63 0 4 0 0 0 0 1 12 342 29 0 0 0 0 0 2 2704 0 1 0 0 0 3 0 0 1 0 0 0 0 0 0 0 0 0 0 0 0 0 0 0 13 2693 4 50 0 0 0 0 1 0 0 0 0 56 10 1 0 0 0 0 0 11 1 0 0 0 0 0 0 7 1381 7 0 1123 0 37 0 0 0 18 1 0 172 248 0 0 3 0 0 0 0 5 0 0 0 0 66 0 0 1 7 0 0 4 0 0 0 0 0 0 1 5 0 191 0 0 1 12 0 0 733 509 0 0 0 0 0 0 0 5 69 4 0 0 0 0 1 0 0 6 0 0 0 0 0 0 0 0 4 0 0 0 0 1 0 0 0 0 0 0 0 3508 1 2 0 7 2 0 4 17 2 5 0 
159 16671 0 0 0 0 0 0 4 0 0 2 24 0 0 0 0 0 0 0 0 0 522 0 0 0 0 4 0 2 1 0 0 0 0 0 0 0 151 0 7 0 0 20 0 0 0 0 0 60 0 0 0 0 9 1 0 1 0 0 0 1 2 0 37 0 738 12 0 0 19 1 0 0 132 0 0 302 4 55 0 6 0 1 0 0 0 8 442 34 1 0 0 0 1 1 2615 0 0 0 0 0 1 0 0 0 0 1 0 0 0 0 8 0 0 0 0 0 0 0 1 17 2938 18 52 1 0 0 0 2 0 0 0 0 64 10 3 1 0 0 0 0 5 0 4 0 0 0 1 0 8 1306 4 0 1036 0 36 0 0 0 12 0 0 168 237 0 0 5 0 1 0 0 13 0 0 0 1 38 0 0 2 3 0 0 3 1 0 0 0 0 0 2 3 0 161 0 0 4 17 0 0 675 471 0 0 1 0 0 0 3 2 11 0 0 0 0 0 0 0 0 3 0 0 0 0 0 0 0 2 2 0 0 0 0 0 0 0 0 0 0 0 0 4044 1 6 0 4 3 0 14 9 0 1 0 
160 16777 0 0 0 0 0 1 11 0 0 1 16 0 0 0 0 1 0 0 0 0 567 2 0 0 0 7 0 1 1 0 0 0 1 0 0 0 172 0 8 0 0 3 0 0 0 0 0 49 0 0 0 0 5 1 0 0 0 0 1 0 0 1 29 0 716 3 0 0 27 0 0 0 163 0 0 289 1 29 0 14 0 0 0 0 2 6 400 46 0 0 0 0 0 0 2665 0 1 0 0 0 0 0 0 1 0 0 1 0 0 0 5 0 0 0 0 0 0 0 0 17 2802 7 46 2 0 0 0 0 0 0 0 0 78 13 4 1 0 0 0 0 3 0 0 0 0 0 0 0 9 1273 1 0 913 0 36 0 0 0 4 1 0 143 208 0 0 8 0 0 0 0 5 0 0 0 1 74 0 0 2 1 0 0 1 1 0 0 0 0 0 2 2 0 156 0 0 1 21 0 0 758 495 0 0 2 0 0 0 3 1 3 1 0 0 0 0 0 0 0 6 0 0 0 0 0 0 0 3 0 0 0 0 0 1 0 0 0 2 0 0 1 4364 3 2 0 11 2 0 15 5 1 1 1 
161 17787 0 0 0 0 0 1 5 0 0 0 19 1 0 0 0 1 0 0 0 0 416 1 0 0 0 4 0 0 0 0 0 0 1 0 0 0 161 0 4 0 0 5 0 0 0 0 1 46 0 0 0 0 2 2 0 0 1 0 1 0 3 0 45 0 839 7 0 0 39 0 0 0 135 0 0 284 4 17 0 5 0 0 0 0 1 15 330 44 1 0 0 0 0 2 2967 0 1 0 0 0 0 0 0 1 0 0 0 0 1 1 19 0 1 0 0 0 0 0 1 7 2692 7 66 2 0 0 0 0 0 0 0 0 60 14 3 0 0 0 0 0 2 1 0 0 0 0 0 0 11 1180 1 0 893 0 29 0 0 0 0 0 0 169 184 0 0 12 0 0 0 0 8 0 0 0 0 67 0 1 1 0 0 0 2 1 0 0 0 0 0 2 7 1 173 1 0 2 18 0 4 757 462 0 0 1 0 0 0 0 9 29 0 0 0 0 0 1 0 0 0 0 0 0 0 0 1 0 4 5 0 0 0 0 4 1 0 0 0 0 0 0 5410 4 7 0 5 2 0 14 4 1 2 0 
162 16868 0 0 0 0 0 1 13 0 0 0 15 0 0 0 0 0 0 0 0 0 434 0 0 0 0 4 0 0 0 0 0 0 0 0 0 0 165 0 7 0 1 1 0 0 0 0 0 63 0 0 0 0 0 0 1 0 1 0 0 0 6 0 31 0 755 6 0 0 52 2 0 0 123 0 0 276 1 8 0 11 0 0 0 0 0 15 312 62 1 0 1 0 1 1 3271 0 1 0 0 0 1 0 0 0 0 0 0 0 0 0 7 0 0 0 0 0 0 0 0 3 2732 13 74 1 0 0 0 1 0 0 0 0 59 8 1 1 0 0 0 0 8 1 0 0 0 0 0 0 8 1135 1 0 870 0 36 0 0 0 6 0 0 192 241 0 0 7 0 0 0 0 10 0 0 0 0 42 0 0 0 0 0 0 4 1 0 0 2 0 0 0 5 0 172 0 0 3 34 0 3 755 489 0 0 0 0 0 0 2 0 43 0 0 1 0 0 0 0 0 2 0 0 0 0 2 0 0 5 5 0 0 0 0 1 1 0 0 2 0 0 0 4196 7 2 0 4 1 0 11 0 1 2 1 
163 16734 0 0 1 2 0 0 7 0 0 0 15 2 0 0 0 0 0 2 0 0 484 0 0 0 0 11 0 3 0 0 0 0 3 0 0 0 86 0 8 0 0 2 0 0 0 0 0 94 1 0 0 0 0 3 0 0 0 0 1 0 3 0 32 0 795 10 0 0 66 0 0 1 133 0 0 316 2 5 0 12 0 0 0 0 1 16 317 66 1 0 0 0 1 1 3802 0 0 0 0 0 1 0 0 0 1 0 0 0 3 0 2 0 0 0 0 0 0 0 1 1 2721 60 92 0 0 0 0 2 0 0 0 0 73 12 4 0 0 0 0 0 7 8 1 0 0 0 1 0 13 1134 0 2 827 0 31 0 0 1 5 0 0 200 252 0 1 11 1 0 0 0 3 0 0 0 0 44 0 0 1 0 1 0 4 2 0 0 0 0 0 0 6 0 171 0 0 4 20 0 0 776 457 0 0 1 0 0 0 0 1 21 0 0 0 0 1 0 0 0 1 0 0 0 0 0 1 0 7 3 0 0 0 0 1 0 0 0 0 0 0 0 3395 4 4 0 8 1 0 11 4 0 1 0 
164 17502 0 0 0 4 0 1 1 0 0 0 13 0 0 0 0 0 0 0 1 0 573 0 0 0 0 8 0 2 0 0 0 0 3 0 0 0 94 0 20 0 0 2 0 0 1 0 0 93 0 0 0 0 7 0 0 0 1 0 1 0 10 0 43 0 670 14 0 0 85 0 0 0 98 0 0 324 1 7 0 8 0 1 0 1 6 13 321 102 1 0 0 0 1 0 4613 0 1 0 0 0 0 0 0 0 0 0 1 0 1 0 5 0 0 0 0 0 1 0 0 5 2516 15 88 1 0 0 0 2 0 0 0 0 72 20 2 0 0 0 0 0 14 10 1 0 0 0 0 1 9 1120 2 0 810 0 28 0 0 0 1 0 0 187 249 0 0 3 0 0 0 0 2 0 0 0 0 50 0 0 0 0 1 0 0 0 0 0 0 0 0 0 7 0 168 0 0 1 23 0 2 769 426 0 0 1 0 0 0 1 1 16 0 0 0 0 0 1 0 0 1 0 0 0 0 1 3 0 4 5 0 0 0 0 2 1 0 0 0 0 0 0 3676 3 5 0 3 1 0 5 6 0 1 0 
165 18606 0 0 0 3 0 0 11 0 0 0 14 0 0 0 0 0 0 0 0 0 635 1 0 0 1 4 0 0 0 0 0 0 1 0 0 0 112 0 3 1 0 9 0 0 0 0 0 91 0 0 0 0 5 1 0 0 0 0 1 0 12 0 36 0 787 5 0 0 87 1 0 0 116 1 0 304 0 12 0 7 0 0 0 0 6 6 328 76 0 0 0 0 0 3 4409 0 0 0 0 0 4 0 0 0 0 0 0 0 1 0 3 0 0 0 0 0 0 0 0 0 2564 6 83 3 0 0 0 2 0 0 0 0 57 12 0 1 0 0 0 0 10 2 0 0 0 0 0 0 8 1220 1 3 1035 0 28 0 0 0 3 0 0 185 304 2 0 5 0 0 0 0 0 0 0 0 0 72 0 0 0 2 0 0 1 1 0 0 0 0 0 0 8 0 158 0 0 8 35 0 2 930 433 0 0 1 0 0 0 1 0 83 0 0 0 0 0 0 0 0 1 0 0 0 0 0 2 0 2 2 0 0 0 0 1 0 0 0 1 0 0 0 4187 12 3 0 4 0 1 13 1 0 0 1 
166 18900 1 0 0 0 0 1 2 0 0 0 34 0 0 0 0 1 0 0 0 0 758 0 0 0 0 3 0 1 0 1 0 0 3 0 0 0 147 0 1 0 0 13 0 0 0 0 0 83 0 0 0 0 0 1 0 0 0 0 0 0 3 0 36 0 909 6 0 0 78 0 0 1 161 0 0 388 0 23 0 4 0 0 0 0 1 5 343 45 0 0 0 0 0 2 3010 0 0 0 0 0 2 0 0 0 0 0 0 0 2 0 1 0 0 0 0 0 0 0 0 1 2839 17 77 0 0 0 0 0 0 0 0 0 134 5 3 0 0 0 0 0 1 2 0 0 0 0 0 2 4 1347 1 0 1022 0 32 0 0 1 0 0 0 197 279 0 0 6 0 0 0 0 1 0 0 0 0 90 0 0 0 0 1 0 0 0 0 0 0 0 0 0 4 0 172 0 0 0 16 0 3 889 586 0 0 0 0 0 0 0 0 9 0 0 0 0 0 0 0 0 0 0 0 0 0 0 0 0 1 2 0 0 0 0 1 0 0 0 0 0 0 0 5041 12 4 0 1 1 0 11 6 1 0 1 
167 19588 0 0 0 0 0 1 8 0 0 0 19 0 0 0 0 0 0 0 0 0 1418 0 0 0 1 1 0 2 0 0 0 0 2 0 0 0 144 0 0 0 1 17 0 0 0 1 0 64 0 0 0 0 0 2 0 0 0 0 1 0 1 0 48 0 1053 8 0 0 35 0 0 0 150 0 0 346 0 19 0 3 0 0 0 0 2 5 390 15 0 0 1 0 0 0 1270 0 0 0 0 1 1 0 0 0 0 0 0 0 0 0 0 0 0 0 0 0 0 0 0 2 2882 3 41 0 0 0 0 0 0 0 0 0 97 3 2 0 0 0 0 0 0 12 0 0 0 0 0 2 7 1508 4 0 1300 0 44 0 0 0 5 0 0 252 410 0 1 6 0 1 0 0 0 0 0 0 0 77 0 0 0 1 0 1 0 3 0 0 0 0 0 1 2 0 156 0 0 0 7 0 4 988 686 0 0 0 0 0 0 0 0 4 0 0 0 0 0 0 0 0 2 0 0 0 0 0 0 0 1 0 0 0 0 0 3 0 0 0 0 0 0 0 6007 10 2 0 4 0 0 4 2 0 0 0 
168 19932 0 0 1 0 0 0 2 0 0 0 29 0 0 0 0 3 0 0 0 0 1999 2 0 0 0 4 0 0 0 0 0 0 0 0 0 0 146 0 0 0 0 10 0 0 0 0 0 26 0 0 0 0 0 0 0 0 0 0 0 0 0 2 39 0 1099 8 0 0 13 0 0 0 150 0 0 339 1 28 0 0 0 0 0 0 1 2 652 13 1 0 0 0 0 1 596 0 1 2 0 0 0 0 0 0 0 0 0 0 0 0 0 0 0 0 0 0 0 0 0 4 2922 1 22 2 0 0 0 0 0 0 0 0 120 2 1 0 0 0 0 0 1 8 0 0 0 0 0 0 3 1456 2 0 1313 0 40 0 0 1 0 0 0 228 457 0 0 3 0 0 0 0 0 0 0 0 0 48 0 0 0 1 0 0 0 2 0 0 0 0 0 2 0 0 230 0 0 0 9 0 0 1073 711 0 0 0 0 0 0 1 0 0 0 0 0 0 0 0 0 0 5 0 0 0 0 0 0 0 1 0 0 0 0 0 0 0 0 0 0 0 0 0 6061 6 1 0 1 0 0 5 8 8 0 0 
