day total blank BD BF BG BA BB BE BL BM BN BO BH BI BJ BT JM BV BW WS BQ BR BS JE BY BZ RU RW RS LT RE TM TJ RO TK GW GU GT GS GR GQ GP JP GY GG GF GE GD GB GA GN GM GL GI GH OM TN JO WF HR HT HU HK HN HM VE PR PS PW PT KN AF IQ PA PF PG PE PK PH PN PL PM ZM EH EE EG ZA EC IT VN SB ET SO ZW SA ES ER ME MD MG MF MA MC UZ MM ML MO MN MH MK MU MT MW MV MQ MP MS MR IM UG MY MX IL FR AW SH AX SJ FI FJ FK FM FO NI NL NO NA VU NC NE NF NG NZ NP NR NU CK XK CI CH CO CN CM CL CC CA CG CF CD CZ CY CX CR PY CW CV CU SZ SY SX KG KE SS SR KI KH SV KM ST SK KR SI KP KW SN SM SL SC KZ KY SG SE SD DO DM DJ DK DE YE DZ US UY YT UM LB LC LA TV TW TT TR LK LI LV TO TL LU LR LS TH TF TG TD TC LY VA VC AE AD AG VG AI VI IS IR AM AL AO AN AQ AS AR AU AT IO IN TZ AZ IE ID UA QA MZ 
0 216 0 0 0 0 0 0 0 0 0 0 0 0 0 0 0 1 0 0 0 0 57 0 0 0 0 0 0 0 0 0 0 0 0 0 0 0 0 0 0 0 0 2 0 0 0 0 0 2 0 0 0 0 0 0 0 0 0 0 0 0 0 0 0 0 3 0 0 0 0 0 0 0 1 0 0 0 2 8 0 0 0 0 0 0 0 5 1 3 2 0 0 0 0 0 3 0 1 0 0 0 0 0 0 0 0 0 0 0 0 0 0 0 0 0 0 0 0 0 0 5 4 0 5 0 0 0 0 0 0 0 0 0 1 0 0 0 0 0 0 0 1 0 1 0 0 0 0 0 0 2 0 0 0 0 4 0 0 0 0 0 0 0 7 0 0 0 0 0 0 0 0 0 0 0 0 0 0 0 0 1 0 0 0 4 0 0 0 0 0 1 0 0 0 0 0 0 2 0 0 57 1 0 0 0 0 0 0 0 0 3 1 0 0 0 0 0 0 0 7 0 0 0 0 0 0 1 1 0 0 0 0 0 0 0 0 0 0 0 0 0 6 1 0 0 3 0 0 0 4 0 0 0 
1 217 0 0 0 0 0 0 0 0 1 0 0 0 0 0 0 1 0 0 0 0 66 0 0 0 0 0 0 0 0 0 0 0 0 0 0 0 0 0 0 0 0 2 0 0 0 0 0 3 0 0 0 0 0 0 0 0 0 0 0 0 0 0 0 0 1 0 0 0 0 0 0 1 0 0 0 1 0 9 0 0 0 0 0 0 0 3 2 3 0 0 0 0 0 0 0 0 0 0 0 0 0 0 0 0 0 0 0 0 0 0 0 0 0 0 0 0 0 0 0 5 6 0 0 0 0 0 0 1 0 0 0 0 0 1 0 0 0 0 0 0 1 0 2 0 0 0 0 0 0 1 0 0 2 0 4 0 0 0 0 0 0 0 2 0 0 0 0 0 0 0 1 0 0 0 0 0 0 0 0 1 0 0 0 0 0 0 0 0 0 1 0 0 1 0 0 0 0 0 0 69 1 0 0 0 0 0 0 0 0 0 1 0 0 0 0 0 0 0 11 0 0 0 0 0 0 0 0 0 0 0 0 0 0 0 0 0 0 0 0 0 3 2 0 0 2 0 0 0 6 0 0 0 
2 226 0 0 0 0 0 0 1 0 0 0 0 0 0 0 0 0 0 0 0 0 34 0 0 0 0 0 0 0 0 0 0 0 0 0 0 0 0 0 0 0 0 3 0 0 0 0 0 0 0 0 0 0 0 0 1 0 0 0 0 0 0 1 0 0 6 0 0 0 0 0 0 0 1 0 0 1 3 12 0 0 0 0 0 0 0 2 1 2 0 0 0 0 0 0 1 0 0 0 0 0 0 0 0 0 0 0 0 0 0 0 0 0 1 0 0 0 0 0 0 4 10 0 1 0 0 0 0 0 0 0 0 0 0 0 0 0 0 0 0 0 1 0 0 0 0 0 0 0 1 2 0 0 3 0 5 0 0 0 0 0 0 1 2 0 0 0 0 0 0 0 3 0 0 0 0 0 0 0 0 2 0 0 0 0 0 0 0 0 0 0 0 0 0 0 0 0 1 0 0 73 3 0 0 0 0 0 0 0 0 2 1 0 0 0 0 0 0 0 13 0 0 0 0 0 0 0 3 0 0 0 0 0 0 0 0 0 0 0 0 0 6 0 0 0 10 0 0 0 9 0 0 0 
3 232 0 0 0 0 0 0 0 0 0 0 0 0 0 0 0 0 0 0 0 0 27 0 0 0 0 0 0 0 0 0 0 0 0 0 0 0 0 0 0 0 0 3 0 0 0 0 0 1 0 0 0 0 0 0 0 0 0 0 0 0 0 0 1 0 1 0 0 0 0 0 0 0 1 0 0 0 1 15 0 0 0 0 0 0 2 2 1 2 0 0 0 0 1 1 0 0 0 0 0 0 0 0 0 0 0 0 0 0 0 0 0 0 2 0 0 0 0 0 0 4 8 0 1 1 0 0 0 1 0 0 0 0 1 0 0 0 0 0 0 0 1 1 0 0 0 0 0 0 0 1 0 0 0 0 3 0 0 0 0 0 0 0 0 0 0 0 0 0 0 0 0 0 0 0 0 0 0 0 0 0 0 0 0 1 0 0 0 0 0 1 0 0 0 0 0 0 0 0 0 98 0 0 0 0 0 0 0 0 0 0 0 0 1 0 0 0 0 0 14 0 0 0 0 0 0 0 0 0 0 0 0 0 0 0 0 0 0 0 0 1 4 0 0 0 18 1 0 0 8 0 1 0 
4 266 0 0 0 0 0 0 0 0 0 0 0 0 0 0 0 1 0 0 0 0 13 0 0 0 0 0 0 0 0 0 0 0 0 0 0 0 0 0 0 0 0 0 0 0 0 0 0 1 0 0 0 0 0 1 1 0 0 0 0 0 0 0 0 0 0 0 0 0 0 0 0 0 0 0 0 1 4 20 0 0 0 0 0 5 0 9 1 2 0 0 0 0 1 0 1 0 0 0 0 0 0 0 0 0 0 0 1 0 0 0 0 0 1 0 0 0 0 0 0 7 8 0 1 0 0 0 0 1 0 0 0 0 0 3 0 0 0 0 0 0 2 1 0 0 0 0 0 0 0 2 0 0 0 0 5 0 0 0 0 0 0 1 0 0 0 0 0 0 0 0 4 0 0 0 0 0 0 0 0 0 0 0 2 0 0 0 0 0 0 0 0 0 0 0 0 0 0 0 0 110 1 0 0 0 0 0 0 0 0 2 1 0 0 0 0 0 0 0 11 0 0 0 0 0 0 0 0 0 0 0 0 0 0 0 0 0 0 0 0 0 3 0 0 0 29 0 0 0 9 0 0 0 
5 273 0 0 0 0 0 0 3 0 0 0 0 0 0 0 0 0 0 1 0 0 8 0 0 0 0 1 0 0 0 0 0 0 0 0 0 0 0 0 0 0 0 1 0 0 0 0 0 2 0 0 0 0 0 1 0 0 0 0 0 0 1 0 0 0 0 0 0 0 0 0 0 0 1 0 0 1 2 12 0 1 0 0 0 13 0 12 0 3 0 0 1 0 0 0 0 0 0 0 0 0 0 0 0 0 0 0 0 0 0 0 0 0 1 0 0 0 0 0 0 22 4 0 2 0 0 0 0 3 0 0 0 0 0 3 0 0 0 0 0 0 2 1 1 0 0 0 0 0 0 1 1 0 0 0 0 1 0 0 0 0 0 1 0 0 0 0 0 0 0 0 5 0 0 0 0 0 0 0 0 2 0 0 1 0 0 0 0 0 0 1 1 0 0 0 0 0 1 0 0 55 1 0 0 0 0 0 0 1 0 5 1 0 0 0 0 0 0 0 19 0 0 0 0 0 0 0 2 0 0 0 0 0 0 0 0 0 0 0 0 0 3 1 0 0 55 2 0 0 8 0 1 0 
6 238 0 1 0 0 0 0 1 0 0 0 0 0 0 0 0 0 0 2 0 0 6 0 0 0 0 3 0 1 0 0 0 0 0 0 0 0 0 0 0 0 0 2 0 0 0 0 0 6 0 0 0 0 0 0 0 0 0 0 0 0 0 0 0 0 1 0 0 0 0 0 0 0 0 0 0 0 4 14 0 0 0 0 0 2 0 12 0 6 0 0 0 1 0 0 0 0 0 0 0 0 0 0 0 1 0 0 0 0 0 0 0 0 4 0 0 0 0 0 0 7 3 0 4 0 0 0 0 5 0 0 0 0 1 0 0 0 0 0 0 0 4 0 0 0 0 0 1 0 0 0 0 0 0 0 2 0 0 0 1 1 0 0 0 0 0 0 0 0 0 0 9 0 0 0 0 0 0 0 0 3 1 0 0 0 0 0 0 0 0 0 2 0 0 0 0 0 1 0 1 35 0 0 0 0 0 0 0 0 0 9 3 0 0 0 0 0 0 0 29 0 0 0 0 0 0 0 0 0 0 0 0 0 0 0 0 1 0 0 0 0 2 3 0 0 25 3 0 0 8 0 0 0 
7 270 0 0 0 0 0 0 2 0 0 2 0 2 0 0 0 0 0 1 0 0 3 0 0 0 0 0 0 1 0 1 0 0 0 0 0 0 0 0 1 0 0 5 0 0 0 0 0 9 0 0 0 0 0 0 0 0 0 0 1 0 0 1 0 0 0 0 0 0 1 0 0 0 0 0 0 1 3 24 0 0 0 0 0 3 1 12 0 2 0 0 0 0 0 1 0 0 0 0 0 0 0 0 0 0 0 0 1 0 0 0 0 0 3 0 0 0 0 0 0 16 0 1 6 0 0 0 0 3 0 0 0 0 0 2 0 0 0 0 0 0 5 0 1 0 0 0 0 0 0 0 0 0 0 0 2 0 0 0 0 0 0 1 0 0 0 0 0 0 0 0 10 0 0 0 0 0 0 0 0 3 0 0 2 0 0 0 0 0 0 0 0 1 0 0 0 0 1 0 0 17 0 0 0 0 0 0 0 0 0 7 4 0 0 0 0 0 0 0 26 0 0 0 0 0 0 0 3 0 0 0 0 0 0 0 0 0 0 0 0 0 0 1 0 0 53 7 0 1 14 0 0 0 
8 276 0 0 0 0 0 0 2 0 0 0 0 1 0 0 0 1 0 0 0 0 6 0 0 0 0 4 0 1 1 0 0 0 0 0 0 0 1 0 1 0 0 4 0 0 0 0 0 9 0 0 0 0 0 1 0 0 0 0 0 0 0 0 0 0 0 0 0 0 0 0 0 0 0 0 0 0 4 24 0 0 0 0 0 4 2 13 0 5 0 0 0 0 2 0 3 0 0 0 0 0 0 0 0 0 0 1 1 0 1 0 0 1 3 0 0 0 0 0 1 8 1 1 7 0 0 0 0 9 0 0 0 0 0 1 2 2 0 0 0 0 7 1 0 0 0 0 3 0 0 0 1 1 0 0 1 0 0 0 0 0 0 0 0 0 0 0 0 0 0 0 12 0 0 0 0 0 0 0 0 1 1 0 1 0 0 0 0 1 0 1 1 0 0 0 0 0 1 0 0 12 0 0 0 0 0 0 0 0 0 5 2 0 1 0 0 0 0 0 23 0 0 0 0 0 0 0 4 0 0 0 0 0 0 0 0 1 0 0 0 0 1 1 2 0 43 1 0 0 16 0 0 0 
9 244 0 1 0 0 0 0 0 0 0 0 0 0 0 0 0 0 0 1 0 0 10 0 0 0 0 1 0 1 0 0 0 0 0 0 0 0 0 0 0 0 0 3 0 0 0 0 0 11 0 0 0 0 0 1 0 0 0 0 0 0 0 0 0 0 0 0 0 0 1 0 0 0 0 0 0 0 5 21 0 1 0 0 0 5 2 9 0 2 1 0 0 0 0 0 4 0 0 0 0 0 0 0 0 0 0 0 0 0 0 1 0 0 0 0 0 0 0 0 0 15 0 0 5 0 0 0 0 1 0 0 0 0 0 3 0 0 0 0 0 0 7 0 0 0 0 0 1 0 1 1 0 0 0 0 0 0 0 0 0 0 0 0 1 0 0 0 0 0 0 0 9 0 0 0 0 0 0 0 0 1 0 0 2 0 0 0 0 0 0 1 0 0 0 0 0 0 3 0 0 12 0 0 0 0 0 0 0 0 0 7 7 0 1 0 0 0 0 0 20 0 0 0 0 0 0 0 1 0 0 0 0 0 0 1 0 0 0 0 0 0 1 2 2 0 40 3 0 2 11 0 1 0 
10 264 2 2 0 0 0 0 1 0 0 0 0 1 0 0 0 1 0 1 0 0 7 0 0 0 0 1 0 0 0 0 0 0 0 0 0 0 0 0 0 0 0 7 0 0 0 0 0 11 0 0 0 0 0 0 0 0 0 0 0 0 0 1 0 0 1 0 0 0 1 0 0 0 0 0 0 2 5 36 0 0 0 0 0 1 1 8 0 3 0 0 0 0 0 1 4 0 0 0 0 0 1 0 0 0 0 0 0 0 0 0 0 0 2 0 0 0 0 0 1 14 3 0 7 0 0 0 0 5 0 0 0 0 0 1 0 0 0 0 0 0 5 0 0 0 0 0 1 0 0 0 0 0 0 0 1 0 0 1 0 0 0 0 0 0 0 0 1 0 0 0 6 0 0 0 0 0 0 0 0 1 0 0 2 1 0 0 0 0 0 0 2 0 0 0 0 0 4 0 0 11 0 0 0 0 0 0 0 0 0 8 5 0 0 0 0 0 0 0 19 0 0 0 0 0 0 0 2 0 0 0 0 0 0 0 0 0 0 0 0 0 1 0 1 0 36 1 0 1 21 0 0 0 
11 313 0 1 0 0 0 0 0 0 0 0 0 1 0 0 0 0 0 2 0 0 15 0 0 0 0 1 0 0 0 0 0 0 5 0 0 0 0 0 0 0 0 8 0 0 0 0 0 16 0 0 0 0 0 2 1 1 0 0 0 0 0 2 0 0 0 0 0 0 0 0 0 0 2 0 0 0 3 35 0 0 0 0 0 3 1 17 0 1 0 0 0 0 0 2 9 0 0 0 0 0 0 0 0 0 0 0 0 0 1 0 0 0 2 0 1 0 0 0 1 11 0 0 2 0 0 0 0 3 0 0 0 0 0 13 0 1 0 0 0 0 3 0 0 0 0 0 0 0 1 0 0 0 0 0 0 0 0 1 0 0 0 0 0 0 0 0 0 0 0 0 2 0 0 0 0 0 0 0 1 1 0 0 0 0 0 0 0 0 0 1 3 0 0 0 0 0 6 0 0 33 0 0 0 3 0 0 0 1 0 8 1 0 1 0 0 0 0 0 22 0 0 0 0 0 0 0 1 0 0 0 0 0 0 0 0 1 0 0 0 0 2 1 2 0 35 1 0 3 15 0 0 0 
12 289 0 0 0 1 0 0 0 0 0 0 0 0 0 0 0 0 0 1 0 0 7 0 0 0 0 1 0 1 0 0 0 0 1 0 0 0 0 0 1 0 0 6 0 0 0 0 0 5 0 0 0 0 0 0 0 0 0 0 0 0 1 0 0 0 0 0 0 0 0 0 0 0 0 0 0 0 3 30 0 2 0 0 0 7 0 13 0 2 0 0 0 0 0 1 7 0 1 0 0 0 1 0 1 0 1 0 0 0 0 0 0 0 5 0 0 0 0 0 0 9 3 0 6 0 0 0 0 3 0 0 0 0 0 2 0 0 0 0 0 0 10 0 0 0 0 0 1 0 1 1 1 0 1 0 2 0 0 0 0 0 0 0 0 0 0 1 0 0 0 0 6 0 0 0 0 0 0 0 0 3 0 0 2 1 0 0 0 0 0 3 0 1 0 0 0 1 2 0 1 25 0 0 0 0 0 0 0 0 0 5 0 0 0 0 0 0 0 0 31 0 0 0 0 0 0 0 0 0 0 0 0 0 0 1 0 0 0 0 0 0 1 1 0 0 43 0 0 4 16 0 0 0 
13 297 0 1 0 0 0 0 0 0 0 0 0 0 0 0 0 0 0 1 0 0 24 0 0 0 0 1 0 0 0 0 0 0 0 0 0 1 0 0 0 0 0 3 0 0 0 0 0 3 0 0 0 0 0 0 0 0 0 0 0 0 0 2 0 0 1 0 0 0 0 0 0 0 0 0 0 1 6 41 0 0 0 0 0 3 0 14 0 1 0 0 0 0 0 1 6 0 0 0 0 0 0 0 1 0 0 0 0 0 0 0 0 0 1 0 0 0 0 0 0 12 5 1 0 0 0 0 0 4 0 0 0 0 0 3 0 0 0 0 0 0 3 0 1 0 0 0 1 0 1 1 0 0 1 0 0 0 0 0 1 0 0 0 0 0 0 0 0 0 0 0 10 0 0 0 0 0 0 0 0 1 0 0 3 0 0 0 0 0 0 3 2 0 0 0 0 0 1 0 0 34 1 0 0 1 0 0 0 0 0 7 1 0 0 0 0 0 0 0 14 0 0 0 0 0 0 0 4 0 0 0 0 0 0 0 0 3 0 0 0 0 4 0 4 0 46 0 0 1 10 0 0 0 
14 273 0 0 0 0 0 0 0 0 0 0 0 0 0 0 0 0 0 0 0 0 25 0 0 0 0 1 0 2 0 1 0 0 0 0 0 0 0 0 0 0 0 2 0 0 0 0 0 6 0 0 0 0 0 0 0 0 0 0 0 0 0 2 1 0 0 0 0 0 0 0 0 0 0 0 0 2 2 19 0 0 0 0 0 8 1 9 0 2 0 0 0 0 0 3 4 0 0 0 0 0 0 0 0 0 0 0 0 0 0 0 0 0 5 0 0 0 0 0 0 12 4 0 0 0 0 0 0 5 0 0 0 0 0 2 1 0 0 0 0 0 7 0 0 0 0 0 2 0 0 1 1 0 0 0 4 0 0 0 0 0 0 0 1 0 0 0 0 0 0 0 8 0 0 0 0 0 0 0 0 1 0 0 3 4 0 0 0 0 0 1 0 0 0 0 0 1 2 0 0 37 2 0 0 1 0 0 0 0 0 7 3 0 0 0 0 0 0 0 14 0 0 0 0 0 0 0 1 0 0 0 0 0 0 0 0 1 0 0 0 0 4 0 2 0 28 1 0 3 10 1 0 0 
15 268 0 0 0 0 0 0 1 0 0 0 0 0 0 0 0 0 0 0 0 0 29 0 0 0 0 0 0 0 0 0 0 0 0 0 0 0 0 0 1 0 0 4 0 0 0 0 0 6 0 0 0 0 0 0 3 0 0 0 0 0 0 0 0 0 1 0 0 0 0 0 0 0 0 0 0 1 7 16 0 0 0 0 0 9 0 2 0 5 0 0 0 0 0 1 5 0 1 0 0 0 0 0 0 0 0 0 0 0 0 0 0 0 6 0 0 0 0 0 0 10 3 0 2 0 0 0 0 5 0 0 0 0 0 2 0 0 0 0 0 0 7 0 1 0 0 0 1 0 1 0 1 0 1 0 3 0 0 0 0 0 0 1 0 0 0 0 0 0 0 0 8 0 0 0 0 0 0 0 0 0 0 0 0 0 0 0 0 0 0 1 0 1 0 0 0 0 1 0 0 37 0 0 0 0 0 0 0 0 0 9 2 0 0 0 0 0 0 1 7 0 0 0 0 0 0 0 1 0 0 0 0 0 0 0 0 1 0 0 0 0 2 0 1 0 36 1 0 0 22 0 1 0 
16 271 0 2 0 0 0 0 0 0 0 0 0 0 0 0 0 0 0 0 0 0 24 0 0 1 0 0 0 2 0 0 0 0 0 0 0 0 0 0 1 0 0 0 0 0 0 0 0 12 0 0 0 0 0 1 2 0 0 0 0 0 0 0 0 0 0 0 0 0 1 0 0 0 0 0 0 1 6 11 0 1 0 0 0 4 1 14 0 1 0 0 0 1 0 1 3 0 0 0 0 0 0 0 0 0 0 0 0 0 0 0 0 0 4 0 0 0 0 0 1 10 1 0 4 0 0 0 0 2 0 0 0 0 0 4 0 0 0 0 0 0 5 0 0 0 0 0 1 0 0 0 0 0 0 0 0 0 0 0 0 0 0 0 0 0 0 0 0 0 0 0 3 0 0 0 0 1 0 0 0 4 0 0 3 0 0 0 0 0 0 1 1 0 0 0 0 0 2 0 0 50 1 0 0 0 0 0 0 0 0 15 3 0 1 0 0 0 0 0 6 0 0 0 0 0 0 0 1 0 1 0 0 0 0 0 0 0 0 0 0 0 4 0 0 0 40 0 1 2 7 0 1 0 
17 252 1 0 0 0 0 0 0 0 0 0 0 0 0 0 0 0 0 1 0 0 16 0 0 1 0 0 1 1 0 0 0 0 0 0 0 0 0 0 1 0 0 0 0 0 0 0 0 4 0 0 0 0 0 1 1 0 0 0 0 0 0 0 0 0 1 0 0 0 0 0 0 0 0 0 0 1 7 5 0 0 0 1 0 2 1 9 0 1 0 0 0 0 1 3 1 0 0 0 0 0 0 0 0 0 0 0 0 0 4 0 0 0 5 0 0 0 0 0 2 6 2 1 1 1 0 0 0 0 0 0 0 0 0 1 1 0 0 0 0 0 2 0 0 0 0 0 2 0 0 3 0 0 0 0 8 0 0 0 0 0 0 0 1 0 0 0 0 0 0 0 6 0 0 0 0 0 0 0 0 0 0 0 4 1 0 0 0 0 0 0 1 0 1 0 0 0 3 0 0 48 0 0 0 1 0 0 0 0 0 18 2 0 0 0 0 0 0 0 6 0 0 0 0 0 0 0 0 0 0 0 0 0 0 0 1 1 0 0 0 0 2 0 0 0 43 3 0 2 6 1 0 0 
18 252 0 3 0 0 1 0 2 0 0 0 0 0 0 0 0 0 0 0 0 0 35 2 0 0 0 2 0 0 0 0 0 0 0 0 0 0 0 0 0 0 0 0 0 0 0 0 0 6 0 0 0 0 0 2 2 0 0 0 0 0 0 0 0 0 1 0 0 0 0 0 0 0 1 0 0 0 6 3 0 0 0 0 0 1 3 12 0 3 0 0 0 0 0 1 2 0 3 0 0 0 0 0 0 0 0 0 0 0 0 0 0 0 2 0 0 0 0 0 0 4 2 1 10 1 0 0 0 8 0 0 0 0 0 2 0 0 0 0 0 0 3 2 0 0 0 0 1 0 0 1 1 0 0 0 5 0 0 0 0 0 0 1 0 0 0 0 0 0 0 0 6 0 0 0 0 0 0 0 0 0 0 0 2 0 0 0 0 0 0 0 1 0 0 0 0 1 2 0 0 37 0 0 0 2 0 0 0 0 0 22 1 0 0 0 0 0 0 0 1 0 0 0 0 0 0 0 2 0 0 0 0 0 0 0 0 1 0 0 0 0 2 1 1 0 26 2 0 1 5 0 0 0 
19 240 0 2 0 0 0 0 1 0 0 0 0 0 0 0 0 0 0 0 0 0 21 0 0 0 0 1 0 3 0 0 0 0 0 0 0 0 0 0 1 0 0 0 0 0 0 0 0 2 0 0 0 0 0 0 0 0 0 0 0 0 1 0 0 0 1 0 0 0 2 0 0 0 0 0 0 0 1 1 0 0 0 0 0 2 2 22 1 7 0 0 0 0 0 2 7 0 0 0 0 0 0 0 0 0 0 0 0 0 0 0 0 0 4 0 0 0 0 0 0 0 8 0 13 0 0 0 0 1 0 0 0 0 0 3 0 0 0 0 0 0 3 0 0 0 0 0 9 0 1 1 0 0 1 0 0 0 0 0 0 0 0 0 0 0 0 0 0 0 0 0 8 0 1 0 0 0 0 0 0 1 0 0 3 0 0 0 0 0 0 0 2 0 0 0 0 0 4 0 0 48 0 0 0 0 0 0 0 0 1 14 1 0 0 0 0 0 0 0 1 0 0 0 0 0 0 0 8 0 0 0 0 0 0 0 0 2 0 0 1 0 2 0 0 0 15 0 0 0 3 0 1 0 
20 203 0 0 0 0 0 0 0 0 0 0 0 0 0 1 0 2 0 0 0 0 18 0 0 0 0 2 0 0 0 0 0 0 0 0 0 0 0 0 0 0 0 2 0 0 0 0 0 9 0 0 0 0 0 3 0 0 0 0 1 0 0 0 0 0 3 0 0 0 2 0 0 0 1 0 0 0 2 3 0 2 0 0 0 1 1 9 0 1 0 0 1 0 0 1 9 0 0 0 0 0 0 0 0 0 0 0 0 0 2 0 0 0 5 0 0 0 0 0 2 1 1 0 5 0 0 0 0 3 0 0 0 0 0 0 0 0 0 0 0 0 3 0 0 0 0 0 4 1 0 0 0 0 1 0 2 0 0 0 0 0 0 0 0 0 0 0 0 0 0 0 2 0 0 0 0 0 0 0 0 0 0 0 4 3 0 0 0 0 0 0 1 0 0 0 0 1 5 0 0 51 2 0 0 0 0 0 0 0 0 9 1 0 0 0 0 0 0 0 2 0 0 0 0 0 0 0 2 0 0 0 0 0 1 0 0 0 0 0 1 0 5 0 0 0 5 2 0 0 1 0 0 1 
21 188 0 0 0 0 1 0 0 0 0 0 0 0 0 0 0 0 0 0 0 0 24 0 0 0 0 0 0 0 0 0 0 0 0 0 0 0 0 0 0 0 0 1 0 0 0 0 0 9 0 0 0 0 0 0 0 0 0 0 0 0 0 0 0 0 1 0 0 0 3 0 0 0 1 0 0 3 3 5 0 0 0 0 0 0 2 5 0 4 0 0 0 0 0 3 6 0 0 0 0 0 0 0 0 0 0 0 0 0 0 0 0 0 0 0 0 0 0 0 0 1 3 0 8 1 0 0 0 0 0 0 0 0 0 3 0 0 0 0 0 0 5 0 0 0 0 0 3 1 0 5 0 0 0 0 2 0 0 0 1 0 0 1 0 0 0 0 0 0 0 0 5 0 0 0 0 0 0 0 0 0 0 0 1 2 0 0 0 0 0 0 0 0 0 0 0 0 4 0 0 38 1 0 0 2 0 0 0 0 0 8 0 0 0 0 0 0 0 0 0 0 0 0 0 1 0 0 2 0 0 0 0 0 0 0 0 0 0 0 0 0 2 3 0 0 5 0 0 1 1 1 0 0 
22 196 0 0 0 0 0 0 1 0 2 0 0 0 0 0 0 1 0 0 0 0 30 0 0 0 0 0 0 2 0 0 0 0 0 0 0 0 0 0 0 0 0 4 0 0 0 0 1 7 0 0 0 0 0 0 0 0 0 0 0 0 0 0 0 0 1 0 0 0 2 0 0 0 0 0 0 2 3 6 0 0 0 0 0 0 0 4 0 2 0 0 0 0 0 1 6 0 0 0 0 0 0 0 0 0 0 0 0 0 2 0 0 0 0 0 0 0 0 0 0 1 4 0 8 0 0 0 0 0 0 0 0 0 1 1 0 0 0 0 0 0 1 0 0 0 0 0 2 0 0 1 0 0 2 0 3 0 0 0 0 0 0 1 1 0 0 0 0 0 0 0 3 0 0 0 0 0 0 0 0 0 0 0 2 0 0 0 0 0 0 0 0 0 0 0 0 0 2 0 0 53 0 0 0 1 0 0 0 0 0 11 0 0 0 0 0 0 0 0 3 0 0 0 0 0 0 0 0 0 0 0 0 0 0 0 0 1 0 0 0 0 8 3 1 0 1 0 0 2 1 0 0 0 
23 198 0 0 0 0 0 0 1 0 0 0 0 0 0 0 0 0 0 0 0 0 39 0 0 0 0 1 0 0 0 0 0 0 0 0 0 0 0 0 0 0 0 3 0 0 0 0 0 4 0 0 0 0 0 0 0 0 0 0 0 0 0 0 0 0 0 1 0 0 1 0 0 0 2 0 0 0 0 9 0 0 0 0 0 2 4 1 0 0 0 0 0 0 0 3 5 0 0 0 0 0 0 0 0 0 0 0 0 0 1 0 0 0 1 1 0 0 0 0 0 6 2 0 6 1 0 0 0 1 0 0 0 0 0 2 1 0 0 0 0 0 0 0 0 0 0 0 0 0 0 3 1 0 1 0 2 0 0 0 0 0 0 0 2 0 0 0 0 0 0 0 2 0 0 0 0 0 0 0 0 1 0 0 0 0 0 0 0 0 0 1 1 0 1 0 0 0 1 0 0 57 1 0 0 0 0 0 0 0 0 3 0 0 0 0 0 0 0 0 5 0 0 0 0 0 0 0 0 0 0 0 0 0 0 0 0 0 0 0 0 0 5 3 2 0 2 1 0 1 3 0 0 0 
24 189 0 0 0 0 0 0 0 0 0 0 0 0 0 0 0 0 0 0 0 0 45 1 0 0 0 0 0 0 0 0 0 0 0 0 0 0 0 0 0 0 0 3 0 0 0 0 2 1 0 0 0 0 0 1 0 0 0 0 0 0 0 0 0 0 1 0 0 0 0 0 0 0 1 0 0 1 2 14 0 0 0 0 0 0 3 2 0 0 0 0 0 0 0 0 0 0 0 0 0 0 0 0 0 1 0 0 0 0 0 0 0 0 1 0 0 0 0 0 0 7 4 0 1 0 0 0 0 0 0 0 0 0 0 0 0 1 0 0 0 0 1 0 0 0 0 0 0 0 0 1 0 0 3 0 2 0 0 0 0 0 0 1 0 0 1 0 0 0 0 0 1 0 0 0 0 0 0 0 0 0 0 0 0 1 0 0 0 0 0 2 0 0 0 0 0 0 1 0 0 56 1 0 0 0 0 0 0 0 0 0 1 0 0 0 0 0 0 0 10 0 0 0 0 0 0 0 0 0 0 0 0 0 0 0 0 0 0 0 0 0 4 2 2 0 3 0 0 0 2 0 0 0 
25 222 0 0 0 0 0 0 0 0 0 0 0 0 0 0 0 0 0 0 0 0 39 0 0 0 0 0 0 0 0 0 0 0 0 0 0 0 0 0 0 0 0 0 0 0 0 0 0 5 0 0 0 0 0 0 0 0 0 0 0 0 0 1 0 0 1 0 0 0 1 0 0 0 1 0 0 0 0 12 0 1 0 0 0 0 1 3 0 0 0 0 0 0 0 0 1 0 0 0 0 0 1 0 0 0 0 0 0 0 0 0 0 0 0 0 0 0 0 0 0 6 8 0 2 0 0 0 0 0 0 0 0 0 0 0 0 0 0 0 0 0 0 0 0 0 0 0 0 0 0 2 0 0 0 0 3 0 0 0 0 0 0 3 0 0 0 0 0 0 0 0 3 0 0 0 0 0 0 0 0 0 0 0 0 0 0 0 0 0 0 0 0 0 1 0 0 0 0 0 0 84 2 0 0 0 0 0 0 0 0 0 1 0 0 0 0 0 0 0 16 0 0 0 0 0 0 0 0 0 0 0 0 0 0 0 0 0 0 0 0 0 4 1 3 0 8 0 0 0 8 0 0 0 
26 255 0 1 0 0 0 0 4 0 0 1 0 0 0 0 0 0 0 0 0 0 43 0 0 0 0 1 0 0 0 0 0 0 0 0 0 0 0 0 0 0 0 7 0 0 0 0 0 0 0 0 0 0 0 1 0 0 0 0 0 0 0 0 2 0 2 0 0 0 0 0 0 0 0 0 0 3 1 9 0 0 0 0 0 0 0 1 1 0 0 0 0 0 0 0 0 0 0 0 0 0 0 0 0 0 0 0 0 0 0 0 0 0 1 0 0 0 0 0 0 7 10 0 0 0 0 0 0 0 0 0 0 0 0 1 0 0 0 0 0 0 1 0 1 0 0 0 0 0 0 1 0 0 4 0 3 0 0 0 0 0 0 1 1 0 0 0 0 0 0 0 3 0 0 0 0 0 0 0 0 0 0 0 1 0 0 0 0 0 0 1 0 0 0 0 0 0 0 0 0 81 1 0 0 0 0 0 0 0 0 1 7 0 0 0 0 0 0 0 12 0 0 0 0 0 0 0 0 0 0 0 0 0 0 0 0 0 0 0 0 0 11 1 0 0 21 0 0 0 5 0 0 0 
27 222 0 0 0 0 0 0 2 0 0 0 0 0 0 0 0 0 0 0 0 0 21 0 0 0 0 0 0 0 0 0 0 0 0 0 0 0 0 0 0 0 0 5 0 0 0 0 0 0 0 0 0 0 0 0 0 0 0 0 0 0 0 0 0 0 1 0 0 0 0 0 0 0 0 0 0 0 0 14 0 1 0 0 0 0 1 3 0 0 0 0 0 0 0 1 2 0 0 0 0 0 0 0 0 0 0 0 1 0 0 0 0 0 1 0 0 0 0 0 0 6 3 0 0 0 0 0 0 3 0 0 0 0 1 0 0 0 0 0 0 0 0 0 0 0 0 0 0 0 1 1 0 0 1 0 3 0 0 0 0 0 0 2 1 0 0 0 0 0 0 0 8 0 0 0 0 0 0 0 0 0 0 0 0 0 0 0 0 0 0 2 0 0 0 0 0 0 0 0 0 82 0 0 0 0 0 0 0 0 0 3 4 0 0 0 0 0 0 0 9 0 0 0 0 0 0 0 2 0 0 0 0 0 0 0 0 0 0 0 0 0 6 1 1 0 20 0 0 0 8 0 0 0 
28 248 1 2 0 0 0 0 0 0 0 0 0 0 0 0 0 0 0 0 0 0 14 0 0 0 0 0 0 1 0 0 0 0 0 0 0 0 0 0 0 0 0 5 0 0 0 0 0 0 0 0 0 0 0 0 1 0 0 0 0 0 0 2 0 0 1 0 0 0 0 0 0 0 1 0 0 1 5 10 0 0 0 0 0 2 0 9 0 2 0 0 0 0 1 1 0 0 0 0 0 0 0 0 0 0 0 0 0 0 0 0 0 0 2 0 1 0 0 0 0 12 4 0 3 0 0 0 0 5 0 0 0 0 1 0 0 0 0 0 0 0 1 1 1 0 0 0 1 1 1 1 0 0 0 0 1 0 0 0 0 0 0 1 1 0 0 0 0 0 0 0 5 0 0 0 0 1 0 0 0 1 0 0 0 0 0 0 0 0 0 1 1 0 0 0 0 0 0 0 0 67 1 0 0 1 0 1 0 0 0 1 0 0 0 0 0 0 0 0 21 0 0 0 0 0 0 0 1 0 0 0 0 0 0 0 0 0 0 0 0 0 7 2 0 0 29 1 1 0 7 0 0 0 
29 269 0 2 0 0 0 0 0 0 0 1 0 0 0 0 0 0 0 0 0 0 14 0 0 0 0 1 0 0 0 0 0 0 0 0 0 0 0 0 0 0 0 4 0 0 0 0 0 1 0 0 0 0 0 0 0 0 0 0 0 0 0 4 0 0 0 0 0 0 0 0 0 0 0 1 0 0 2 13 0 0 0 0 0 0 0 14 0 3 0 0 0 0 0 1 4 0 0 0 0 0 0 0 0 0 0 0 0 0 0 0 0 0 2 0 0 0 0 0 0 6 2 0 5 0 0 0 0 1 0 0 0 0 0 0 0 0 0 0 0 0 0 1 1 0 0 0 0 0 0 1 0 0 2 0 1 0 0 0 0 0 0 0 0 0 0 0 0 0 0 0 12 0 0 0 0 0 0 0 0 3 0 0 1 0 0 0 0 0 0 4 2 0 0 0 0 0 0 0 0 45 0 0 0 0 0 0 0 0 0 4 1 0 1 0 0 0 0 0 37 0 0 0 0 0 0 0 2 0 0 0 0 0 1 0 0 0 0 0 0 0 3 1 0 0 44 2 1 0 16 0 0 0 
30 257 1 1 0 0 0 0 2 0 0 0 0 1 0 0 0 0 0 2 0 0 6 0 0 1 0 1 0 0 0 0 0 0 0 0 0 0 1 0 0 0 0 3 0 0 0 0 0 8 0 0 0 0 0 1 0 0 0 0 0 0 0 0 0 0 0 0 0 0 0 0 0 0 0 0 0 1 4 8 0 0 0 0 0 5 1 13 0 0 0 0 0 1 0 1 7 0 0 0 0 0 0 0 0 0 0 0 2 0 0 0 0 0 2 0 0 0 0 0 0 11 2 0 3 0 0 0 0 4 0 0 0 0 0 0 0 1 0 0 0 0 6 0 0 0 0 0 0 0 0 0 0 0 0 0 0 0 0 0 0 0 0 0 0 0 0 0 0 0 0 0 5 0 0 0 0 0 0 0 0 2 0 0 0 0 0 0 0 0 0 1 0 0 0 0 0 0 1 0 1 30 0 0 0 0 0 0 0 0 0 6 6 0 0 0 0 0 0 0 38 0 0 0 0 0 0 0 5 0 0 0 0 0 0 0 0 0 0 0 0 0 0 9 0 0 36 1 0 1 15 0 0 0 
31 239 0 0 0 0 1 0 0 0 0 0 0 0 0 0 0 0 0 1 0 0 4 0 0 0 0 1 0 1 0 0 0 0 0 0 0 0 0 0 0 0 0 4 0 0 0 0 0 10 0 0 0 0 0 1 0 0 0 0 0 0 0 0 1 0 0 0 0 0 2 0 0 0 1 0 0 0 5 14 0 0 0 0 0 0 0 14 0 8 0 0 0 0 0 0 4 0 0 0 0 0 1 0 0 0 0 0 0 0 0 0 0 0 1 0 0 0 0 0 1 14 1 1 6 0 0 0 0 4 0 0 0 0 0 12 0 0 0 0 0 0 1 0 1 0 0 0 1 0 0 0 0 0 1 0 0 0 0 0 0 0 0 0 0 0 0 0 0 0 0 0 5 0 0 0 1 0 0 0 0 1 0 0 0 0 0 0 0 0 0 1 0 0 0 0 0 0 3 0 0 27 0 0 0 1 0 0 0 0 0 4 0 0 0 0 0 0 0 0 25 0 0 0 0 0 0 0 4 0 0 0 0 0 0 0 0 0 0 0 0 0 2 2 0 0 32 3 0 0 9 0 0 0 
32 263 0 1 0 0 0 0 2 0 0 0 0 1 0 0 0 0 0 1 0 0 14 1 0 0 0 0 0 1 1 0 0 0 0 0 0 0 0 0 0 0 0 5 0 0 0 0 0 11 0 0 0 0 0 2 0 0 0 0 0 0 0 1 0 0 0 0 0 0 1 0 0 0 0 0 0 0 4 16 0 0 0 0 0 5 2 11 0 0 1 0 0 0 2 0 6 0 0 0 0 0 0 0 0 0 0 0 0 0 1 0 0 0 5 0 0 0 0 0 0 10 1 0 9 0 0 0 0 2 0 0 0 0 0 4 1 2 0 0 0 0 8 2 1 0 0 0 3 0 0 0 0 0 0 0 2 0 0 0 0 0 0 0 0 0 0 0 0 0 0 0 5 0 0 0 1 0 0 0 0 0 0 0 2 0 0 0 0 0 0 1 0 0 0 0 0 0 0 0 0 27 0 0 0 1 0 0 0 0 0 6 3 0 0 0 0 0 0 0 23 0 0 0 0 0 0 0 0 0 0 0 0 0 0 0 0 2 0 0 0 0 0 4 0 0 38 0 0 3 7 0 0 0 
33 283 0 1 0 0 0 0 2 0 0 0 0 0 0 0 0 0 0 0 0 0 14 0 0 0 0 0 0 0 0 0 0 0 0 0 0 0 0 0 0 0 0 7 0 0 0 0 0 8 0 0 0 0 0 3 0 0 0 0 0 0 0 0 0 0 0 0 0 0 0 0 0 0 1 0 0 0 7 22 0 0 0 0 0 2 4 15 0 4 0 0 0 0 0 1 1 0 0 0 0 0 0 0 0 0 0 0 1 0 0 0 0 0 2 0 0 0 0 0 0 11 0 1 3 0 0 0 0 5 0 0 0 0 0 2 1 0 0 0 0 0 6 1 1 0 0 0 1 0 0 0 1 0 0 0 0 0 0 0 0 0 0 0 1 0 0 0 0 0 0 0 5 0 0 0 0 0 0 0 0 0 0 0 2 1 0 0 0 0 0 1 1 0 0 0 0 0 1 0 1 16 0 0 0 1 0 0 0 2 0 9 12 0 2 0 0 0 0 0 43 0 0 0 0 0 0 0 4 0 0 0 0 0 0 0 0 0 0 0 0 0 0 2 0 0 28 4 0 5 10 0 0 0 
34 302 0 1 0 1 0 0 0 0 0 0 0 0 0 0 0 0 0 0 0 0 14 0 0 0 0 3 1 0 0 0 0 0 1 0 0 0 0 0 0 0 0 1 0 0 0 0 0 8 0 0 0 0 0 1 1 0 0 0 0 0 1 2 0 0 0 0 0 0 1 0 0 0 0 0 0 0 2 31 0 0 0 1 0 3 1 7 0 2 1 0 0 0 0 0 7 0 0 0 0 0 0 0 0 0 0 0 0 0 0 0 0 0 2 0 0 0 0 0 1 18 1 0 8 0 0 0 0 1 0 0 0 0 0 4 0 0 0 0 0 0 6 0 1 0 0 0 0 2 0 0 0 0 0 0 0 0 0 0 0 0 0 0 0 0 0 0 0 0 0 0 7 0 0 0 0 0 0 0 0 1 0 0 5 0 0 0 0 0 0 4 0 0 0 0 0 0 5 0 0 25 0 0 0 1 0 0 0 6 0 5 5 0 0 0 0 0 0 0 39 0 0 0 0 0 0 0 2 0 0 0 0 0 0 0 0 0 0 0 0 0 1 6 0 0 40 0 0 7 8 0 0 0 
35 299 0 1 0 0 0 0 0 0 0 0 0 0 0 0 0 0 0 1 0 0 18 0 0 0 0 1 0 0 0 0 0 0 0 0 0 0 0 0 0 0 0 4 0 0 0 0 0 9 0 0 0 0 0 1 2 0 0 0 0 0 0 1 0 0 1 0 0 0 2 0 0 0 1 0 0 0 5 30 0 0 0 0 0 13 2 4 1 3 0 0 0 0 0 0 3 0 0 0 0 0 0 0 0 0 0 0 0 0 0 0 0 0 3 0 0 0 0 0 0 17 3 0 5 0 0 0 0 2 0 0 0 0 0 1 0 0 0 0 0 0 6 1 0 0 0 0 1 0 1 0 0 1 2 0 3 0 0 0 1 0 0 0 0 0 0 0 0 0 0 0 1 0 0 0 0 0 0 0 0 2 0 0 3 2 0 0 0 0 0 2 1 0 0 0 0 0 3 0 0 34 1 0 0 0 0 0 0 1 0 9 5 0 0 0 0 0 0 0 39 0 0 0 0 0 0 0 1 0 0 0 0 0 0 0 0 0 0 0 0 0 2 1 1 0 29 0 0 0 12 0 0 0 
36 293 0 2 0 0 0 0 1 0 0 0 0 1 0 0 0 0 0 0 0 0 16 0 0 0 0 2 0 0 0 0 0 0 0 0 0 0 0 0 1 0 0 5 0 0 0 0 0 10 0 0 0 0 0 0 0 0 0 0 1 0 0 0 0 0 0 0 0 0 1 0 0 0 1 0 0 0 3 35 0 0 0 0 0 0 1 7 0 1 0 0 0 0 0 1 5 0 0 0 0 0 0 0 0 0 0 0 0 0 0 0 0 0 0 0 0 0 0 0 0 7 1 0 4 0 0 0 0 5 0 0 0 0 0 1 0 0 0 0 0 0 10 0 0 0 0 0 1 0 0 0 0 0 0 0 1 0 0 0 0 0 0 0 0 0 0 0 0 0 0 0 5 0 0 0 0 0 0 0 0 1 0 0 2 3 0 0 0 0 0 0 1 0 0 0 0 0 1 0 0 25 0 0 0 1 0 0 0 0 0 10 1 0 0 0 0 0 0 0 39 0 0 0 0 0 0 0 0 0 0 0 0 0 0 0 0 3 0 0 0 0 1 3 0 0 54 1 0 6 10 0 0 0 
37 282 0 2 0 0 0 0 0 0 0 1 0 0 0 0 0 0 0 0 0 0 23 0 0 0 0 0 1 0 0 0 0 0 0 0 0 0 0 0 0 0 0 6 0 0 0 0 0 4 0 0 0 0 0 1 3 0 0 0 1 0 0 0 0 0 0 0 0 0 2 0 0 0 1 0 0 1 4 38 0 0 0 0 0 3 1 13 0 1 0 0 0 0 0 1 5 0 0 0 0 0 0 0 0 0 0 0 0 0 0 0 0 0 2 0 0 0 0 0 1 14 1 0 4 0 0 0 0 5 0 0 0 0 0 2 2 0 0 0 0 0 3 0 1 0 0 0 3 0 0 1 1 0 2 0 3 0 0 0 0 0 0 0 0 0 0 0 0 0 0 0 6 0 0 0 0 0 0 0 0 0 0 0 5 3 0 0 0 0 0 2 2 0 0 0 0 0 2 0 0 38 2 0 0 0 0 0 0 0 1 4 3 0 0 0 0 0 0 0 15 0 0 0 0 0 0 0 0 0 0 0 0 0 0 0 0 0 0 0 0 0 0 1 0 0 25 0 0 1 12 0 0 0 
38 295 0 0 0 0 0 0 1 0 0 0 0 0 0 0 0 0 0 0 0 0 18 0 0 0 0 0 0 1 0 0 0 0 0 0 0 0 0 0 0 0 0 3 0 0 0 0 0 13 0 0 0 0 0 2 1 0 0 0 1 0 0 1 0 0 3 0 0 0 0 0 0 0 1 0 0 0 4 47 0 2 0 0 0 2 0 8 0 1 0 0 0 0 0 3 5 0 0 0 0 0 0 0 0 0 0 0 1 0 0 0 1 0 1 0 0 0 0 0 0 10 6 0 6 0 0 0 0 2 0 0 0 0 0 3 0 0 0 0 0 0 5 1 0 0 0 0 0 0 2 0 0 0 3 0 3 0 0 0 0 0 0 0 1 0 0 0 0 0 0 0 2 0 0 0 0 0 0 0 0 1 0 0 2 0 0 0 0 0 0 0 1 0 0 0 0 2 0 0 1 50 0 0 0 3 0 0 0 0 0 10 3 0 0 0 0 0 0 0 12 0 0 0 0 0 0 0 1 0 0 0 0 0 0 0 0 2 0 0 0 0 0 0 0 0 26 1 0 3 10 3 0 0 
39 261 0 0 0 0 0 0 1 0 0 0 0 1 0 0 0 0 0 0 0 0 23 0 0 0 0 2 0 0 0 0 0 0 0 0 0 0 0 0 0 0 0 2 0 0 0 0 0 10 0 0 0 0 0 1 2 0 1 0 0 0 0 0 0 0 0 0 0 0 3 0 0 0 0 0 0 1 4 20 0 1 0 0 0 2 0 9 0 1 0 0 0 0 0 1 6 0 0 0 0 0 0 0 0 0 0 0 0 0 1 0 0 0 2 0 0 0 0 0 0 14 3 0 3 0 0 0 0 1 0 0 0 0 0 1 0 0 0 0 0 0 2 0 0 0 0 0 4 0 1 1 0 0 0 0 2 0 0 1 0 0 0 2 2 0 0 0 0 0 0 0 0 0 0 0 0 0 0 0 0 1 0 0 2 2 0 0 0 0 0 1 0 0 0 0 0 1 2 0 0 47 0 0 0 0 0 0 0 0 0 7 3 0 1 0 0 0 0 0 6 0 0 0 0 0 0 0 2 0 1 0 0 0 0 0 0 0 0 0 0 0 1 2 0 0 39 0 0 3 4 2 2 0 
40 258 0 1 0 0 0 0 0 0 0 0 0 1 0 0 0 0 0 0 0 0 29 0 0 0 0 2 0 1 0 0 0 0 0 0 0 0 0 0 0 0 1 5 0 0 0 0 0 9 0 0 0 0 0 0 4 0 0 0 0 0 1 1 0 0 0 0 0 0 2 0 0 0 0 0 0 0 3 13 0 2 0 0 0 1 2 12 0 3 0 0 0 0 1 0 5 0 0 0 0 0 0 0 0 0 0 0 0 0 0 0 0 0 3 0 0 0 0 0 0 8 2 0 4 0 0 0 0 3 0 0 0 0 0 6 0 0 0 0 0 0 3 0 1 0 0 0 2 0 1 0 1 0 0 0 2 0 0 0 0 0 0 0 0 0 0 0 0 0 0 0 4 0 0 0 0 0 0 0 0 1 0 0 5 0 0 0 0 0 0 0 3 1 0 0 0 0 1 0 0 51 0 0 0 0 0 0 0 1 0 9 0 0 0 0 0 0 0 0 4 0 0 0 0 1 0 0 1 0 0 0 0 0 0 0 0 3 0 0 0 0 2 0 0 0 27 0 0 2 4 2 0 0 
41 300 1 5 0 0 0 0 0 0 0 0 0 0 0 0 0 0 0 0 0 0 16 0 0 0 0 4 0 2 0 0 0 0 0 0 0 0 1 0 0 0 0 2 0 0 0 0 0 18 0 0 0 0 0 2 4 0 0 0 1 0 0 0 0 0 0 0 0 0 1 0 1 0 0 0 0 1 5 8 0 2 0 0 0 3 1 10 0 3 0 0 0 0 0 0 2 0 0 0 0 0 0 0 0 0 0 0 0 0 0 0 0 0 2 0 0 0 0 0 1 11 5 0 5 0 0 0 0 8 0 0 0 0 0 2 0 0 0 0 0 0 5 0 1 0 0 0 4 0 0 1 0 0 0 0 4 0 0 1 1 0 0 0 0 0 0 0 0 0 0 0 1 0 0 0 0 0 0 0 0 2 0 0 5 2 0 0 0 0 0 0 0 0 0 0 0 0 4 0 0 64 1 0 0 1 0 0 0 0 0 17 3 0 0 0 0 0 0 1 4 0 0 0 0 0 0 0 0 0 0 0 0 0 0 1 0 2 0 0 0 0 6 0 0 0 32 2 0 4 3 1 0 0 
42 251 0 1 0 0 0 0 2 0 0 0 0 0 0 0 0 1 0 1 0 0 22 1 0 0 0 1 0 0 0 0 0 0 0 0 0 0 1 0 0 0 0 4 0 0 0 0 0 15 0 0 0 0 0 1 1 1 0 0 0 0 0 0 0 0 1 0 0 0 1 0 0 0 1 0 0 1 5 6 0 0 0 0 0 5 0 8 0 2 0 0 0 0 0 5 14 0 0 0 0 0 0 0 0 0 0 0 0 0 0 0 0 0 5 0 0 0 0 0 0 4 4 0 4 0 0 0 0 11 0 0 0 0 1 5 0 0 0 0 0 0 1 0 0 0 0 0 3 0 0 1 0 0 1 0 5 0 0 0 0 0 0 0 0 0 0 0 0 0 0 0 4 0 0 0 0 0 0 0 0 0 1 0 4 0 0 0 0 0 0 1 2 0 0 0 1 1 3 0 0 30 0 0 0 2 0 0 0 0 0 20 2 0 0 0 0 0 0 0 4 0 0 0 0 0 0 0 1 0 1 0 0 0 0 0 0 1 0 0 0 0 2 1 0 0 21 0 0 1 1 0 0 0 
43 265 0 1 0 0 0 0 1 0 0 0 0 0 0 0 0 0 0 2 0 0 32 0 0 1 0 1 0 0 0 0 0 0 0 0 0 0 0 0 0 0 0 1 0 0 0 0 0 11 0 0 0 0 0 0 1 0 0 0 0 1 0 0 0 0 0 0 0 0 0 0 0 0 1 0 0 2 18 1 0 0 0 0 0 0 1 14 0 7 0 0 0 1 0 2 4 0 0 0 0 0 0 0 0 0 0 0 0 0 0 0 0 0 3 0 0 0 0 0 1 6 5 1 4 0 0 0 0 2 0 0 0 0 0 2 0 0 0 0 0 0 4 0 0 0 0 0 2 0 0 1 0 0 1 0 2 0 0 0 1 0 0 1 0 0 0 0 0 0 0 0 3 0 0 0 0 0 0 0 0 0 0 0 3 0 0 0 0 0 0 2 0 0 0 0 1 1 1 0 0 64 1 0 0 0 0 0 0 0 1 20 1 0 0 0 0 0 0 0 2 0 0 1 0 0 0 0 0 0 0 0 0 0 0 0 0 0 0 0 0 0 8 1 1 0 10 1 0 0 2 0 0 0 
44 226 0 0 0 0 0 0 3 0 0 0 0 0 0 0 0 1 0 0 0 0 31 0 0 0 0 1 0 0 0 0 0 0 0 0 0 0 0 0 0 0 0 0 0 0 0 0 0 14 0 0 0 0 0 1 0 0 0 0 0 0 0 1 0 0 0 0 0 0 0 0 0 0 0 0 0 1 4 1 0 2 0 0 0 1 1 8 0 3 0 0 0 0 0 2 10 0 0 1 0 0 0 0 0 0 0 0 0 0 1 0 0 0 2 0 0 0 0 0 5 2 3 0 5 0 0 0 0 1 0 0 0 0 0 1 0 0 0 0 0 0 1 0 0 0 0 0 1 0 2 1 0 0 2 0 4 0 0 0 0 0 0 0 2 0 0 0 0 0 0 0 5 0 0 0 0 0 0 0 0 0 0 0 2 2 0 0 0 0 0 1 1 0 0 0 0 0 1 0 0 57 0 0 0 1 0 0 0 0 0 14 0 0 0 0 0 0 0 0 0 0 0 0 0 0 0 0 0 0 0 0 0 0 0 1 0 3 0 0 0 0 4 0 0 0 13 0 0 1 0 0 0 0 
45 230 0 0 0 0 0 0 1 0 0 0 0 0 0 0 0 0 0 0 0 0 35 0 0 0 0 1 0 0 0 0 0 0 0 0 0 0 0 0 0 0 0 1 0 0 0 0 0 10 0 0 0 0 2 1 1 0 0 0 0 0 0 0 0 0 0 0 0 0 3 0 0 1 0 0 0 1 2 4 0 2 0 0 0 3 0 11 0 3 0 0 0 0 1 2 10 0 0 0 0 0 0 0 0 0 0 0 0 0 1 0 0 0 1 0 0 0 0 0 0 1 8 0 8 0 0 0 0 1 0 0 0 0 0 2 0 0 0 0 0 0 7 1 0 0 0 0 6 0 2 1 0 1 0 0 2 0 0 0 1 0 0 0 0 0 0 0 0 0 0 0 1 0 0 0 0 0 0 0 0 1 0 0 0 0 0 0 0 0 0 1 3 0 0 0 0 1 3 0 0 51 0 0 0 2 0 0 0 0 0 11 1 0 0 0 0 0 0 0 1 0 0 0 0 0 0 0 1 0 0 0 0 0 0 0 0 1 0 0 0 0 1 4 1 0 5 1 0 0 0 2 0 0 
46 203 0 0 0 2 0 0 1 0 0 0 0 0 0 0 0 0 0 1 0 0 41 0 0 0 0 1 0 1 0 0 0 0 0 0 0 0 0 0 0 0 0 1 0 0 0 0 0 8 0 0 0 0 0 0 0 0 0 0 0 0 0 0 0 0 2 0 0 0 2 0 0 0 1 0 0 1 1 5 0 0 0 0 0 0 1 6 0 1 0 0 0 0 0 0 5 0 0 0 0 0 0 0 0 0 0 0 0 0 0 0 0 0 0 0 0 0 0 0 0 1 4 0 4 0 0 0 0 0 0 0 0 0 0 2 1 0 0 0 0 0 8 0 0 0 0 0 1 0 3 1 0 0 1 0 3 0 0 0 0 1 0 0 0 0 0 0 0 0 0 0 2 0 0 0 0 0 0 0 0 0 0 0 4 0 0 0 0 0 0 2 2 0 0 0 0 0 3 0 0 54 0 0 0 0 0 0 0 0 0 8 0 0 2 0 0 0 0 0 0 0 0 0 0 0 0 0 1 0 0 0 0 0 0 0 0 0 0 0 0 0 7 0 0 0 3 0 0 0 1 1 0 0 
47 233 0 1 0 0 0 0 0 0 0 0 0 0 0 0 0 0 0 0 0 0 34 0 0 0 0 0 0 2 1 0 0 0 0 0 0 0 0 0 0 0 0 3 0 0 0 0 0 3 0 0 0 0 0 0 0 0 0 0 0 0 0 0 0 0 1 0 0 0 3 0 0 0 1 0 0 0 3 10 0 2 0 0 0 4 2 5 0 0 0 0 0 0 0 0 3 0 0 0 0 0 0 0 0 0 0 0 0 0 1 0 0 0 1 0 0 0 0 0 0 3 4 0 5 0 0 0 0 1 0 0 0 0 0 2 0 0 0 0 0 0 2 1 0 0 0 0 0 0 4 0 0 0 2 0 6 0 0 0 0 0 0 0 2 0 0 0 0 0 0 0 1 0 0 0 0 0 0 0 0 1 0 0 2 1 0 0 0 0 0 1 0 0 1 0 0 0 1 0 0 80 0 0 0 0 0 0 0 1 0 2 0 0 0 0 0 0 0 0 2 0 0 0 0 0 0 0 1 0 0 0 0 0 0 0 0 0 0 0 0 0 11 1 0 0 4 2 0 1 6 0 0 0 
48 217 0 0 0 0 0 0 0 0 0 0 1 0 0 0 0 0 0 0 0 0 37 0 0 0 0 0 0 0 0 0 0 0 0 0 0 0 3 0 0 0 0 2 0 0 0 0 0 4 0 0 0 0 0 1 0 0 0 0 0 0 0 0 0 0 2 0 0 0 0 0 0 0 0 0 0 3 0 13 0 0 0 0 0 0 0 4 0 0 2 0 0 0 0 0 4 0 0 0 0 0 0 0 0 0 0 0 1 0 0 0 0 0 1 0 0 0 0 0 0 5 2 0 3 0 0 0 0 2 0 0 0 0 2 0 0 0 0 0 0 0 2 0 0 0 0 0 1 0 3 0 0 0 1 0 2 0 0 0 0 0 0 0 0 0 0 0 0 0 0 0 0 0 0 0 0 0 0 0 0 2 0 0 0 6 0 0 0 0 0 2 0 0 0 0 0 0 0 0 0 74 1 0 0 0 0 0 0 2 0 1 1 0 0 0 0 0 0 0 10 0 0 0 0 0 0 0 1 0 0 0 0 0 0 0 0 0 0 0 0 0 2 3 0 0 2 1 0 1 6 0 0 0 
49 194 0 0 0 0 0 0 1 0 0 0 0 0 0 0 0 1 0 0 0 0 35 0 0 0 0 1 0 0 0 0 0 0 0 0 0 0 3 0 0 0 0 3 0 0 0 0 0 2 0 0 0 0 0 1 0 0 0 0 0 2 0 0 0 0 2 0 0 0 0 0 0 0 0 0 0 1 0 11 0 0 0 0 0 0 1 5 0 0 0 0 0 0 0 1 0 0 0 0 0 0 0 0 0 0 0 0 1 0 0 0 0 0 1 0 0 0 0 0 0 7 3 0 1 0 0 0 0 1 0 0 0 0 0 0 0 0 0 0 0 0 0 1 2 0 0 0 0 0 1 3 0 0 0 0 1 0 0 0 0 0 0 0 0 0 0 0 0 0 0 0 0 0 0 0 0 0 0 0 0 0 0 0 0 0 0 0 0 0 0 2 0 0 1 0 0 0 0 0 0 54 3 0 0 0 0 0 0 1 0 0 2 0 0 0 0 0 0 0 10 0 0 0 0 0 0 0 0 0 0 0 0 0 0 0 0 0 0 0 0 0 11 1 0 0 12 0 0 2 3 0 0 0 
50 219 0 0 0 1 0 0 0 0 0 0 0 0 0 0 0 1 0 0 0 0 33 0 0 0 0 0 0 0 0 0 0 0 0 0 0 0 0 0 0 0 0 2 0 0 0 0 0 2 0 0 0 0 0 0 0 0 0 0 0 0 0 0 0 0 2 0 0 0 0 0 0 0 0 0 0 1 0 13 0 0 0 0 0 0 0 3 0 1 0 0 0 0 0 0 0 0 0 0 0 0 0 0 0 0 0 0 0 0 0 0 0 0 0 0 0 0 0 0 0 11 6 0 1 1 0 0 0 0 0 0 0 0 0 0 0 0 0 0 0 0 0 0 0 0 0 0 0 0 1 3 1 0 0 0 5 0 0 0 0 0 0 0 1 0 0 0 0 0 0 0 0 0 0 0 0 0 0 0 0 1 0 0 0 0 0 0 0 0 0 1 0 0 2 0 0 0 0 0 0 66 1 0 0 0 0 0 0 1 0 2 2 0 1 0 0 0 0 0 13 0 0 0 0 0 0 0 0 0 1 0 0 0 0 0 0 0 0 0 0 0 6 3 0 0 18 0 1 0 9 0 0 0 
51 198 0 0 0 0 0 0 0 0 0 0 0 0 0 0 0 1 0 0 0 0 22 0 0 0 0 0 0 0 0 0 0 0 0 0 0 0 0 0 0 0 0 5 0 0 0 0 0 0 0 0 0 0 0 0 0 0 0 0 0 0 0 0 0 0 1 0 0 0 1 0 0 0 0 0 0 1 0 9 0 0 0 0 0 4 0 3 0 0 0 0 0 0 0 0 2 0 0 0 0 0 0 0 0 0 0 0 1 0 0 0 0 0 0 0 0 0 0 0 0 8 6 0 1 0 0 0 0 0 0 0 0 0 0 0 0 0 0 0 0 0 0 0 1 0 0 0 0 0 3 2 0 0 1 0 3 0 0 0 0 0 0 0 0 0 0 0 0 0 0 0 3 0 0 0 0 1 0 0 0 0 0 0 1 0 0 0 0 0 0 3 0 0 1 0 0 0 0 0 0 63 0 0 0 0 0 0 0 0 0 1 1 0 0 0 0 0 0 0 12 0 0 0 0 0 0 0 0 0 0 0 0 0 0 0 0 0 0 0 0 0 4 2 0 0 25 1 0 0 4 0 1 0 
52 279 0 0 0 0 0 0 0 0 0 0 0 0 0 0 0 1 0 0 0 0 28 1 0 0 0 0 0 0 0 0 0 0 0 0 0 0 0 0 0 0 0 9 0 0 0 0 0 2 0 0 0 0 0 0 0 0 0 0 0 0 0 1 0 0 2 0 0 0 0 0 0 0 1 0 0 1 5 10 0 1 0 0 0 1 0 6 0 0 0 0 0 0 1 1 1 0 0 0 0 0 0 0 0 0 0 0 0 0 0 0 0 0 0 0 0 0 0 0 0 18 5 0 1 0 0 0 0 1 0 0 0 0 0 0 0 0 0 0 0 0 0 0 1 0 0 0 0 0 2 2 2 0 1 0 3 0 0 0 0 0 0 0 0 0 0 0 0 0 0 0 0 0 0 0 0 0 0 0 0 2 0 0 2 3 0 0 0 0 0 3 0 0 0 0 0 0 0 0 0 59 0 0 0 0 0 0 0 0 0 1 0 0 0 0 0 0 0 0 47 0 0 0 0 0 0 0 2 0 0 0 0 0 0 0 0 0 0 0 0 0 5 1 0 0 31 1 0 0 10 0 0 0 
53 291 0 0 0 0 0 0 0 0 0 0 0 0 0 0 0 0 0 1 0 0 13 0 0 0 0 0 0 0 0 0 0 0 0 0 0 0 0 0 0 0 0 6 0 0 0 0 0 0 0 0 0 0 0 0 0 0 0 0 0 0 0 0 0 0 0 0 0 0 0 0 0 0 0 0 0 3 2 20 0 3 0 0 0 1 2 7 0 1 0 0 0 0 1 1 2 0 0 0 0 0 0 0 0 0 0 0 0 0 0 0 0 0 7 0 0 0 0 0 0 8 2 1 1 0 0 0 0 1 0 0 0 0 0 0 0 0 0 0 0 0 0 0 0 0 0 0 0 0 1 0 2 0 1 0 3 0 0 0 0 0 0 0 0 0 0 0 0 0 0 0 1 0 0 0 0 0 0 0 0 5 0 0 0 0 0 0 0 0 0 2 0 0 0 0 0 1 2 0 0 49 1 0 0 1 0 0 0 0 0 7 5 0 0 0 0 0 0 0 59 0 0 0 0 0 0 0 4 0 0 0 0 0 1 0 0 0 0 0 0 0 3 3 0 0 41 0 1 0 13 0 0 0 
54 282 0 0 0 0 0 0 0 0 0 0 0 0 0 0 0 1 0 0 0 0 14 0 0 0 0 0 0 0 0 0 0 0 0 0 0 0 0 0 0 0 0 8 0 0 0 0 0 2 0 0 0 0 0 0 0 0 0 0 0 0 0 0 0 0 0 0 0 0 0 0 0 0 0 0 0 0 1 24 0 3 0 0 0 1 1 10 0 3 0 0 0 1 0 1 1 0 0 1 0 0 0 0 0 0 0 0 0 0 0 0 0 0 4 0 0 0 0 0 0 21 3 1 0 1 0 0 0 1 0 0 0 0 0 0 0 0 0 0 0 0 3 1 0 0 0 0 1 0 3 1 0 0 1 0 5 0 0 0 0 0 0 1 0 0 0 0 0 0 0 0 1 0 0 0 0 0 0 0 0 3 0 0 0 0 0 0 0 0 0 1 0 1 0 0 0 0 1 0 0 33 0 0 0 0 0 0 0 0 0 5 3 0 0 0 0 0 0 1 49 0 0 0 0 0 0 0 5 0 0 0 0 0 0 0 0 0 0 0 0 0 3 2 0 0 40 1 0 0 11 0 2 0 
55 555 1 4 0 1 0 0 3 0 0 1 0 0 0 0 0 0 0 3 0 0 8 0 0 0 0 0 1 2 0 0 0 1 0 0 0 0 0 0 1 0 0 6 0 0 0 0 0 13 0 0 0 0 0 1 2 0 0 0 0 0 0 3 0 0 0 2 0 0 0 0 0 0 0 0 0 1 5 46 0 4 0 1 0 3 1 23 0 10 0 0 0 0 0 2 2 0 0 0 0 0 0 0 0 1 0 0 1 0 0 0 0 0 6 0 0 0 0 0 0 39 3 0 9 0 0 0 0 9 0 0 0 0 1 1 0 0 0 0 0 0 5 2 0 0 0 0 1 0 3 0 1 0 0 0 2 0 0 0 0 0 0 1 0 0 0 0 0 0 0 0 7 0 0 0 0 0 0 0 0 2 1 0 1 0 0 0 0 0 0 3 2 0 0 0 0 1 3 0 0 53 0 0 0 0 0 0 0 0 0 17 6 0 3 0 0 0 0 0 86 0 0 0 0 0 0 0 8 0 0 0 0 0 0 1 0 4 0 0 0 0 6 9 1 0 67 9 1 1 22 0 0 0 
56 551 0 0 0 1 1 0 1 0 0 0 0 0 0 0 0 0 0 2 0 0 11 0 0 0 0 2 0 0 0 0 0 0 1 0 0 0 0 0 1 0 0 19 0 0 0 1 0 10 0 0 0 0 0 3 1 0 0 0 0 0 0 4 0 0 0 3 0 0 2 0 0 0 2 0 0 1 11 41 0 4 0 0 0 10 2 18 0 6 2 0 0 2 1 0 6 0 1 0 0 0 0 0 0 0 0 0 2 0 0 0 0 0 6 0 0 0 0 0 1 32 1 0 10 0 0 0 0 13 0 0 0 0 0 6 0 0 0 0 0 0 7 1 0 0 0 0 3 0 3 0 1 0 0 0 2 0 0 0 0 0 0 0 0 0 0 0 0 0 0 0 17 0 0 0 0 0 0 0 0 2 1 0 1 0 0 0 0 1 0 1 1 1 0 0 0 0 7 0 0 39 0 0 0 2 0 0 0 1 0 16 4 0 1 0 1 1 0 1 80 0 0 0 0 0 0 0 1 0 0 0 0 0 0 0 0 5 0 0 0 0 4 1 0 0 69 1 0 0 28 0 0 0 
57 628 1 3 0 0 0 0 3 0 0 0 0 0 0 0 0 0 0 1 0 0 17 0 0 0 0 1 0 2 0 0 0 0 0 0 0 0 0 0 0 0 0 7 0 0 0 1 0 31 0 0 0 0 0 2 4 1 0 0 0 0 0 1 0 0 0 3 0 0 3 0 0 0 0 0 0 4 13 49 0 2 0 1 0 5 2 19 0 9 1 0 0 1 0 2 19 0 0 0 0 0 0 0 0 0 0 0 1 0 1 0 0 0 2 0 0 0 0 0 2 34 1 0 5 0 0 0 0 7 0 0 0 0 0 8 1 1 0 0 0 0 6 1 1 0 0 0 5 0 4 0 1 0 1 0 0 0 1 0 1 0 0 0 0 0 0 0 0 0 0 0 18 0 0 0 0 0 0 0 0 2 1 0 2 0 0 0 0 0 0 4 2 1 0 0 0 0 5 0 0 38 0 0 0 1 0 0 0 1 0 20 3 0 0 0 0 0 0 0 82 0 0 0 0 0 0 0 6 0 0 0 0 0 0 0 0 1 0 0 1 0 4 6 1 0 116 3 0 0 11 2 0 1 
58 609 0 3 0 0 2 0 2 0 0 0 0 0 0 0 0 0 0 2 0 0 17 0 0 0 0 1 0 0 0 0 0 0 0 0 0 0 0 0 0 0 0 15 0 0 0 0 0 22 0 0 0 0 0 2 1 0 0 0 0 0 0 1 0 0 0 6 0 0 2 0 0 0 0 0 0 0 6 52 0 2 0 1 0 12 4 30 0 10 0 0 0 0 1 3 16 0 0 0 0 0 0 0 0 0 0 1 0 0 2 0 2 0 4 0 0 0 0 0 0 41 2 1 15 0 0 0 0 6 0 0 0 0 0 5 2 0 0 0 0 0 13 0 3 0 0 0 6 1 3 0 1 0 0 0 1 0 0 0 0 0 0 1 1 0 0 0 0 0 0 0 6 0 0 0 0 0 0 0 0 2 0 0 4 0 0 0 0 0 0 6 0 0 0 0 0 0 9 0 0 34 0 0 0 2 0 0 0 0 0 26 0 0 0 0 0 0 0 0 78 0 0 0 0 1 0 0 3 0 0 0 0 0 0 0 0 1 0 0 0 0 1 8 5 0 72 7 0 2 15 0 1 0 
59 664 0 1 0 0 0 0 11 0 0 0 0 0 0 0 0 0 0 3 0 0 28 0 0 1 0 1 0 3 0 0 0 0 0 0 0 0 0 0 1 0 0 7 0 0 0 0 0 26 0 0 0 0 0 6 1 1 0 0 0 0 0 3 0 0 1 3 0 0 4 0 0 0 2 0 0 1 10 67 0 1 0 0 0 3 2 24 0 5 0 0 0 0 0 6 11 0 0 0 0 0 0 0 0 0 0 0 0 0 0 0 0 0 7 1 0 0 0 0 1 30 1 1 16 0 0 0 0 13 0 0 0 0 0 5 1 0 0 0 0 0 23 0 0 0 0 0 3 0 3 0 0 0 0 0 3 0 0 0 0 0 0 0 3 0 0 0 0 0 0 0 5 0 0 0 0 0 0 0 0 1 0 0 5 2 0 0 0 1 0 2 4 0 0 0 0 1 5 0 1 49 0 0 0 0 0 0 0 0 0 27 5 0 2 0 0 0 0 0 112 0 0 0 0 0 0 0 2 1 0 0 0 0 0 0 0 1 0 0 0 0 2 5 0 0 53 8 0 1 19 3 0 0 
60 671 0 1 0 0 0 0 1 0 0 0 0 0 0 0 0 0 0 2 0 0 35 0 0 0 0 6 0 1 0 0 0 0 0 0 0 0 0 0 0 0 0 9 0 0 0 0 0 26 0 0 0 0 0 3 3 0 0 0 0 0 0 0 0 0 1 2 0 0 8 0 0 0 1 0 0 0 6 50 0 0 0 0 0 5 2 30 0 9 1 0 0 2 1 0 17 0 0 0 1 0 1 0 0 0 0 0 1 0 0 0 0 0 3 0 0 0 0 0 1 39 3 1 17 0 0 0 0 10 0 0 0 0 1 12 2 0 0 0 0 0 23 0 0 0 0 0 4 1 3 0 2 0 2 0 6 0 0 0 0 0 0 0 0 0 0 0 0 0 0 0 7 0 0 0 0 0 0 0 0 6 1 0 6 0 0 0 0 0 0 1 4 1 0 0 0 1 6 0 0 48 2 0 0 0 0 0 0 1 1 31 5 0 0 0 0 0 0 0 77 0 0 0 0 0 0 0 5 0 0 0 0 0 0 2 0 1 0 0 0 0 3 4 1 0 71 4 0 1 23 0 1 0 
61 662 1 0 0 0 0 1 0 0 0 1 0 1 0 0 0 0 0 2 0 0 36 0 0 0 0 3 0 0 0 1 0 0 0 0 0 0 0 0 0 0 0 12 0 0 0 0 0 33 0 0 0 0 0 4 3 0 0 0 0 0 0 2 0 0 3 3 0 0 3 0 0 0 0 0 0 4 9 54 0 1 0 0 0 5 3 20 0 6 0 0 0 0 1 3 4 0 0 0 0 0 0 0 0 3 0 0 0 0 1 0 0 0 3 0 0 0 0 0 1 40 1 1 16 1 0 0 0 13 0 0 0 0 0 8 1 1 0 0 0 0 16 0 3 0 0 0 4 0 4 3 2 0 4 0 6 0 0 0 0 1 0 0 1 0 0 0 0 0 0 0 3 0 0 0 0 0 0 0 0 3 0 0 4 0 0 0 0 0 0 4 3 0 0 0 0 0 6 0 0 85 6 0 0 0 0 0 0 1 0 30 4 0 0 0 0 0 0 1 45 0 0 0 0 0 0 0 5 0 0 1 0 0 0 1 0 1 0 0 0 0 2 5 1 0 61 5 0 4 25 1 0 0 
62 667 2 4 0 0 1 1 2 0 0 0 0 1 0 0 0 0 0 2 0 0 51 0 0 0 0 1 0 1 0 0 0 0 0 0 0 0 0 0 1 0 0 7 0 0 0 0 0 23 0 0 0 0 0 2 1 0 0 0 1 0 0 4 1 0 3 2 0 0 2 0 0 0 0 0 0 4 5 47 0 1 0 1 0 3 4 21 0 7 1 0 0 0 2 28 21 0 0 0 0 0 0 0 0 0 0 0 0 0 2 0 0 0 2 0 0 0 0 0 1 30 4 0 10 0 0 0 0 10 0 0 0 0 0 9 2 1 0 0 0 0 8 0 1 0 0 0 6 0 2 3 1 0 2 0 7 0 0 0 0 0 0 1 1 0 0 0 0 0 0 0 9 0 0 0 0 0 0 0 0 2 0 0 2 3 0 0 0 0 0 5 4 1 0 0 0 1 5 0 0 98 2 0 0 0 0 0 0 1 0 24 4 0 0 0 0 1 0 0 31 0 0 0 0 0 0 0 3 0 1 0 0 0 0 0 0 1 0 0 0 0 3 2 1 0 62 6 0 4 28 0 0 0 
63 692 2 0 0 0 0 0 1 0 0 0 0 1 0 0 0 1 0 2 0 0 48 0 0 0 0 2 0 3 0 0 0 0 2 0 0 0 0 0 0 0 0 6 0 0 0 0 0 36 0 0 0 0 0 3 0 0 0 0 0 0 0 2 0 0 3 0 0 0 7 0 0 0 2 0 0 2 8 43 0 0 0 4 0 6 1 19 1 7 0 0 0 1 1 4 13 0 0 0 0 0 0 0 0 0 0 0 0 0 4 1 0 0 7 0 0 0 0 0 1 45 9 0 11 0 0 0 0 2 0 0 0 0 0 6 0 0 0 0 0 0 13 0 0 0 0 0 3 1 2 2 4 0 1 0 12 0 0 0 0 0 0 1 0 0 0 0 0 0 0 1 6 0 0 0 0 0 0 0 0 2 0 0 4 4 0 0 2 0 0 2 7 0 2 0 0 1 3 0 0 107 3 0 0 3 0 0 0 0 0 36 2 0 0 0 0 0 0 0 18 0 0 0 0 0 0 0 8 0 0 0 0 0 0 1 0 0 0 0 0 0 7 3 0 0 83 4 0 3 22 1 1 0 
64 384 0 0 0 0 0 0 3 0 0 0 1 0 0 0 0 1 0 0 0 0 31 0 0 0 0 0 0 2 0 0 0 0 0 0 0 0 0 0 0 0 0 1 0 0 0 0 0 15 0 0 0 1 0 1 3 0 0 0 0 0 0 1 0 0 4 0 0 0 4 0 0 0 0 0 0 0 4 18 0 2 0 0 0 1 3 8 1 3 0 0 0 0 0 1 6 0 0 0 0 0 0 0 0 0 0 0 0 0 0 0 0 0 5 0 0 0 0 0 0 13 8 1 6 0 0 0 0 4 0 0 0 0 0 2 0 1 0 0 0 0 8 0 0 0 0 0 1 0 2 2 0 0 1 0 3 0 0 0 3 0 0 0 0 0 0 0 0 0 0 0 2 0 0 0 0 0 0 0 0 1 0 0 2 0 0 0 0 0 0 6 1 0 2 0 0 0 6 0 0 80 1 0 0 4 0 0 0 0 0 20 2 0 1 0 0 0 0 0 11 0 0 0 0 0 0 0 2 0 0 0 0 0 0 0 0 1 0 0 0 0 2 0 1 0 48 1 1 0 12 0 1 0 
65 533 2 0 0 0 0 0 4 0 0 0 0 0 0 0 0 0 0 0 0 0 41 0 0 0 0 1 0 1 0 0 0 0 1 0 0 0 0 0 0 0 0 1 0 0 0 0 0 18 0 0 1 0 0 1 2 0 0 0 0 0 0 1 0 0 5 0 0 0 3 0 0 0 0 0 0 1 8 18 0 1 0 0 0 4 3 15 0 8 0 0 0 1 0 0 10 0 0 0 0 0 0 0 1 0 0 0 0 0 3 0 0 0 8 0 0 0 0 0 0 20 8 0 7 0 0 0 0 12 0 0 0 0 0 1 2 0 0 0 0 0 9 0 2 0 0 0 3 1 3 1 1 0 3 0 11 0 0 0 1 0 0 1 2 0 0 0 0 0 0 0 4 0 0 0 0 0 0 0 0 0 0 0 1 1 0 0 0 0 0 5 4 0 4 0 0 0 5 0 0 114 1 0 0 1 0 0 0 0 0 39 1 0 0 0 0 0 0 0 5 0 1 0 0 1 0 0 5 0 0 0 0 0 0 0 0 1 0 0 0 0 7 0 1 0 60 1 0 0 13 2 0 0 
66 538 0 7 0 0 1 0 1 0 0 0 1 1 0 0 0 1 0 1 0 0 48 0 0 0 0 1 0 3 0 0 0 0 0 0 0 0 0 0 1 0 0 2 0 0 0 0 0 20 0 0 0 0 0 3 1 1 0 0 0 0 0 1 0 0 2 1 0 0 5 0 0 0 0 0 0 5 11 9 0 0 0 1 0 6 2 22 0 4 0 0 0 0 0 10 8 0 0 0 0 0 1 0 0 0 0 0 0 0 0 0 0 1 4 0 0 0 0 0 2 11 6 1 11 0 0 0 0 6 0 0 0 0 0 4 1 0 0 0 0 0 8 1 0 0 0 0 5 0 3 2 0 0 0 0 5 0 0 0 0 0 0 1 1 0 0 0 0 0 0 0 0 0 0 0 0 0 0 0 0 1 0 0 7 4 0 0 0 0 0 5 2 0 2 0 0 0 3 0 0 115 1 0 0 1 1 0 0 0 0 47 2 0 0 0 0 0 0 0 4 0 0 0 0 0 0 0 3 0 0 0 0 0 0 1 0 2 0 0 0 0 4 1 0 0 54 3 0 1 13 2 2 0 
67 527 0 3 0 0 0 0 1 0 0 0 0 1 0 0 0 1 0 1 0 0 54 0 0 0 0 1 0 3 0 0 0 0 0 0 0 0 0 0 0 0 0 3 0 0 0 0 0 22 0 0 0 0 0 2 1 0 0 0 0 0 0 1 0 0 0 4 0 0 3 0 0 1 0 0 0 0 3 8 0 0 0 0 0 5 1 9 2 7 3 0 0 0 0 1 18 0 0 0 0 0 0 0 0 0 0 0 0 0 0 0 0 0 3 0 0 0 0 0 1 10 11 1 9 0 0 0 0 8 0 0 0 0 0 3 2 0 0 0 0 0 8 2 0 0 0 0 5 1 2 3 0 0 5 0 2 0 0 0 1 0 0 0 0 0 0 0 0 0 0 0 4 0 0 0 0 1 0 0 1 0 0 0 6 4 0 0 0 0 0 2 3 1 2 0 0 1 5 0 1 136 1 0 0 0 0 0 0 0 0 42 0 0 0 0 0 0 0 0 5 0 0 0 0 0 0 0 3 0 0 0 0 0 1 0 0 2 0 0 0 0 5 0 0 0 29 4 1 4 21 3 0 0 
68 477 0 1 0 0 0 0 2 0 0 0 0 0 0 0 0 0 0 1 0 0 51 0 0 0 0 1 0 1 0 0 0 0 1 0 0 0 0 0 1 0 0 0 0 0 0 0 0 15 0 0 0 0 0 2 0 0 0 0 0 0 0 0 0 0 1 3 0 0 3 0 0 1 1 0 0 2 7 2 0 1 0 0 0 3 4 23 0 6 0 0 0 0 0 2 11 0 0 0 0 0 0 0 0 0 0 0 0 0 3 0 0 0 1 0 0 0 0 0 2 2 6 1 18 2 0 0 0 7 0 0 0 0 0 0 0 0 0 0 0 0 8 1 0 0 0 0 5 0 2 3 0 0 3 0 5 0 0 0 1 0 0 4 1 0 0 0 0 0 0 0 1 0 0 0 0 0 0 0 0 0 0 0 6 1 0 0 0 0 0 2 1 1 0 0 0 1 5 0 0 118 4 0 0 1 0 0 0 0 0 52 0 0 0 0 0 0 0 0 3 0 0 0 0 0 0 0 4 0 0 0 0 0 0 0 0 1 0 0 0 0 7 2 0 0 12 3 0 2 17 3 2 1 
69 479 0 1 0 1 0 0 4 0 0 0 0 1 0 0 0 0 0 1 0 0 65 0 0 0 0 0 0 1 0 0 0 0 0 0 0 0 0 0 1 0 0 0 0 0 0 1 0 20 0 0 0 0 0 1 0 0 0 0 0 0 0 0 0 0 5 2 0 0 1 0 0 0 2 0 0 2 4 5 0 2 0 0 0 6 5 16 1 7 0 0 0 1 0 1 13 0 0 0 0 0 1 0 0 0 0 0 0 0 1 0 0 0 2 0 0 0 0 0 2 2 8 0 20 0 0 0 0 3 0 0 0 0 0 6 1 0 0 0 0 0 7 1 0 0 0 0 7 1 5 3 1 1 1 0 4 0 0 0 0 0 0 0 12 0 0 0 0 0 0 0 1 0 0 0 0 0 0 0 0 1 0 0 3 0 0 0 0 0 0 3 0 2 2 0 0 0 2 0 0 148 0 0 0 1 0 0 0 0 0 22 1 0 1 0 0 0 0 0 5 0 0 0 0 0 0 0 0 0 0 0 0 0 0 0 0 0 0 0 0 0 12 1 0 0 6 1 1 2 3 0 0 0 
70 482 0 0 0 0 0 0 2 0 0 0 0 0 0 0 0 0 0 0 0 0 65 0 0 0 0 1 0 2 0 0 0 0 1 0 0 0 0 0 1 0 0 5 0 0 0 0 0 16 0 0 0 0 0 4 0 0 0 0 0 0 0 0 0 0 1 2 0 0 4 0 0 0 1 0 0 1 6 7 0 0 0 0 0 1 2 10 0 6 0 0 0 0 0 0 11 0 0 0 0 0 0 0 0 0 0 0 0 0 5 0 0 0 0 0 1 0 0 0 1 3 14 0 9 1 0 0 0 3 0 0 0 0 0 1 0 0 0 0 0 0 10 2 0 0 0 0 3 1 1 6 0 0 5 0 8 0 0 0 0 1 0 6 15 0 0 0 0 0 0 0 3 0 0 0 0 0 0 0 0 0 1 0 2 4 0 0 0 0 0 2 2 0 0 0 0 0 3 0 0 154 0 0 0 2 0 0 0 0 0 18 0 0 0 0 0 0 0 0 5 0 0 0 0 0 0 0 1 0 0 0 0 0 0 0 0 0 0 0 0 0 10 5 0 0 6 2 0 0 13 1 0 0 
71 445 0 0 0 0 0 0 2 0 0 0 0 0 0 0 0 4 0 0 0 0 61 0 0 0 0 1 0 2 0 0 0 0 0 0 0 0 0 0 3 0 0 5 0 0 0 0 0 11 0 0 0 0 0 0 0 0 0 0 1 0 0 0 0 0 1 1 0 0 2 0 0 0 1 0 0 2 3 14 0 0 0 0 0 0 2 6 1 1 0 0 0 0 0 0 10 0 2 0 0 0 0 0 0 0 0 0 0 0 1 0 0 0 4 0 0 0 0 0 0 2 13 0 6 0 0 0 0 1 0 0 0 0 0 2 0 0 0 0 0 0 1 1 0 0 0 0 3 0 0 2 1 0 4 0 1 0 0 0 0 0 0 0 11 0 0 0 0 0 0 0 0 0 0 0 0 0 0 0 0 2 0 0 2 0 0 0 0 0 0 4 3 3 0 0 0 0 3 0 0 178 1 0 0 0 0 0 0 0 0 12 0 0 0 0 0 0 0 0 6 0 0 0 0 0 0 0 0 0 0 0 0 0 0 0 0 0 0 0 0 0 13 5 0 0 5 1 0 3 15 0 0 0 
72 409 0 0 0 0 0 1 1 0 0 0 0 0 0 0 0 0 0 0 0 0 69 0 0 0 0 0 0 2 0 0 0 0 0 0 0 0 0 0 0 0 0 1 0 0 0 0 0 7 0 0 0 0 0 1 0 0 0 0 0 1 0 1 0 0 7 0 0 0 2 0 0 0 3 0 0 2 0 25 0 0 0 0 0 1 1 4 2 1 0 0 0 0 0 0 5 0 0 0 0 0 0 0 0 0 0 0 0 0 1 0 0 0 0 0 0 0 0 0 0 7 14 0 5 0 0 0 0 0 0 0 0 0 0 2 1 0 0 0 0 0 3 3 0 0 0 0 0 0 0 1 0 0 3 0 3 0 0 0 1 0 0 1 13 0 0 0 0 0 0 0 0 0 0 0 0 0 0 0 0 3 0 0 0 4 0 0 0 0 0 0 1 0 2 0 0 0 2 0 0 143 1 0 0 0 0 0 0 0 0 5 2 0 0 0 0 0 0 0 12 0 0 0 0 0 0 0 1 0 0 0 0 0 0 0 0 1 0 0 0 0 13 2 1 0 4 1 0 1 9 0 1 0 
73 485 0 1 0 0 0 0 0 0 0 0 0 0 0 0 0 1 0 0 0 0 56 0 0 0 0 0 0 0 0 0 0 0 0 0 0 0 1 0 0 0 0 10 0 0 0 0 2 8 0 0 0 0 0 0 0 0 0 0 0 0 0 1 0 0 8 0 0 0 2 0 0 0 1 0 0 1 0 35 0 1 0 0 0 0 0 4 0 1 0 0 0 0 0 0 3 0 0 0 0 0 1 0 0 0 0 0 0 0 0 0 0 0 1 0 0 0 0 0 0 7 18 0 1 1 0 0 0 0 0 0 0 0 2 1 0 0 0 0 0 0 5 0 0 0 0 0 0 0 1 1 1 0 3 0 11 0 0 0 0 0 0 1 4 0 0 0 0 0 0 0 2 0 0 0 0 0 0 0 0 3 0 0 1 4 0 0 0 0 0 1 0 0 1 0 0 0 1 0 0 191 3 0 0 0 0 0 0 2 0 5 3 0 0 0 0 0 0 0 29 0 0 0 0 0 0 0 0 0 0 0 0 0 0 0 0 0 0 0 0 0 10 2 0 0 11 1 0 0 19 0 0 0 
74 434 0 1 0 0 0 0 0 0 0 1 0 0 0 0 0 0 0 0 0 0 55 0 0 0 1 0 0 0 0 1 0 0 0 0 0 0 0 0 0 0 0 10 0 0 0 0 0 2 0 1 0 0 0 0 0 0 0 0 0 0 0 0 0 0 4 0 0 0 0 0 0 0 2 0 0 3 2 30 0 0 0 0 0 1 2 5 0 0 1 0 0 0 0 1 4 0 0 0 0 0 0 0 0 0 1 0 0 0 0 0 0 0 2 0 0 0 0 0 0 16 15 0 0 0 0 0 0 1 0 0 0 0 0 0 0 0 0 0 0 0 1 0 0 0 0 0 0 0 0 3 0 0 4 0 13 0 0 0 0 0 0 1 1 0 0 0 0 0 0 0 6 0 0 0 0 0 0 0 0 1 0 0 1 1 0 0 0 0 0 1 0 0 0 0 0 0 1 0 0 142 0 0 0 0 0 0 0 0 0 4 3 0 1 0 0 0 0 0 24 0 0 0 0 0 0 0 0 0 0 0 0 0 0 0 0 0 1 0 0 0 14 8 0 0 23 1 0 1 14 0 0 0 
75 467 0 0 0 0 0 0 0 0 0 1 0 0 0 0 0 1 0 0 0 0 51 0 0 0 0 0 0 0 0 0 0 0 0 0 0 0 2 0 0 0 0 14 0 0 0 0 0 2 0 0 0 0 0 0 0 0 0 0 0 0 0 2 0 0 5 0 0 0 0 0 0 0 1 0 0 2 1 33 0 0 0 0 0 2 0 2 0 1 0 0 0 0 0 1 1 0 0 0 0 0 0 0 0 0 0 0 0 0 0 0 0 0 7 0 0 0 0 0 0 18 12 0 0 1 0 0 0 0 0 0 0 0 0 1 0 1 0 0 0 0 0 0 1 0 0 0 0 0 0 4 0 0 4 0 8 0 0 0 0 0 0 1 3 0 0 0 0 0 0 0 4 0 0 0 1 0 0 0 0 4 0 0 1 0 0 0 0 0 0 5 1 0 1 0 0 0 1 0 0 139 1 0 0 0 0 0 0 0 0 0 5 0 0 0 0 0 0 0 50 0 0 0 0 0 0 0 1 0 0 0 0 0 1 0 0 0 0 0 0 0 10 4 0 0 41 0 0 0 13 0 0 0 
76 544 0 0 0 0 2 0 2 0 0 0 0 1 0 0 0 0 0 0 0 0 52 0 0 0 0 1 0 0 0 0 0 0 0 0 0 0 3 0 0 0 0 10 0 0 1 0 0 1 0 0 0 0 0 0 0 0 0 0 0 0 0 3 0 0 0 0 0 0 1 0 0 0 1 0 0 3 3 47 0 0 0 0 0 1 1 8 2 1 2 0 0 0 0 0 0 0 0 0 0 0 0 0 0 0 0 0 1 0 0 0 0 0 2 0 0 0 0 0 0 23 17 1 3 0 0 0 0 0 0 0 0 0 0 0 1 0 0 0 0 0 1 0 0 0 0 0 1 0 0 2 2 0 2 0 4 0 0 0 1 0 0 1 0 0 0 0 0 0 0 0 2 0 0 0 0 0 0 0 0 1 0 0 0 0 0 0 0 0 0 5 1 0 0 0 0 0 1 0 0 139 2 0 0 0 0 0 0 0 0 6 1 0 0 0 0 0 0 0 58 0 0 0 0 0 0 0 0 0 0 0 0 0 0 0 0 0 0 0 0 0 18 4 0 0 76 2 0 0 16 0 1 0 
77 574 1 0 0 0 0 0 0 0 0 0 0 0 0 0 0 1 0 0 0 0 26 0 0 0 0 2 0 0 0 0 0 0 0 0 0 0 2 0 0 0 0 12 0 0 0 0 0 2 0 0 0 0 0 0 0 0 0 0 1 0 0 2 0 0 3 1 0 0 0 0 0 0 1 0 0 0 6 47 0 1 0 0 0 0 1 17 0 1 0 0 0 0 0 1 2 0 0 0 0 0 0 0 0 0 0 0 0 0 0 0 0 0 6 0 0 0 0 0 0 33 8 2 2 0 0 0 0 3 0 0 0 0 1 0 0 0 0 0 0 0 3 2 1 0 0 0 0 0 0 1 1 0 2 0 6 0 0 0 0 1 0 0 0 0 0 0 0 0 0 0 7 0 0 0 0 0 0 0 0 4 0 0 3 7 0 0 0 0 0 4 0 0 0 0 0 0 2 0 0 108 0 0 0 0 0 1 0 0 0 1 5 0 0 0 0 0 0 0 86 0 0 0 0 0 0 0 3 0 0 0 0 0 0 2 0 0 0 0 0 0 7 3 0 0 86 3 0 0 35 0 2 0 
78 585 0 0 0 0 0 0 0 0 0 1 0 0 0 0 0 0 0 0 0 0 17 0 0 0 0 4 0 0 0 0 0 0 0 0 0 0 5 0 0 0 0 13 0 0 0 0 0 5 0 0 0 0 0 1 1 0 0 0 0 0 0 1 0 0 1 0 0 0 0 0 0 0 0 0 0 2 5 35 0 1 0 0 0 4 2 22 0 2 0 0 0 0 0 3 4 0 0 0 0 0 0 0 0 0 0 0 1 0 0 0 0 0 6 0 0 0 0 0 1 44 7 1 5 0 0 0 0 7 0 0 0 0 0 1 2 0 0 0 0 0 5 0 0 0 0 0 1 0 0 1 0 0 0 0 1 0 0 0 0 1 0 1 0 0 0 0 0 0 0 0 0 0 0 0 0 0 0 0 0 4 1 0 3 4 0 0 0 1 0 13 1 0 0 0 0 0 2 0 0 102 0 0 0 0 0 0 0 0 0 7 6 0 0 0 0 0 0 0 95 0 0 0 0 0 0 0 2 0 0 0 0 0 0 0 0 1 0 0 0 0 5 12 0 0 85 2 0 0 23 1 0 0 
79 591 0 5 0 1 0 0 0 0 0 0 0 1 0 0 0 0 0 1 1 0 14 0 0 0 0 3 0 1 0 0 0 0 0 0 0 0 3 0 1 0 0 11 0 0 0 0 0 12 0 0 0 0 0 0 1 0 0 0 0 0 1 1 1 0 0 1 0 0 0 0 0 0 1 0 0 0 8 36 0 0 0 0 0 1 0 38 0 4 0 0 0 0 0 1 2 0 0 0 0 0 0 0 0 0 0 0 1 0 0 0 0 1 7 0 0 0 0 0 0 35 4 0 6 0 0 0 0 5 0 0 0 0 0 3 1 0 0 0 0 0 12 5 1 0 0 0 0 0 2 0 0 0 0 0 1 0 0 0 0 0 0 0 0 0 0 0 0 0 0 0 5 0 0 0 1 0 0 0 0 5 0 0 1 0 0 0 0 0 0 9 3 0 0 0 0 0 2 0 0 79 0 0 0 2 0 0 0 0 0 13 9 0 0 1 0 0 0 0 108 0 0 0 0 0 0 0 5 0 0 0 0 0 0 1 0 0 0 0 0 0 8 2 1 0 70 1 0 0 30 0 1 0 
80 629 0 5 0 1 0 0 2 0 0 0 0 1 0 0 0 0 0 0 0 0 16 0 0 0 0 2 0 1 0 0 0 0 1 0 0 0 2 0 1 0 0 20 0 0 0 1 0 14 0 0 0 0 0 1 0 0 0 0 0 0 0 3 0 0 0 0 0 0 1 0 0 0 1 0 0 0 14 43 0 1 0 0 0 9 0 27 1 4 0 0 0 1 2 0 6 0 1 0 0 0 0 0 0 0 0 0 0 0 2 0 1 0 9 0 0 0 0 0 0 31 5 0 11 0 0 0 0 12 0 0 0 0 0 1 1 1 0 0 0 0 12 3 2 0 0 0 6 0 2 1 0 0 0 0 2 0 0 0 0 0 0 0 0 0 0 0 0 0 0 0 4 0 0 0 0 0 0 0 0 6 0 0 1 0 0 0 0 0 0 4 1 0 0 0 0 0 7 0 0 60 0 0 0 1 0 0 0 1 0 15 6 0 0 0 0 0 0 0 95 0 0 0 0 0 0 0 5 0 0 0 0 0 0 0 0 0 0 0 0 0 0 5 0 0 102 5 1 3 18 0 3 0 
81 603 0 0 0 0 0 0 2 0 0 0 0 1 0 0 0 0 0 1 0 0 9 0 0 0 0 3 0 3 0 0 0 0 1 0 0 2 3 0 2 0 0 10 0 0 0 0 0 14 0 0 0 0 0 1 0 0 0 0 0 0 0 2 0 0 0 1 0 0 2 0 0 0 0 0 0 0 10 59 0 0 0 0 0 5 0 30 0 10 3 0 0 1 0 3 11 0 0 0 0 0 1 0 0 0 0 0 0 0 0 0 0 0 12 0 0 0 0 0 0 23 4 1 13 0 0 0 0 6 0 0 0 0 0 5 1 0 0 0 0 0 5 0 1 0 0 0 7 0 1 0 0 2 0 0 2 0 0 0 0 0 0 0 0 0 0 0 0 0 0 0 6 0 0 0 0 0 0 0 1 2 0 0 3 0 0 0 0 0 0 5 1 0 0 0 0 1 0 0 0 34 1 0 0 2 0 0 0 1 0 23 1 0 2 1 0 0 0 0 90 0 0 0 0 0 0 0 8 0 0 0 0 0 0 1 0 2 0 0 0 0 3 6 1 0 97 7 0 0 24 1 0 0 
82 664 0 2 0 0 0 0 1 0 0 0 0 0 1 0 0 0 0 4 0 0 18 0 0 0 0 3 0 1 0 0 0 0 0 0 0 0 4 0 0 0 0 10 0 0 0 0 0 30 0 0 0 0 1 0 0 0 0 0 1 0 0 0 0 0 0 0 0 0 2 0 0 1 3 0 1 0 13 62 0 2 0 0 0 3 3 37 0 7 5 0 0 0 0 4 8 0 0 0 0 0 0 0 0 0 0 0 0 0 1 0 1 0 4 1 0 0 0 0 0 33 3 1 17 0 0 0 0 11 0 0 0 0 0 2 0 2 0 0 0 0 6 6 0 0 0 0 7 0 1 0 0 0 1 0 2 0 0 0 3 0 0 0 0 0 0 0 0 0 0 0 6 0 0 0 1 0 0 0 1 4 0 0 7 1 0 0 0 0 0 5 2 1 0 0 0 0 3 0 0 18 1 0 0 4 0 0 0 1 0 28 6 0 0 0 0 0 0 0 109 0 0 0 0 0 0 0 3 0 0 0 0 0 0 0 1 1 0 0 0 0 1 3 0 0 91 4 0 1 25 0 2 0 
83 681 0 4 0 0 0 0 2 0 0 1 0 1 0 0 0 0 0 2 0 0 25 0 0 0 0 1 0 2 0 0 0 0 1 0 0 0 2 0 2 0 0 8 0 0 0 0 0 16 0 0 0 0 0 3 0 0 0 0 0 0 1 1 0 0 1 6 0 0 3 0 0 0 2 0 0 0 3 76 0 0 0 0 0 3 7 31 0 4 3 0 0 4 0 0 14 0 0 0 0 0 0 0 0 0 0 0 0 0 2 0 0 0 8 0 0 0 0 0 0 27 1 4 10 0 0 0 0 9 0 0 0 0 0 10 3 1 0 0 0 0 2 0 4 0 0 0 5 0 4 0 0 0 0 0 2 0 0 0 1 0 0 0 1 0 0 0 0 0 0 0 8 0 0 0 0 0 0 0 0 5 0 0 2 1 0 0 0 1 0 5 1 0 0 0 0 0 5 0 0 35 1 0 0 1 0 0 0 1 0 30 3 0 1 0 0 0 0 0 100 0 0 0 0 1 0 0 6 0 0 0 0 0 0 0 0 2 1 0 0 0 6 2 1 0 115 1 0 1 21 0 0 0 
84 692 2 0 0 1 0 1 2 0 0 0 0 0 0 0 0 2 0 0 0 0 35 0 0 0 0 0 0 2 0 0 0 0 1 0 0 0 0 0 1 0 0 8 0 0 0 0 0 47 0 0 0 0 0 2 1 1 0 0 0 0 0 0 0 0 3 3 0 0 6 0 0 0 0 0 0 2 11 63 0 1 0 0 0 6 2 20 0 7 1 0 0 0 0 1 11 0 0 0 0 0 0 0 0 0 0 0 0 0 0 0 0 0 6 0 0 0 0 0 1 34 0 3 10 0 0 0 0 5 0 0 0 0 0 6 1 0 0 0 0 0 8 0 2 0 0 0 1 0 2 0 2 0 0 0 6 0 0 0 0 1 0 0 2 0 0 0 0 0 0 0 7 0 0 0 0 1 0 0 0 3 0 0 3 8 0 0 0 0 0 7 6 0 2 0 0 0 6 0 0 50 2 0 0 3 0 0 0 0 1 33 4 0 1 0 0 1 0 0 73 0 0 0 0 2 0 0 6 0 0 0 0 0 0 0 0 2 0 0 0 0 5 4 0 0 90 3 0 4 28 2 0 0 
85 723 0 1 0 0 0 0 3 0 0 0 0 0 0 0 0 0 0 0 0 0 50 0 0 0 0 2 0 1 0 0 0 0 0 0 0 0 0 0 1 0 0 9 0 0 0 0 0 23 0 0 0 0 0 2 1 0 0 0 1 0 0 2 1 0 2 7 0 0 4 0 1 0 0 0 0 0 9 81 0 2 0 1 0 5 1 15 0 10 2 0 0 2 1 5 7 0 0 0 0 0 0 0 0 0 0 0 1 0 0 0 0 0 10 0 0 0 0 0 1 34 2 2 11 1 0 1 0 8 0 0 0 0 0 10 0 1 0 0 0 0 7 0 3 0 0 0 2 0 3 3 4 0 0 0 2 0 0 0 0 0 0 0 0 0 0 0 0 0 0 0 6 0 0 0 0 0 0 0 0 3 0 0 7 1 0 0 0 0 0 3 4 0 1 0 0 1 7 0 0 70 5 0 0 1 0 0 0 0 0 35 5 0 0 0 0 1 0 0 53 0 0 0 0 0 0 0 1 0 0 0 0 0 0 2 0 5 0 0 0 0 5 1 0 0 113 4 0 2 23 1 2 0 
86 652 2 4 0 0 0 0 1 0 0 1 0 0 0 0 0 0 0 1 0 0 46 1 0 0 0 2 0 1 0 0 0 0 0 0 0 0 0 0 0 0 0 6 0 0 0 0 0 18 0 0 0 0 0 1 2 0 0 0 1 0 1 4 0 0 2 0 0 0 0 0 0 0 0 0 0 4 18 53 0 2 0 0 0 6 0 13 0 5 0 0 0 0 0 1 13 0 0 0 0 0 0 0 0 0 0 0 1 0 0 0 0 0 12 0 0 0 0 0 0 27 3 0 9 0 0 0 0 8 0 0 0 0 0 8 0 0 0 0 0 0 16 1 2 0 0 0 4 0 1 4 0 0 1 0 5 0 0 1 0 0 0 0 1 0 0 0 0 0 0 0 6 0 0 0 1 0 0 0 0 4 0 0 3 2 0 0 0 0 0 3 5 0 0 0 0 0 1 0 0 76 0 0 0 0 0 0 0 0 0 33 6 0 0 0 0 0 0 0 34 0 0 0 0 0 0 0 2 0 1 0 0 0 0 1 0 1 0 0 0 0 0 1 0 0 128 2 0 3 23 1 0 0 
87 403 0 1 0 0 0 0 4 0 0 0 0 0 0 0 0 0 0 0 0 0 23 0 0 0 0 1 0 0 0 0 0 0 0 0 0 0 0 0 0 0 0 3 0 0 0 0 0 12 0 0 0 0 0 3 2 0 0 0 0 0 0 1 0 0 3 0 0 0 4 0 0 0 0 0 0 0 5 35 0 0 0 1 0 7 1 13 1 3 0 0 0 1 0 0 13 0 0 0 0 0 0 0 0 0 0 0 0 0 1 0 0 0 3 0 0 0 0 0 0 21 5 0 3 0 0 0 0 4 0 0 0 0 0 3 0 0 0 0 0 0 7 1 1 0 0 0 5 0 0 2 1 0 1 0 2 0 0 0 1 1 0 0 0 0 0 0 0 0 0 0 2 0 0 0 0 0 0 0 0 0 0 0 4 1 0 0 0 0 0 0 1 0 1 0 0 0 2 0 0 58 0 0 0 0 0 0 0 2 0 24 1 0 0 0 0 0 0 0 9 0 0 0 0 0 0 0 1 0 0 0 0 0 0 1 0 1 0 0 0 0 4 0 0 0 81 1 0 0 8 1 0 0 
88 384 0 1 0 0 1 0 0 0 0 0 0 0 0 0 0 0 0 0 0 0 35 0 0 0 0 1 0 0 0 0 0 0 0 0 0 0 1 0 0 0 0 1 0 0 0 1 0 16 0 0 0 0 0 3 2 0 0 0 0 0 0 1 1 0 1 0 0 0 1 0 0 0 0 0 0 2 10 12 0 1 0 0 0 4 1 18 1 0 0 0 0 0 0 1 9 0 0 0 0 0 0 0 0 0 0 0 0 0 1 0 0 0 3 0 0 0 0 0 0 12 6 0 8 1 0 0 0 4 0 0 0 0 0 4 0 0 0 0 0 0 6 0 1 0 0 0 0 0 1 0 0 0 1 0 5 0 0 0 0 2 0 0 2 1 0 0 0 0 0 0 6 0 0 0 0 0 0 0 1 0 1 1 8 1 0 0 0 0 0 1 2 0 0 0 0 0 1 0 1 71 1 0 0 0 0 0 0 1 0 20 1 0 0 0 0 0 0 0 7 0 0 0 0 0 0 0 6 0 0 0 0 0 0 0 0 0 0 0 0 0 8 0 0 0 54 2 0 0 6 0 0 0 
89 527 1 3 0 0 0 0 3 0 0 0 0 0 0 0 0 0 0 1 0 0 47 0 0 0 0 2 0 4 0 0 0 0 0 0 0 0 0 0 0 0 0 2 0 0 0 0 0 18 0 0 0 0 0 2 0 0 0 0 0 0 0 0 0 0 4 2 0 0 4 1 0 0 0 0 0 3 5 14 0 1 0 0 0 10 3 18 0 10 0 0 0 0 0 5 11 0 0 0 0 0 0 0 0 0 0 0 0 0 0 0 1 0 6 0 0 0 0 0 2 10 7 0 8 0 0 0 0 9 0 0 0 0 0 2 1 0 0 0 0 0 6 1 1 0 0 0 10 0 1 1 0 0 1 0 2 0 0 0 0 0 0 0 1 0 0 0 0 0 0 0 8 0 0 0 0 0 0 0 0 0 0 0 4 2 0 0 0 0 0 3 1 0 1 0 0 0 1 0 0 108 3 0 0 2 0 0 0 0 1 37 2 0 1 0 0 0 0 0 9 0 0 0 0 0 0 0 2 0 0 0 0 0 0 0 0 2 0 0 0 0 8 0 2 0 77 3 0 1 3 0 1 0 
90 536 0 1 0 0 0 0 1 0 0 0 0 1 0 0 0 0 0 0 0 0 47 0 0 0 0 1 0 0 0 0 0 0 1 0 0 0 0 0 0 0 0 3 0 0 0 2 0 23 0 0 0 0 0 1 0 0 0 0 0 0 0 0 0 0 3 0 0 0 3 0 0 0 1 0 0 2 8 14 0 0 0 0 0 5 5 19 1 12 0 0 0 0 0 2 11 0 0 0 0 0 0 0 0 0 0 0 0 0 2 0 0 0 12 0 0 0 0 0 1 8 13 0 16 0 0 0 0 11 0 0 0 0 0 5 0 0 0 0 0 0 4 0 0 0 0 0 6 0 2 4 0 0 0 0 8 0 0 0 2 0 0 0 0 0 0 0 0 0 0 0 7 0 0 0 0 0 0 0 0 0 1 0 8 4 0 0 0 0 0 1 2 0 2 0 0 1 8 0 0 122 2 0 0 1 0 0 0 0 2 42 1 0 1 0 0 0 0 0 3 0 0 0 0 0 0 0 5 0 0 0 0 0 0 0 0 2 0 0 0 0 5 1 1 0 41 2 0 2 3 3 2 0 
91 508 0 0 0 0 0 1 3 0 0 0 0 0 0 0 0 0 0 1 0 0 53 0 0 0 0 2 0 2 0 0 0 0 0 0 0 0 1 0 0 0 0 1 0 0 0 0 0 36 0 0 0 0 0 3 0 0 0 0 0 0 0 0 1 0 1 0 0 0 6 0 0 0 2 0 0 2 12 3 0 1 0 0 0 6 2 33 1 7 0 0 0 0 2 0 19 0 0 0 0 0 1 0 0 0 0 0 0 0 0 0 0 0 4 0 0 0 0 0 0 12 14 0 19 0 0 0 0 9 0 0 0 0 0 6 0 0 0 0 0 0 5 0 0 0 0 0 5 0 2 7 0 0 1 0 4 0 0 0 1 0 0 0 0 0 0 0 0 0 0 0 6 0 0 0 0 0 0 0 0 1 0 0 5 2 0 0 0 0 0 3 1 0 1 0 0 0 3 0 0 115 2 0 0 2 0 0 0 0 0 21 2 0 1 0 0 0 0 0 2 0 0 0 0 0 0 0 2 0 0 0 0 0 1 0 0 1 0 0 0 0 11 1 0 0 21 3 0 5 3 2 0 0 
92 493 0 1 0 0 0 0 2 0 0 0 0 0 0 0 0 0 0 0 0 0 81 1 0 0 0 4 1 0 0 0 0 0 0 0 0 0 3 0 1 0 2 4 0 0 1 0 0 24 0 0 0 0 0 1 0 0 0 0 0 0 0 0 0 0 1 0 0 0 3 0 1 1 0 0 0 2 6 5 0 1 0 0 0 2 5 20 0 12 0 0 0 0 0 1 12 0 0 0 0 0 0 0 0 0 0 0 0 0 3 0 0 0 0 0 0 0 0 0 0 1 5 0 33 0 0 0 0 3 0 0 0 0 1 9 1 0 0 0 0 0 6 1 0 0 0 0 11 0 0 3 1 2 4 0 5 0 0 0 1 1 0 2 2 0 0 0 0 0 0 0 2 0 0 0 0 1 0 0 0 3 0 0 1 4 0 0 0 0 0 2 2 0 2 0 0 0 1 0 1 128 1 0 0 2 0 0 0 0 0 12 0 0 0 0 0 0 0 0 1 0 0 0 0 0 0 0 3 0 0 0 0 0 0 1 0 1 0 0 0 0 6 1 0 0 12 2 1 1 6 0 0 0 
93 446 0 0 0 0 1 0 1 0 0 0 0 0 0 0 0 1 0 0 0 0 63 0 0 0 0 1 0 2 0 0 0 0 0 0 0 0 0 0 1 0 0 4 0 0 0 0 0 13 0 1 0 0 0 0 1 0 1 0 2 0 0 0 0 0 0 0 0 0 5 1 0 0 1 0 0 1 4 4 0 1 0 0 0 1 4 4 3 6 0 0 0 1 0 2 13 0 0 0 0 0 0 0 0 0 0 0 0 0 7 0 1 0 1 0 0 0 0 0 0 4 9 0 14 1 0 0 0 1 0 0 0 0 0 3 0 2 0 0 0 0 8 1 0 0 0 0 9 0 2 1 0 0 0 0 1 0 0 0 0 0 0 2 16 0 0 0 0 0 0 0 2 0 0 0 0 0 0 0 0 0 0 0 4 1 0 0 0 0 0 2 2 1 1 0 0 0 3 0 0 152 1 0 0 1 0 0 0 0 0 14 0 0 0 0 0 0 0 0 1 0 0 0 1 0 0 0 0 0 0 0 0 0 2 0 0 0 0 0 0 0 8 1 0 0 9 3 0 3 5 0 0 0 
94 430 0 0 0 0 0 0 2 0 0 0 0 0 0 0 0 1 0 0 0 0 87 0 0 0 0 1 0 2 0 0 0 0 0 0 0 0 1 0 0 0 0 3 0 0 0 0 0 19 0 0 0 0 0 0 0 0 0 0 1 0 0 0 0 0 1 0 0 0 3 0 1 2 1 0 0 1 0 12 0 0 0 0 0 0 9 6 4 5 0 0 0 0 0 1 11 0 1 0 0 0 0 0 0 0 0 0 0 0 0 0 0 0 0 0 0 0 0 0 0 5 8 0 17 2 0 0 0 1 0 0 0 0 0 2 0 0 0 0 0 0 2 4 0 0 0 0 9 0 0 3 0 0 3 0 9 0 0 0 0 0 0 1 11 0 0 0 0 0 0 0 0 0 0 0 0 0 0 0 0 0 0 0 1 2 0 0 0 0 0 3 1 0 0 0 0 0 1 0 0 109 1 0 0 0 1 0 0 0 0 10 0 0 0 0 0 0 0 0 5 0 0 0 0 0 0 0 1 0 0 0 0 0 0 0 0 1 0 0 0 0 17 2 1 0 4 1 0 1 9 1 0 0 
95 407 0 0 0 0 0 0 3 0 0 1 0 0 0 0 0 1 0 0 0 0 70 1 0 0 0 1 0 3 0 0 0 0 0 0 0 0 0 0 0 0 0 6 0 0 0 0 0 11 0 0 0 0 0 0 0 0 0 0 0 0 0 0 0 0 4 0 0 0 1 0 0 0 0 0 0 5 1 11 0 0 0 0 0 1 4 4 1 3 0 0 0 0 0 1 9 0 0 0 0 0 0 0 0 0 0 0 0 0 0 0 0 0 0 1 0 0 0 0 0 5 17 0 9 1 0 0 0 1 0 0 0 0 0 0 0 0 0 0 0 0 2 0 0 0 0 0 2 0 0 5 0 0 3 0 8 0 0 0 0 0 0 1 10 0 0 0 0 0 0 0 2 0 0 0 0 0 0 0 0 1 0 0 1 0 0 0 0 0 0 3 0 0 1 0 0 0 2 0 0 152 1 0 0 2 0 0 0 0 0 5 1 0 0 0 0 0 0 0 6 0 0 0 0 0 0 0 0 0 0 0 0 0 0 0 0 0 0 0 0 0 5 1 0 0 8 1 0 1 5 0 0 0 
96 477 0 0 0 0 0 1 0 0 0 0 0 0 0 0 0 0 0 0 0 0 99 0 0 0 0 1 0 0 0 0 0 0 0 0 0 0 0 0 0 0 0 4 0 0 0 0 0 8 0 0 0 0 0 0 0 0 0 0 1 1 0 0 0 0 4 0 0 0 1 0 0 0 1 1 0 4 1 28 0 0 0 0 0 0 1 3 1 0 0 0 0 0 0 2 5 0 0 0 0 0 0 0 0 0 0 0 0 0 1 0 0 0 0 1 0 0 0 0 0 11 11 0 7 0 0 0 0 0 0 0 0 0 0 1 0 0 0 0 0 0 1 1 0 0 0 0 0 0 0 7 0 0 2 0 4 0 0 0 0 0 0 0 12 0 0 0 0 0 0 0 2 0 0 0 0 0 0 0 0 0 0 0 1 2 0 0 0 0 0 6 0 0 1 0 0 0 0 0 0 165 3 0 0 1 0 0 0 0 0 5 2 0 1 0 0 0 0 0 23 0 0 0 0 0 0 0 1 0 0 0 0 0 0 0 0 0 0 0 0 0 11 2 0 0 9 1 0 0 13 0 0 0 
97 378 0 0 0 0 0 0 1 0 0 0 0 0 0 0 0 0 0 0 0 0 77 0 0 0 0 1 0 0 0 0 0 0 0 0 0 0 0 0 0 0 1 5 0 0 0 1 0 2 0 0 0 0 0 0 0 0 0 0 0 1 0 1 0 0 1 0 0 0 0 0 0 0 1 0 0 0 1 18 0 0 0 0 0 2 1 6 1 1 0 0 0 0 0 1 1 0 0 0 0 0 0 0 0 0 0 0 3 0 0 0 0 0 1 0 0 0 0 0 0 10 11 1 4 0 0 0 0 0 0 0 0 0 0 0 0 0 0 0 0 0 1 0 0 0 0 0 0 0 0 4 0 0 1 0 6 0 0 1 0 0 0 0 0 0 0 0 0 0 0 0 3 0 0 0 0 0 0 0 0 1 0 0 0 1 0 0 0 0 0 1 0 0 0 0 0 0 0 0 0 129 1 0 0 0 0 0 0 0 0 1 1 0 0 0 0 0 0 0 26 0 0 0 0 0 0 0 2 0 0 0 0 0 0 0 0 0 0 0 0 0 14 2 0 0 9 2 0 1 16 0 0 0 
98 504 1 0 0 0 0 0 0 0 0 0 1 0 0 0 0 2 0 0 0 0 61 1 0 0 0 0 0 1 0 0 0 0 0 0 0 0 0 0 0 0 0 4 0 0 0 0 0 7 0 0 0 0 0 0 1 0 0 0 0 0 0 2 1 0 5 0 0 0 2 0 0 0 2 0 0 1 1 27 0 0 0 0 0 0 0 4 0 0 0 0 0 0 0 0 2 0 0 0 0 0 0 0 0 0 0 0 0 0 0 0 0 0 0 0 0 0 0 0 0 7 13 0 1 0 0 0 0 2 0 0 0 0 0 0 0 0 0 0 0 0 3 0 1 0 0 0 0 0 0 3 1 0 2 0 3 0 0 0 0 0 0 3 2 0 0 0 0 0 0 0 6 0 0 0 0 1 0 0 0 0 0 0 0 1 0 0 0 0 0 4 1 0 0 0 0 0 1 0 0 220 5 0 0 0 0 0 0 0 0 2 7 0 0 0 0 0 0 0 25 0 0 0 0 0 0 0 1 0 0 0 0 0 0 0 0 0 0 0 0 0 19 3 0 0 31 0 0 1 5 0 1 0 
99 463 1 1 0 0 0 0 0 0 0 0 0 0 0 0 0 0 0 0 0 0 44 1 0 0 0 0 0 0 0 0 0 0 0 0 0 0 2 0 0 0 0 8 0 0 0 0 0 1 0 0 0 0 0 1 0 0 0 0 1 0 0 0 0 0 1 0 0 0 0 0 0 1 1 0 0 1 3 31 0 0 0 0 0 0 1 9 0 0 1 0 0 0 0 1 0 0 0 0 0 0 0 0 0 1 0 0 0 0 0 0 0 0 3 0 0 0 0 0 0 18 10 0 2 0 0 0 0 4 0 0 0 0 0 0 0 0 0 0 0 0 3 0 0 0 0 0 0 0 0 7 3 0 3 0 4 0 0 0 1 0 0 2 0 0 0 0 0 0 0 0 9 0 0 0 0 0 0 0 0 3 0 0 1 0 0 0 0 0 0 3 0 0 0 0 0 0 0 0 0 155 3 0 0 0 0 0 0 1 0 1 5 0 1 0 0 0 0 0 37 0 0 0 0 0 0 0 1 0 0 0 0 0 0 0 0 0 0 0 0 0 13 2 0 0 41 0 0 0 11 0 1 0 
100 513 0 1 0 0 0 0 1 0 0 0 0 0 0 0 1 1 0 0 0 0 33 0 0 0 0 1 0 1 0 0 0 0 0 0 0 0 0 0 0 0 0 7 0 0 0 0 0 2 0 0 0 0 0 0 0 0 0 0 1 0 0 1 0 0 4 0 0 0 0 0 0 0 0 0 0 2 5 34 0 0 0 0 0 0 0 15 0 0 1 0 0 0 1 3 0 0 0 0 0 0 0 0 0 0 0 0 1 0 0 0 0 0 2 0 0 0 0 0 0 22 15 0 2 0 0 0 0 1 0 0 0 0 0 0 0 0 0 0 0 0 4 1 0 0 0 0 0 0 0 4 2 0 0 0 5 0 0 0 0 0 0 1 0 0 0 0 0 0 0 0 8 0 0 0 1 0 0 0 0 0 0 0 1 1 0 0 0 0 0 2 1 0 0 0 0 0 1 0 0 122 0 0 0 0 0 0 0 1 0 8 3 0 1 0 0 0 0 0 58 0 0 0 0 0 0 0 2 0 1 0 0 0 0 0 0 1 0 0 0 0 11 4 2 0 77 5 0 0 22 0 0 0 
101 601 1 1 0 1 0 0 1 0 0 0 0 0 0 0 0 1 0 3 0 0 15 0 0 0 0 2 0 1 0 0 0 0 0 0 0 0 0 0 0 0 0 10 0 0 0 0 0 2 0 0 0 0 0 0 1 0 0 0 0 0 0 0 0 0 1 0 0 0 1 0 0 0 1 1 0 0 3 42 0 0 0 0 0 2 0 22 1 3 0 0 0 0 0 3 2 0 0 0 0 0 0 0 0 0 0 0 0 0 0 0 0 0 3 0 0 0 0 0 1 25 10 0 3 0 0 0 0 6 0 0 0 0 2 1 1 0 0 0 0 0 8 1 0 0 0 0 0 0 0 1 1 0 1 0 3 0 0 0 1 0 0 2 0 0 0 0 0 0 0 0 5 0 0 0 1 0 0 0 0 4 0 0 0 2 0 0 0 0 0 1 1 0 1 0 0 0 3 0 0 122 2 0 0 0 0 0 0 0 0 11 11 0 2 0 0 0 0 0 84 0 0 0 0 0 0 0 3 0 0 0 0 0 0 0 0 0 0 0 1 0 4 6 3 0 82 1 0 1 56 1 0 0 
102 568 0 3 0 0 0 0 2 0 0 1 0 0 0 0 0 1 0 2 0 0 11 0 0 1 0 2 0 1 0 0 0 0 0 0 0 0 0 0 0 0 0 7 0 0 0 0 0 7 0 0 0 0 0 1 0 0 0 0 0 0 0 1 0 0 2 0 0 0 0 0 0 0 1 2 0 0 6 44 0 0 0 3 0 0 6 36 0 3 1 0 0 0 0 2 4 0 0 0 1 0 0 0 0 0 0 0 1 0 0 0 0 0 11 0 0 0 0 0 1 26 5 1 1 0 0 0 0 9 0 0 0 0 1 5 0 1 0 0 0 0 4 3 2 0 0 0 3 0 1 4 1 0 0 0 1 0 0 0 0 0 0 0 0 0 0 0 0 0 0 0 5 0 0 0 0 0 0 0 0 3 0 0 1 0 0 0 0 0 0 1 2 0 0 0 0 0 3 0 0 63 1 0 0 0 0 0 0 1 0 9 7 0 0 0 0 0 0 0 73 0 0 0 0 0 0 0 0 0 0 0 0 0 0 0 0 0 0 0 0 0 6 4 0 0 103 1 0 0 41 0 2 0 
103 553 0 1 0 0 0 0 1 0 0 0 0 0 0 0 0 0 0 4 0 0 7 0 0 0 0 1 1 2 0 0 0 0 0 0 0 0 0 0 2 0 0 15 0 0 0 0 0 8 0 0 0 0 0 0 2 1 0 0 0 0 0 0 0 0 3 0 0 0 0 0 0 0 0 0 0 0 11 47 0 1 0 1 0 4 4 42 0 5 0 0 0 0 1 1 8 0 0 0 0 0 0 0 0 0 0 0 1 0 0 0 0 0 11 0 0 0 0 0 0 16 2 1 6 1 0 0 0 5 0 0 0 0 0 4 0 1 0 0 0 0 8 0 0 0 0 0 8 1 2 3 0 0 1 0 3 0 0 0 0 0 0 0 1 0 0 0 1 0 0 0 5 0 0 0 0 0 0 0 0 2 0 0 3 3 0 0 0 0 0 3 3 1 0 0 0 0 2 0 0 49 1 0 0 2 0 0 0 0 0 15 10 0 0 0 0 0 0 0 77 0 0 0 0 0 0 0 4 1 0 0 0 0 0 0 0 1 0 0 0 0 5 2 0 0 86 1 0 1 22 1 0 0 
104 507 0 2 0 0 0 0 1 0 0 0 0 1 0 0 0 0 0 0 0 0 20 0 0 0 0 2 0 1 0 0 0 0 0 0 0 0 0 0 0 0 0 16 0 0 0 0 0 11 0 0 0 0 0 3 1 0 0 0 0 0 0 2 0 0 1 0 0 0 1 0 1 0 0 0 0 0 10 46 0 0 0 0 0 1 0 31 0 6 0 0 0 0 1 1 13 0 0 0 0 0 0 0 0 0 0 0 0 0 1 0 1 0 4 0 1 0 0 0 1 22 1 0 10 0 0 0 0 10 0 0 0 0 0 3 0 2 0 0 0 0 10 4 1 0 0 0 1 0 3 2 3 1 0 0 1 0 0 0 0 0 0 0 0 0 0 0 0 0 0 0 3 0 0 0 0 0 0 0 0 5 0 0 3 5 0 0 1 0 0 1 2 0 0 0 0 1 3 0 1 36 0 0 0 0 0 0 0 1 0 18 10 0 2 0 0 0 0 0 60 0 0 0 0 0 1 0 4 0 0 0 0 0 0 0 0 4 1 0 0 0 1 5 0 0 55 5 2 1 17 1 0 0 
105 626 0 4 0 0 0 0 4 0 0 1 0 1 0 0 0 1 0 0 0 0 25 0 0 0 0 4 0 1 0 0 0 0 0 0 0 0 0 0 0 0 0 10 0 0 0 0 0 22 0 0 0 0 0 1 1 0 0 0 0 0 1 1 0 0 1 0 0 0 1 0 0 0 0 0 0 0 10 52 0 0 0 0 0 5 2 48 0 8 0 0 0 0 1 0 11 0 0 0 0 0 0 0 0 0 0 0 1 0 0 0 0 0 12 0 0 0 0 0 1 33 0 4 13 0 0 0 0 5 0 0 0 0 0 6 0 0 0 0 0 0 12 2 1 0 0 0 4 0 2 0 3 0 1 0 1 0 0 0 0 0 0 0 0 0 0 0 1 0 0 0 5 0 0 0 0 0 0 0 0 3 0 0 4 0 0 0 0 0 0 5 6 1 0 0 0 0 3 0 0 33 0 0 0 0 0 0 0 1 0 23 8 0 0 0 0 0 0 0 83 0 0 0 0 0 0 0 8 0 0 0 0 0 0 0 0 3 0 0 0 0 3 5 0 0 71 2 0 3 32 1 2 0 
106 626 0 4 0 0 1 0 1 0 0 0 0 1 0 0 0 0 0 3 0 0 36 0 0 0 0 1 0 2 0 1 0 0 0 0 0 0 0 0 2 0 0 11 0 0 0 0 0 25 0 0 0 0 0 1 0 0 0 0 0 0 0 4 0 0 2 0 0 0 2 0 0 0 2 0 0 0 9 57 0 3 0 0 0 2 0 44 0 5 0 0 0 0 1 3 6 0 0 0 0 0 0 0 0 0 0 1 0 0 0 0 1 0 18 0 0 0 0 0 0 18 0 0 11 0 0 0 0 5 0 0 0 0 0 6 1 0 0 0 0 0 17 0 2 0 0 0 1 1 1 0 0 0 0 0 1 0 0 0 0 0 0 0 1 0 0 0 0 0 0 0 15 0 0 0 1 0 0 0 0 1 0 0 6 0 0 0 0 0 0 5 3 0 0 0 0 0 3 0 0 33 1 0 0 1 0 0 0 2 0 23 5 0 0 0 0 1 0 0 86 0 0 0 0 0 0 0 2 0 0 0 0 0 0 0 0 1 0 0 0 0 2 2 1 0 68 5 0 1 31 6 2 2 
107 652 0 3 0 0 2 0 4 0 0 1 0 1 0 0 0 1 0 2 0 0 29 0 0 0 0 6 0 2 0 0 0 0 0 0 0 0 2 0 1 0 0 11 0 0 0 0 0 27 0 0 0 0 0 3 1 0 0 0 0 1 0 2 0 0 0 0 0 0 2 0 0 0 2 0 0 1 8 57 0 1 0 0 0 6 2 30 3 4 1 0 0 1 0 1 6 0 0 0 0 0 0 0 0 0 0 0 0 0 1 0 0 0 4 0 0 0 0 0 3 23 3 1 10 0 0 0 0 4 0 0 0 0 0 5 1 0 0 0 0 0 11 2 2 0 0 0 5 0 0 0 0 0 2 0 1 0 0 0 0 0 0 0 1 0 0 0 0 0 0 0 8 0 0 0 0 0 0 0 0 3 0 0 6 2 0 0 0 1 0 5 1 0 0 0 0 0 3 0 4 54 0 0 0 0 0 0 0 0 0 22 10 0 1 0 0 0 0 0 95 0 0 0 0 1 0 0 2 0 0 0 0 0 0 0 0 2 0 0 0 0 1 7 0 0 79 4 0 4 25 7 0 0 
108 599 0 0 0 0 0 0 2 0 0 1 0 0 0 0 0 0 0 1 0 0 35 0 0 0 0 3 0 1 0 0 0 0 1 0 0 0 1 0 0 0 0 14 0 0 0 0 0 26 1 0 0 0 0 3 1 0 0 0 0 0 1 2 1 0 0 0 0 0 1 0 0 0 1 0 0 0 7 50 0 1 0 0 0 4 3 25 0 6 0 0 0 0 0 3 8 0 0 0 0 0 0 1 0 0 0 0 0 0 2 0 0 0 2 0 0 0 0 0 0 31 5 0 9 0 0 0 0 5 0 0 0 0 0 3 0 0 0 0 0 0 13 0 1 0 0 0 5 0 0 4 0 0 1 0 3 0 0 0 0 0 0 0 1 0 0 0 0 0 0 0 8 0 0 0 0 0 0 0 0 0 1 0 2 2 0 0 0 0 0 6 0 0 0 0 0 1 0 0 0 63 2 0 0 2 0 0 0 0 0 17 5 0 0 0 0 0 0 0 63 0 0 0 0 0 0 0 2 0 0 0 0 0 0 0 0 2 0 0 0 0 0 4 1 0 105 3 0 1 14 3 1 0 
109 580 0 1 0 0 0 0 2 0 0 1 0 1 1 0 0 0 0 2 0 0 46 0 0 0 0 2 1 1 0 0 0 0 1 0 0 0 0 0 1 0 0 12 0 0 0 0 0 20 0 0 0 0 0 2 0 0 0 0 0 1 1 4 0 0 0 0 0 0 3 0 0 0 2 0 0 2 6 71 0 0 0 0 0 4 1 18 0 3 0 0 0 0 1 3 11 0 0 0 0 0 0 0 0 0 0 0 2 0 2 0 0 0 4 0 0 0 0 0 0 35 5 0 7 0 0 0 0 5 0 0 0 0 0 2 1 0 0 0 0 0 8 0 4 0 0 0 4 0 0 1 1 0 2 0 7 0 0 0 0 0 0 0 0 0 0 0 0 0 0 0 6 0 0 0 0 0 0 0 0 3 0 0 1 6 0 0 0 0 0 4 1 1 0 0 0 0 1 0 0 55 5 0 0 2 0 0 0 1 0 25 9 0 1 0 0 0 0 0 33 0 0 0 0 1 0 0 3 0 0 0 0 0 0 1 0 1 0 0 0 0 8 0 0 0 69 5 0 3 15 0 0 0 
110 538 0 1 0 1 0 0 0 0 0 0 0 1 0 0 0 0 0 2 0 0 50 0 0 0 0 2 0 2 0 0 0 0 0 0 0 0 1 0 0 0 0 5 0 0 0 0 0 11 0 0 0 0 0 2 0 0 0 0 0 0 0 1 0 0 0 0 0 0 1 0 0 0 0 0 0 2 7 59 0 1 0 0 0 6 2 21 0 3 0 0 0 1 1 5 4 0 0 0 0 0 0 0 0 0 0 0 0 0 0 0 0 0 1 0 0 0 0 0 0 26 9 0 9 0 0 0 0 5 0 0 0 0 1 5 1 0 0 0 0 0 6 1 0 0 0 0 4 0 0 0 2 0 0 0 8 0 0 0 0 0 0 1 2 0 0 0 0 0 0 0 7 0 0 0 0 1 0 0 0 1 0 0 1 1 0 0 0 0 0 3 1 0 0 0 0 0 8 0 0 77 1 0 0 2 1 0 0 0 0 22 7 0 1 0 0 0 0 0 28 0 0 0 0 0 0 0 4 0 0 0 0 0 0 1 0 3 0 0 0 0 1 0 6 0 57 3 0 2 20 1 0 0 
111 568 0 2 0 0 0 0 0 0 0 0 1 0 0 0 0 0 0 2 0 0 55 0 0 0 0 9 0 2 0 0 0 0 0 0 0 0 0 0 1 0 0 4 0 0 0 0 0 13 0 0 0 0 0 1 1 0 0 0 1 0 0 1 0 0 0 0 0 0 0 0 0 0 0 0 0 4 8 40 0 2 0 1 0 4 3 21 0 4 0 0 0 1 0 8 5 0 0 0 0 0 0 0 0 0 0 1 0 0 1 0 0 0 4 0 0 0 0 0 0 30 6 0 9 0 0 0 0 7 0 0 0 0 1 5 1 1 0 0 0 0 7 0 3 0 0 0 6 0 0 1 2 0 1 0 5 0 0 0 0 2 0 0 0 0 0 0 0 0 0 0 10 0 0 0 0 0 0 0 0 2 1 0 5 3 0 0 0 0 0 1 2 0 1 0 0 0 3 0 1 94 2 0 0 0 0 1 0 0 0 32 5 0 0 0 0 0 0 0 13 0 0 0 0 0 0 0 4 0 0 0 0 0 0 0 0 2 0 0 0 0 5 0 0 0 66 1 0 6 15 3 1 0 
112 547 0 1 0 0 0 0 3 0 0 0 0 0 0 0 0 0 0 0 0 0 52 0 0 0 0 2 0 1 0 0 0 0 0 0 0 0 0 0 0 0 0 2 0 0 0 0 0 22 0 0 0 0 0 0 1 0 0 0 0 0 0 1 1 0 1 0 0 0 2 0 0 1 1 0 0 0 6 27 0 1 0 0 0 6 3 19 0 3 0 0 0 0 0 2 6 0 0 0 0 0 0 0 0 0 0 0 0 0 1 0 0 0 10 0 0 0 0 0 0 15 8 0 7 1 0 0 0 10 0 0 0 0 0 5 0 0 0 0 0 0 10 0 0 0 0 0 5 0 1 1 2 0 0 0 5 0 0 0 0 0 0 0 2 0 0 0 0 0 0 0 7 0 0 0 1 0 0 0 0 0 0 0 5 1 0 0 0 0 0 2 2 1 1 0 0 0 4 0 0 93 0 0 0 0 0 0 0 0 0 38 3 0 0 0 0 0 0 0 28 0 0 0 0 0 0 0 3 0 0 0 0 0 0 0 1 2 0 0 0 0 7 0 0 0 79 3 0 2 9 2 1 0 
113 528 0 0 0 0 0 0 5 0 0 0 0 0 0 0 0 0 0 0 0 0 48 0 0 0 0 1 0 1 0 0 0 0 0 0 0 0 0 0 1 0 0 3 0 0 0 0 0 13 0 0 0 0 0 2 1 0 0 0 0 0 1 1 0 0 0 1 0 0 2 0 0 0 1 0 0 2 13 19 0 1 0 1 0 6 1 31 1 5 0 0 0 0 1 2 6 0 0 0 0 0 0 0 0 0 0 0 0 0 0 0 0 0 9 0 0 0 0 0 0 9 9 0 8 0 0 0 0 5 0 0 0 0 0 2 1 0 0 0 0 0 16 0 2 0 0 0 12 1 0 2 0 0 5 0 2 0 0 0 0 0 0 2 2 0 0 0 0 0 0 0 12 0 0 0 0 0 0 0 0 3 1 0 4 1 0 0 0 0 0 0 4 0 0 0 0 0 7 0 1 82 0 0 0 3 0 0 0 0 0 38 5 0 1 0 0 0 0 0 5 0 0 0 0 0 0 0 2 0 0 0 0 0 0 0 0 0 0 0 0 0 7 0 0 0 80 3 0 0 3 0 1 0 
114 562 0 1 0 0 0 0 4 0 0 0 0 1 0 0 0 1 0 1 0 0 64 0 0 0 0 1 0 0 0 0 0 0 1 0 0 0 1 0 0 0 0 1 0 0 0 0 0 23 0 0 0 0 0 0 1 1 1 0 0 0 1 0 0 0 2 0 0 0 4 1 0 0 1 0 0 2 5 7 0 1 0 0 0 6 3 66 1 4 0 0 0 0 0 4 13 0 0 0 0 0 0 0 0 0 0 0 0 0 1 0 0 1 9 0 0 0 0 0 0 12 5 1 14 0 0 0 0 7 0 0 0 0 0 11 0 0 0 0 0 0 7 0 0 0 0 0 8 0 0 0 0 0 1 0 1 0 0 1 3 0 0 1 1 0 0 0 0 0 0 0 3 0 0 0 0 0 0 0 0 1 0 0 6 7 0 0 0 0 0 2 1 0 2 0 0 0 11 0 1 110 0 0 0 4 0 0 0 0 0 36 0 0 1 0 0 0 0 0 3 0 0 0 0 0 0 0 2 0 0 0 0 0 0 1 0 1 0 0 0 0 2 0 1 0 46 4 0 2 3 1 0 0 
115 493 0 5 0 0 0 0 0 0 0 0 0 0 0 0 0 0 0 1 0 0 48 0 0 0 0 2 0 1 0 0 0 0 0 0 0 0 0 0 1 0 0 0 0 0 0 0 0 19 0 0 1 0 0 1 1 0 0 0 0 1 0 0 0 0 2 0 0 0 6 0 0 0 1 0 0 0 5 9 0 2 0 1 0 8 2 41 2 7 1 0 0 0 1 2 13 0 0 0 0 0 1 0 0 0 0 0 0 0 4 0 0 0 9 0 0 0 0 0 0 2 6 0 23 0 0 0 0 5 0 0 0 0 0 5 0 0 0 0 0 0 10 0 0 0 0 0 4 0 3 3 0 0 3 0 2 0 0 0 1 0 0 2 1 0 0 0 0 0 0 0 4 0 0 0 0 0 0 0 0 0 0 0 10 4 0 0 0 0 0 1 3 1 2 0 0 0 11 0 0 101 1 0 0 1 0 0 0 0 0 27 0 0 0 0 0 0 0 0 2 0 0 0 0 0 0 0 4 0 0 0 0 0 0 0 0 2 0 0 0 0 8 2 0 0 24 3 1 2 9 0 0 0 
116 415 0 0 0 0 0 1 4 0 0 0 0 0 0 0 0 0 0 1 0 0 67 0 0 0 0 4 0 0 0 0 0 0 0 0 0 0 0 0 1 0 0 0 0 0 0 0 0 16 0 0 0 0 0 3 0 1 0 0 2 0 1 0 0 0 1 0 0 0 10 0 0 0 3 0 0 2 3 5 0 0 0 0 0 3 1 30 0 6 0 0 0 0 0 1 19 0 0 0 0 0 0 0 0 0 0 0 0 0 1 0 0 0 4 0 0 0 0 0 0 0 2 1 15 0 0 0 0 4 0 0 0 0 0 6 0 0 0 0 0 0 3 0 0 0 0 0 7 0 1 1 1 0 2 0 3 0 0 0 0 0 0 1 0 0 0 0 0 0 0 0 3 0 0 0 0 0 0 0 0 1 2 0 2 1 0 0 0 0 0 0 3 0 0 0 0 0 4 0 2 101 2 0 0 1 0 0 0 0 0 21 0 0 1 0 0 1 0 0 1 0 0 0 0 1 0 0 2 0 0 0 0 0 0 0 0 3 0 0 1 0 8 0 3 0 6 2 1 0 3 1 0 0 
117 381 0 0 0 0 0 0 2 0 0 0 0 0 0 0 0 0 0 0 0 0 50 0 0 1 0 0 0 2 0 0 0 0 0 0 0 0 0 0 0 0 0 3 0 0 0 0 0 23 0 0 0 0 0 0 1 0 0 0 0 0 0 0 0 0 0 0 0 0 7 0 0 0 0 0 0 0 3 7 0 1 0 0 0 4 2 26 2 10 0 0 0 2 0 4 12 0 0 0 0 0 0 0 0 0 0 0 0 0 0 0 0 0 1 0 0 0 0 0 1 0 6 0 12 1 0 0 0 2 0 0 0 0 0 6 0 0 0 0 0 0 8 0 0 0 0 0 8 0 0 0 0 0 0 0 4 0 0 0 0 0 0 0 2 0 0 0 0 0 0 0 2 0 0 0 0 0 0 0 0 0 1 0 3 4 0 0 0 0 0 0 2 0 0 0 0 0 4 0 0 87 5 0 0 0 0 0 0 0 0 19 0 0 0 0 0 0 0 0 2 0 0 0 0 1 0 0 1 0 0 0 0 0 0 0 0 0 0 0 0 0 9 7 1 0 8 1 0 2 2 2 1 0 
118 409 0 0 0 0 0 0 0 0 0 0 0 0 0 0 0 0 0 0 0 0 80 0 0 0 0 3 0 2 0 0 0 0 0 0 0 0 0 0 0 0 0 7 0 0 0 0 0 8 0 0 1 0 0 1 0 0 1 0 0 0 0 0 0 0 3 0 0 0 6 0 0 0 2 0 0 0 1 15 0 0 0 1 0 1 7 16 2 5 0 0 0 1 0 1 19 0 0 0 0 0 0 0 0 0 0 0 0 0 1 0 0 0 0 1 0 0 0 0 0 5 6 1 14 1 0 0 0 2 0 0 0 0 0 2 0 0 0 0 0 0 3 1 0 0 0 0 4 1 0 3 0 0 3 0 7 0 0 1 0 1 0 1 0 0 0 0 0 0 0 0 2 0 0 0 0 0 0 0 0 3 1 0 0 3 0 0 0 0 0 0 1 0 0 0 0 0 7 0 0 105 3 0 0 1 0 0 0 0 0 13 0 0 0 0 0 0 0 0 2 0 0 0 0 0 0 0 3 0 0 0 0 0 0 1 0 1 0 0 0 0 10 1 0 0 5 0 0 0 4 0 0 0 
119 364 0 0 0 0 0 0 1 0 0 0 0 0 0 0 0 0 0 0 0 0 72 1 0 0 0 1 0 1 0 0 0 0 0 0 0 0 0 0 0 0 0 1 0 0 0 0 0 13 0 0 0 0 0 0 0 0 0 0 0 0 0 0 0 0 7 0 0 0 3 0 0 0 1 0 0 0 1 18 0 1 0 0 0 0 1 9 1 0 1 0 0 0 0 0 15 0 0 0 0 0 0 0 0 0 0 0 0 0 0 0 0 0 2 0 0 0 0 0 0 11 5 0 9 2 0 0 0 0 0 0 0 0 0 0 0 0 0 0 0 0 3 1 0 0 0 0 2 0 4 2 0 0 0 0 4 0 0 0 0 1 0 1 0 0 0 0 0 0 0 0 0 0 0 0 0 0 0 0 0 1 1 0 0 1 0 0 0 1 0 1 0 0 2 0 0 0 0 0 0 112 3 0 0 0 0 0 0 0 0 7 0 0 0 0 0 0 0 0 10 0 0 0 0 1 0 0 0 1 0 0 0 0 1 0 0 1 0 0 0 0 6 2 0 0 7 1 0 3 5 0 0 0 
120 410 0 0 0 0 0 0 0 0 0 0 0 0 0 0 0 0 0 0 0 0 78 0 0 0 0 1 0 2 0 0 0 0 0 0 0 0 0 0 0 0 0 6 0 0 0 0 0 7 0 0 0 0 0 2 0 0 0 0 0 0 0 0 1 0 1 0 0 0 0 0 0 0 0 0 0 5 0 22 0 0 0 0 0 0 2 8 0 0 0 0 0 0 0 1 4 0 0 0 0 0 0 0 0 0 0 0 1 0 0 0 0 0 0 0 0 0 0 0 0 5 4 0 8 0 0 0 0 0 0 0 0 0 1 1 0 0 0 0 0 0 3 2 0 0 0 0 3 1 2 2 1 1 0 0 9 0 0 0 0 0 0 0 3 0 0 0 0 0 0 0 0 0 0 0 0 0 0 0 0 2 0 0 0 1 0 0 0 0 0 1 1 0 1 0 0 0 0 0 0 140 1 0 0 0 0 0 0 0 0 3 1 0 0 0 0 0 0 0 34 0 0 0 0 0 0 0 1 0 0 0 0 0 0 0 0 0 0 0 0 0 12 1 0 0 5 1 0 1 16 0 0 0 
121 428 0 0 0 0 0 0 0 0 0 0 0 0 0 0 0 0 0 0 0 0 83 0 0 0 0 0 0 0 0 0 0 0 0 0 0 0 1 0 0 0 1 3 0 0 0 0 0 5 0 0 0 0 0 0 0 0 0 0 0 0 0 0 0 0 1 0 0 0 2 0 0 0 0 0 0 2 0 27 0 0 0 0 0 0 6 3 2 1 0 0 0 0 0 0 0 0 0 0 0 0 0 0 1 1 0 0 0 0 0 0 0 0 0 0 0 0 0 0 0 10 7 0 2 0 0 0 0 0 0 0 0 0 1 0 0 0 0 0 0 0 3 0 0 0 0 0 1 0 2 3 0 0 2 0 8 0 0 0 0 0 0 1 4 0 0 0 0 0 0 0 1 0 0 0 0 0 0 0 0 1 0 0 0 6 0 0 0 0 0 0 0 0 1 0 0 0 2 0 0 150 4 0 0 0 0 0 0 1 0 2 1 0 0 0 0 0 0 0 33 0 0 0 0 0 0 0 0 0 0 0 0 0 0 0 0 0 1 0 0 0 9 1 0 0 20 2 0 1 5 1 0 0 
122 433 0 0 0 0 0 0 0 0 0 0 0 0 0 0 0 2 0 0 0 0 56 0 0 0 0 1 0 0 0 0 0 0 0 0 0 0 0 0 0 0 0 4 0 0 0 0 0 1 0 0 0 0 0 1 0 0 0 0 0 0 0 1 0 0 5 0 0 0 0 0 0 0 0 0 0 5 2 30 0 0 0 0 0 0 1 9 1 1 0 0 0 0 0 0 1 0 0 0 0 0 0 0 0 0 0 0 1 0 0 0 0 0 0 0 1 0 0 0 0 16 18 0 0 0 0 0 0 0 0 0 0 0 0 0 0 0 0 0 0 0 5 2 0 0 0 0 0 0 0 5 2 0 0 0 6 0 0 0 0 0 0 1 1 0 0 0 0 0 0 0 4 0 0 0 0 0 0 0 0 5 0 0 0 0 0 0 0 0 0 1 0 0 3 0 0 0 0 0 0 146 2 0 0 0 0 0 0 0 0 1 5 0 0 0 0 0 0 0 28 0 0 0 0 0 0 0 0 0 0 0 0 0 0 0 0 0 0 0 0 0 14 3 1 0 25 0 0 1 12 0 0 0 
123 466 0 1 0 0 0 0 0 0 0 0 0 0 0 0 0 0 0 1 0 0 53 0 0 0 0 1 0 0 0 0 0 0 1 0 0 0 0 0 0 0 0 10 0 0 0 0 0 4 0 0 0 0 0 0 0 0 0 0 0 0 0 3 0 0 5 0 0 0 0 0 0 0 5 0 0 1 3 36 0 0 0 0 0 1 1 13 0 0 0 0 0 0 0 1 2 0 0 0 0 0 0 0 0 0 0 0 0 0 0 0 0 0 3 0 0 0 0 0 0 20 9 0 0 1 0 0 0 1 0 0 0 0 0 0 0 0 0 0 0 0 4 2 0 0 0 0 0 0 0 4 0 0 1 0 9 0 0 0 0 0 0 0 0 0 0 0 0 0 0 0 9 0 0 0 0 0 0 0 0 3 0 0 0 0 0 0 0 0 0 1 0 0 1 0 0 0 0 0 0 136 2 0 0 0 0 0 0 0 1 1 3 0 0 0 0 0 0 0 25 0 0 0 0 0 0 0 2 0 0 0 0 0 0 0 0 0 0 0 0 0 14 5 3 0 43 0 0 0 17 0 0 0 
124 445 0 0 0 0 0 0 0 0 0 1 0 0 0 0 0 0 0 1 0 0 30 0 0 0 0 1 0 0 0 0 0 0 0 1 0 0 0 0 0 0 0 15 0 0 0 0 0 1 0 0 0 0 0 0 0 0 0 0 0 0 0 1 0 0 4 0 0 0 0 0 0 0 0 0 0 2 0 39 0 0 0 0 0 3 1 21 1 0 0 0 0 0 0 2 0 0 0 0 0 0 1 0 0 0 0 0 2 0 0 0 0 0 3 0 0 0 0 0 0 22 9 0 0 0 0 0 0 2 0 0 0 0 1 2 0 1 0 0 0 0 3 0 0 0 0 0 1 0 0 4 0 0 1 0 5 0 0 0 0 2 0 0 0 0 0 0 0 0 0 0 5 0 0 0 0 1 0 0 0 3 0 0 2 0 0 0 0 0 0 3 0 0 0 0 0 0 0 0 0 103 1 0 0 0 0 0 0 0 0 2 6 0 0 0 0 1 0 0 29 0 0 0 0 0 0 0 3 0 0 0 0 0 0 0 0 0 0 0 0 0 5 2 1 0 74 0 0 0 17 0 0 1 
125 502 0 1 0 0 0 0 0 0 0 0 0 1 0 0 0 0 0 1 0 0 13 0 0 0 0 2 0 0 0 0 0 0 1 0 0 0 1 0 0 0 0 13 0 0 0 0 0 4 0 0 0 0 0 0 1 0 0 0 0 0 0 0 0 0 0 0 0 0 0 0 0 0 0 0 0 0 3 48 0 2 0 0 0 12 1 24 0 2 0 0 0 0 0 1 2 0 0 0 0 0 0 0 0 0 0 0 0 0 1 0 0 0 7 0 0 0 0 0 0 28 8 1 6 0 0 0 0 8 0 0 0 0 0 4 0 2 0 0 0 0 4 0 0 0 0 0 0 0 0 2 0 0 0 0 10 0 0 0 1 0 0 1 0 0 0 0 0 0 0 0 8 0 0 0 0 0 0 0 0 2 0 0 1 3 0 0 0 0 0 2 0 0 0 0 0 0 1 0 0 82 0 0 0 0 0 0 0 0 0 5 5 0 1 0 0 0 0 0 58 0 0 0 0 1 0 0 7 0 0 0 0 0 0 0 0 0 0 0 0 1 7 6 0 0 77 4 0 0 12 0 2 0 
126 519 0 0 0 0 0 0 0 0 0 0 0 0 0 0 0 0 0 3 0 0 9 0 0 0 0 3 0 0 0 0 0 0 1 0 0 0 0 0 0 0 0 7 0 0 0 0 0 3 0 0 0 0 0 3 1 0 0 0 0 0 1 1 0 0 1 0 0 0 1 0 0 0 0 0 0 0 2 52 0 2 0 0 0 12 0 31 0 5 0 0 0 1 0 1 5 0 0 0 0 0 0 0 0 0 0 0 1 0 0 0 0 0 5 0 0 0 0 0 0 18 4 0 5 0 0 0 0 3 0 0 0 0 0 4 0 0 0 0 0 0 8 0 0 0 0 0 0 0 1 1 1 0 2 0 1 0 1 0 0 0 0 2 0 0 0 0 0 0 0 0 8 0 0 0 0 0 0 0 0 1 0 0 0 5 0 0 0 0 0 2 1 1 0 0 0 0 2 0 0 67 0 0 0 0 0 0 0 0 0 24 3 0 0 0 0 0 0 0 69 0 0 0 0 0 0 0 4 0 0 0 0 0 0 0 0 0 0 0 0 0 2 6 2 0 81 2 1 0 33 0 0 0 
127 454 0 3 0 1 0 0 2 0 0 0 0 1 0 0 0 1 0 0 0 0 2 0 0 0 0 1 1 2 0 0 0 0 1 0 0 0 0 0 0 0 0 8 0 0 0 0 0 5 0 0 0 0 0 1 5 0 0 0 0 0 0 0 0 0 0 0 0 0 0 0 0 0 0 0 0 0 9 47 0 1 0 0 0 10 0 22 0 4 0 0 0 0 0 4 2 0 0 0 0 0 0 0 0 0 0 1 0 0 0 0 0 0 6 0 0 0 0 0 0 21 2 1 6 0 0 0 0 6 0 0 0 0 0 1 1 0 0 0 0 0 10 0 3 0 0 0 5 0 0 0 1 0 3 0 0 0 0 0 0 0 0 0 0 0 0 0 0 0 0 0 19 0 0 0 0 0 0 0 0 3 0 0 4 0 0 0 0 0 0 1 3 1 0 0 0 0 1 0 1 40 0 0 0 2 0 0 0 2 0 10 2 0 0 0 0 0 0 0 46 0 0 0 0 0 0 0 3 0 0 0 0 0 0 0 0 1 0 0 0 0 1 1 2 0 68 7 0 2 31 1 1 0 
128 538 0 4 0 0 1 0 2 0 0 0 0 0 0 0 0 0 0 2 0 0 17 0 0 0 0 2 0 1 1 0 0 0 1 0 0 0 0 0 2 0 0 10 0 0 0 0 0 18 0 0 0 0 0 2 1 1 0 0 0 0 0 4 0 0 1 0 0 0 0 0 0 0 0 0 0 0 6 58 0 4 0 0 0 6 4 25 0 9 1 0 0 2 0 1 7 0 0 0 0 0 1 0 0 1 0 0 0 0 0 0 0 0 6 0 0 0 0 0 0 18 1 1 7 0 0 0 0 11 0 0 0 0 0 5 0 0 0 0 0 0 9 2 1 0 0 0 3 0 1 0 0 0 3 0 1 0 0 1 1 0 0 0 0 0 0 0 0 0 0 0 18 0 0 0 1 0 0 0 0 3 0 0 2 1 0 0 0 0 0 1 2 0 0 0 0 0 2 0 0 26 0 0 0 0 0 0 0 0 0 14 2 0 0 0 0 0 0 0 58 0 0 0 0 0 0 0 2 0 0 0 0 0 0 0 0 1 0 0 1 0 0 6 3 0 75 2 0 0 42 1 1 1 
129 582 0 1 0 1 0 0 4 0 0 0 0 0 0 0 0 0 0 1 0 0 30 0 0 0 0 2 0 1 0 1 0 0 1 0 0 0 0 0 0 0 0 17 0 0 0 0 0 19 0 0 0 0 0 0 0 0 0 0 1 0 0 2 0 0 1 0 0 0 1 0 0 0 0 0 0 0 10 51 0 0 0 0 0 9 2 31 0 4 0 0 0 0 0 1 8 0 0 0 0 0 0 0 0 0 0 0 1 0 0 0 1 0 3 0 0 0 0 0 1 35 2 1 11 0 0 0 0 3 0 0 0 0 0 1 0 1 0 0 0 0 12 0 1 0 0 0 6 0 2 0 0 1 0 0 3 0 0 0 0 1 0 0 0 0 0 0 0 0 0 0 12 0 0 0 0 0 0 0 0 3 1 0 4 0 0 0 0 0 0 0 3 0 0 0 0 0 5 0 0 27 1 0 0 2 0 0 0 1 0 12 4 0 2 0 0 0 0 0 87 0 0 0 0 0 0 0 0 0 0 0 0 0 0 0 1 4 0 0 0 0 4 4 0 0 77 5 0 4 24 2 1 0 
130 574 0 1 0 0 0 0 3 0 0 0 0 0 0 0 0 0 0 1 0 0 30 0 0 0 0 1 0 1 0 0 0 0 0 0 0 1 0 0 1 0 0 10 0 0 0 1 0 25 0 0 0 0 0 3 1 0 0 0 0 0 0 0 0 0 0 0 0 0 1 0 1 0 0 0 0 0 10 56 0 1 0 0 0 5 2 30 0 8 1 0 0 0 0 3 10 0 1 0 0 0 1 0 0 0 0 0 0 0 0 0 0 0 4 0 0 0 0 0 3 25 1 2 10 0 0 0 0 6 0 0 0 0 0 3 1 0 0 0 0 0 11 1 1 0 0 0 4 0 0 1 0 0 0 0 3 0 0 0 0 0 0 0 2 0 0 0 0 0 0 0 1 0 0 0 0 0 0 0 0 1 0 0 5 1 0 0 0 0 0 2 0 0 1 0 0 0 7 0 0 31 1 0 0 1 0 0 0 0 0 21 7 0 0 0 0 0 0 0 86 0 0 0 0 0 0 0 3 0 0 0 0 0 0 0 0 4 0 0 0 0 2 7 0 0 72 6 0 6 20 0 1 0 
131 589 0 2 0 0 0 0 3 0 0 0 0 1 0 0 0 1 0 3 0 0 23 0 0 0 0 0 0 3 0 0 0 0 0 0 0 0 0 0 1 0 0 7 0 0 0 1 0 17 0 0 0 0 0 1 1 2 0 0 0 0 0 4 0 0 0 0 0 0 1 0 0 0 3 0 0 0 10 54 0 0 0 0 0 8 3 24 0 5 1 0 0 0 1 3 8 0 0 0 0 0 0 0 0 0 0 0 2 0 0 0 0 0 15 0 0 0 0 1 1 36 2 0 6 0 0 0 0 10 0 0 0 0 0 6 0 0 0 0 0 0 9 1 1 0 0 0 4 0 1 0 1 1 2 0 3 0 0 0 0 0 0 0 0 0 0 0 1 0 0 0 8 0 0 0 0 0 0 0 0 2 0 0 3 3 0 0 1 0 0 3 1 0 2 0 0 0 4 0 0 46 1 0 0 0 0 0 0 0 0 26 27 0 0 0 0 0 0 0 65 0 0 0 0 0 0 0 3 0 0 0 0 0 0 0 0 2 0 0 0 0 1 7 2 0 50 4 0 3 25 2 0 0 
132 549 0 0 0 0 0 0 0 0 0 0 0 0 0 0 0 0 0 3 0 0 28 0 0 0 0 1 1 1 0 0 0 0 0 0 0 0 0 0 0 0 0 10 0 0 0 1 0 17 0 0 0 0 0 2 1 0 0 0 0 0 0 0 0 0 1 0 0 0 2 0 0 0 1 0 0 1 5 58 0 1 0 0 0 7 2 27 1 7 0 0 0 1 0 1 9 0 0 0 0 0 0 0 0 0 0 0 0 0 0 0 0 1 6 0 2 0 0 0 0 30 1 0 13 0 0 0 0 5 0 0 0 0 0 4 1 0 0 0 0 0 8 0 1 0 0 0 0 1 1 1 0 0 1 0 4 0 0 0 0 0 0 0 1 0 0 0 0 0 0 0 13 0 0 0 1 0 0 0 0 2 0 0 5 2 0 0 0 0 0 4 1 0 0 0 0 0 3 0 0 57 0 0 0 0 0 0 0 1 0 19 4 0 0 0 0 0 0 0 55 0 0 0 0 1 0 0 1 0 0 0 0 0 0 0 1 3 0 0 0 0 2 4 4 0 74 1 1 1 14 0 1 0 
133 531 0 1 0 0 0 0 0 0 0 0 0 1 0 0 0 1 0 0 0 0 48 0 0 0 0 5 0 0 2 0 0 0 2 0 0 0 0 0 0 0 0 6 0 0 0 0 0 17 0 0 0 0 0 0 1 0 0 0 0 0 0 2 0 0 0 0 0 0 1 0 0 0 0 0 0 2 4 75 0 0 0 0 0 5 2 8 0 5 0 0 0 0 0 1 5 0 0 0 0 0 1 0 0 0 0 1 0 0 0 0 0 0 14 0 0 0 0 0 2 35 7 0 7 0 0 0 0 10 0 0 0 0 0 6 0 0 0 0 0 0 3 0 1 0 0 0 2 0 0 1 0 0 2 0 5 0 0 0 0 1 0 0 1 0 0 0 0 0 0 0 5 0 0 0 0 0 0 0 0 3 1 0 1 2 0 0 0 1 0 1 1 0 1 0 0 0 3 0 0 74 5 0 0 1 0 0 0 0 0 21 5 0 0 0 0 0 0 0 32 0 0 0 0 0 0 0 2 0 0 0 0 0 0 1 0 1 0 0 0 0 5 5 0 0 39 3 1 4 18 0 1 0 
134 574 1 1 0 0 0 0 5 0 0 0 0 0 0 0 0 1 0 1 0 0 59 0 0 0 0 4 0 1 0 0 0 0 0 0 0 0 0 0 0 0 0 8 0 0 0 0 0 10 0 0 0 0 0 0 0 1 0 0 0 0 0 0 0 0 3 0 0 0 1 0 1 0 1 0 0 2 6 49 0 3 0 2 0 1 3 23 0 5 1 0 0 0 0 2 7 0 0 0 0 0 0 0 0 0 0 0 1 0 0 0 0 0 6 0 0 0 0 0 1 26 4 0 6 0 0 0 0 6 0 0 0 0 0 10 2 0 0 0 0 0 10 0 0 0 0 0 2 0 1 1 0 0 1 0 6 0 0 0 0 0 0 0 1 0 0 0 0 0 0 0 10 0 0 0 0 0 0 0 0 2 0 0 4 4 0 0 0 0 0 2 1 0 0 0 0 0 4 0 2 88 2 0 0 1 0 0 0 1 0 15 14 0 1 0 0 0 0 0 28 0 0 0 0 1 0 0 1 0 0 0 0 0 0 2 0 1 0 0 0 0 12 4 0 0 62 2 0 4 13 1 1 0 
135 535 0 0 0 0 0 0 2 0 0 0 0 0 0 0 0 0 0 0 0 0 52 0 0 0 0 1 0 2 0 0 0 0 1 0 0 0 0 0 1 0 0 7 0 0 0 0 0 22 0 0 0 0 0 5 2 0 0 0 0 0 0 2 0 0 1 0 0 0 1 0 1 0 1 0 0 2 9 43 0 0 0 0 0 2 2 18 0 8 0 0 0 1 0 2 8 0 0 0 0 0 0 0 0 0 0 0 1 0 1 0 0 0 4 0 0 0 0 0 2 17 9 0 16 0 0 0 0 9 0 0 0 0 2 9 1 0 0 0 0 0 5 0 1 0 0 0 3 1 3 2 2 0 0 0 5 1 0 0 2 0 0 0 2 0 0 0 0 0 0 0 4 0 0 0 0 0 0 0 0 2 0 0 2 4 0 0 0 0 0 2 0 0 1 0 0 0 4 0 0 83 0 0 0 0 0 0 0 0 0 22 5 0 0 0 0 0 0 0 16 0 0 0 0 0 0 0 5 0 0 0 0 0 0 0 0 2 0 0 0 0 8 1 0 0 64 0 0 4 11 0 0 0 
136 513 0 2 0 0 0 0 0 0 0 0 0 0 0 0 0 0 0 1 0 0 46 0 0 0 0 2 1 2 0 0 0 0 0 0 0 0 0 0 3 0 0 2 0 0 0 0 0 12 0 0 0 0 0 2 4 0 0 0 0 0 0 0 0 0 1 0 0 0 1 0 0 0 0 1 0 2 5 27 0 1 0 0 0 6 1 17 0 2 0 0 0 0 0 3 7 0 0 0 0 0 0 0 0 0 0 0 0 0 0 0 1 0 6 0 0 0 0 0 0 20 8 1 13 0 0 0 0 9 0 0 0 0 0 2 1 0 0 0 0 0 6 0 5 0 0 0 5 0 1 4 0 0 2 0 4 0 0 0 1 0 0 0 3 0 0 0 0 0 0 0 3 0 0 0 0 0 0 0 0 1 1 0 6 3 0 0 0 0 0 0 1 0 0 0 0 0 4 0 1 105 0 0 0 1 0 0 0 0 1 24 5 0 0 0 0 0 0 0 17 0 0 0 0 1 0 0 2 0 0 0 0 0 0 0 0 0 0 0 0 0 10 0 1 0 60 4 0 6 8 0 1 0 
137 519 0 3 0 0 0 0 2 0 0 0 0 0 0 0 0 1 0 1 0 0 51 0 0 2 0 4 0 1 0 2 0 0 1 0 0 0 0 0 2 0 0 4 0 0 0 0 0 13 0 0 0 0 0 0 1 1 0 0 0 0 1 0 0 0 2 0 0 0 1 0 1 0 2 0 0 0 8 8 0 2 0 0 0 6 7 28 0 7 0 0 0 1 0 2 10 0 0 0 0 0 0 0 0 0 0 0 0 0 1 0 0 0 5 1 0 0 0 0 0 19 4 0 3 0 0 0 0 9 0 0 0 0 0 7 1 0 0 0 0 0 5 0 2 0 0 0 3 0 5 1 0 0 3 0 4 0 0 0 0 0 0 0 1 0 0 0 0 0 0 0 12 0 0 0 0 0 0 0 0 0 0 0 5 3 0 0 0 0 0 2 4 1 1 0 0 0 4 0 2 91 1 0 0 1 0 0 0 0 0 23 2 0 1 0 0 0 0 0 14 0 0 0 0 0 0 0 3 1 0 0 0 0 0 1 0 2 0 0 0 0 11 0 0 0 64 3 0 4 10 2 1 0 
138 508 0 2 0 0 0 0 7 0 0 0 0 0 0 0 0 0 0 0 0 0 41 0 0 0 0 2 1 2 0 0 0 0 0 0 0 0 0 0 2 0 0 0 0 0 0 0 0 18 0 0 0 0 0 0 1 0 0 0 0 0 0 1 0 0 2 0 0 0 2 0 0 1 0 0 0 3 4 11 0 1 0 0 0 8 3 34 2 2 0 0 0 1 0 4 9 0 0 0 0 0 0 0 0 0 0 0 0 0 0 0 0 0 9 0 0 0 0 0 2 11 5 1 17 0 0 0 0 9 0 0 0 0 0 11 0 0 0 0 0 0 6 0 0 0 0 0 7 0 1 1 0 0 2 0 4 0 0 0 0 1 0 0 1 0 0 0 0 0 0 0 6 0 0 0 0 0 0 0 0 0 2 0 7 4 0 0 0 0 0 0 5 0 0 0 0 0 6 0 0 96 1 0 0 0 0 0 0 0 0 30 1 0 0 0 0 0 0 0 7 0 0 0 0 1 0 0 5 0 0 0 0 0 0 0 0 2 0 0 0 0 9 0 1 0 57 6 1 2 4 1 0 0 
139 476 0 1 0 0 0 0 3 0 0 0 1 1 0 0 0 0 0 5 0 0 57 0 0 1 0 4 0 1 0 0 0 0 0 0 0 0 1 0 1 0 0 1 0 0 0 0 0 23 0 0 0 0 0 1 0 0 1 0 0 0 1 0 1 0 1 0 0 0 1 0 0 0 1 0 0 1 10 3 0 1 0 0 0 6 0 36 3 13 0 0 0 0 0 2 9 0 0 0 0 0 1 0 0 0 0 0 0 0 1 0 0 0 8 0 0 0 0 0 0 6 7 0 15 0 0 0 0 9 0 0 0 0 1 5 1 0 0 0 0 0 7 0 0 0 0 0 6 0 3 7 1 0 0 0 6 0 0 0 0 0 0 1 0 0 0 0 0 0 0 0 6 0 0 0 0 0 0 0 0 0 1 0 7 9 0 0 0 0 0 0 1 0 2 0 0 0 10 0 0 91 0 0 0 2 0 0 0 0 0 27 2 0 0 0 0 0 0 0 7 0 0 0 0 0 0 0 2 0 0 0 0 0 0 0 0 0 0 0 0 0 6 0 0 0 13 4 0 2 4 1 0 1 
140 486 0 0 0 0 0 0 3 0 0 0 0 0 0 0 0 0 0 1 0 0 67 1 0 0 0 2 0 2 0 0 0 0 1 0 0 0 1 0 1 0 0 1 0 0 0 0 0 33 0 0 0 0 0 0 0 0 0 0 0 0 0 0 0 0 5 0 0 0 4 0 0 0 1 0 0 3 3 8 0 2 0 1 0 8 3 25 0 9 0 0 0 0 0 2 8 0 1 0 0 0 0 0 0 0 0 0 0 0 1 0 0 1 0 0 0 0 0 0 0 3 9 1 21 0 0 0 0 5 0 0 0 0 0 6 1 3 0 0 0 0 11 0 0 0 0 0 8 0 4 7 1 0 2 0 3 0 0 0 1 0 0 0 2 0 0 0 0 0 0 0 3 0 0 0 0 0 0 0 0 1 0 0 3 5 0 0 0 0 0 0 4 0 0 0 0 1 8 0 0 101 2 0 0 3 0 0 0 0 0 31 0 0 0 0 0 0 0 1 2 0 0 0 0 0 0 0 0 0 0 0 0 0 0 0 0 1 0 0 0 0 8 2 1 0 13 0 1 2 2 1 1 0 
141 490 0 0 0 0 0 0 4 0 0 0 0 0 0 1 0 0 0 1 0 0 100 0 0 0 0 1 0 2 0 0 0 0 0 1 0 0 0 0 3 0 0 4 0 0 0 0 1 32 0 0 1 0 0 6 0 0 0 0 0 0 0 0 0 0 1 0 0 0 8 0 0 0 2 0 0 4 3 5 0 0 0 0 0 6 5 22 0 10 0 0 0 0 1 2 11 0 0 0 0 0 0 0 0 0 0 0 0 0 0 0 0 0 1 0 0 0 0 0 1 2 9 0 16 0 0 0 0 3 0 0 0 0 0 3 0 1 0 0 0 0 12 0 1 0 0 0 4 1 4 0 0 0 4 0 5 0 0 0 0 0 0 0 5 0 0 0 0 0 0 0 3 0 0 0 0 0 0 0 0 1 0 0 7 7 0 0 0 0 0 1 2 0 1 0 0 0 5 0 0 100 1 0 0 2 0 0 0 0 0 15 0 0 0 0 0 0 0 0 0 0 0 0 0 0 0 0 2 0 0 0 0 0 0 0 0 1 0 0 0 0 7 3 2 0 6 6 0 0 6 0 0 0 
142 378 0 0 0 0 0 1 1 0 0 0 0 0 0 0 0 0 0 0 0 0 66 0 0 0 0 1 0 1 0 0 0 0 0 0 0 0 0 0 3 0 0 7 0 0 0 0 0 19 0 0 0 0 1 2 1 0 0 0 0 0 0 0 0 0 0 0 0 0 4 0 0 1 3 0 0 2 2 13 0 0 0 0 0 1 8 17 0 4 0 0 0 0 0 0 4 0 0 0 0 0 0 0 0 0 0 0 1 0 1 0 0 0 1 0 0 0 0 0 0 3 9 0 15 0 0 0 0 1 0 0 0 0 0 1 0 1 0 0 0 0 4 1 0 0 0 0 3 0 2 3 0 0 1 0 5 0 0 0 0 0 0 1 4 0 0 0 0 0 0 0 0 0 0 0 0 0 0 0 0 2 0 0 2 2 0 0 0 0 0 0 3 1 1 0 0 0 3 0 0 104 4 0 0 0 0 0 0 0 0 11 0 0 0 0 0 0 0 0 1 0 0 0 0 0 0 0 1 0 1 0 0 0 0 0 0 1 0 0 0 0 6 6 0 0 4 0 0 0 4 0 0 0 
143 446 0 0 0 0 0 1 0 0 0 0 0 0 0 0 0 2 0 0 0 0 94 1 0 0 0 4 0 0 0 0 0 0 0 0 0 1 0 0 3 0 0 1 0 0 0 0 0 14 0 0 0 0 0 0 0 0 0 0 0 0 0 0 1 0 0 0 0 0 3 0 0 0 1 0 0 5 0 17 0 0 0 0 0 3 9 9 0 1 0 0 0 0 0 1 2 0 0 0 0 0 0 0 0 0 0 0 0 0 0 0 0 0 0 0 0 0 0 0 0 7 6 0 16 0 0 0 0 2 0 0 0 0 0 2 1 0 0 0 0 0 3 1 0 0 0 0 1 1 1 4 0 0 4 0 7 1 0 0 0 0 0 1 2 0 0 0 0 0 0 0 0 0 0 0 0 0 0 0 0 1 0 0 2 1 0 0 0 0 0 0 1 0 2 0 0 0 1 0 0 168 0 0 0 0 0 0 0 0 0 3 0 0 0 0 0 0 0 0 8 0 0 0 0 0 0 0 0 0 0 0 0 0 0 0 0 0 0 0 0 0 8 1 0 0 6 1 0 2 5 0 0 0 
144 414 0 0 0 0 0 0 1 0 0 0 0 0 0 0 0 0 0 0 0 0 103 0 0 0 0 3 0 0 0 0 0 0 0 0 0 0 0 0 1 0 0 1 0 0 0 0 0 8 0 0 0 0 0 0 0 0 0 0 0 0 0 0 1 0 3 0 0 0 0 0 0 0 1 0 0 5 0 17 0 1 0 0 0 2 2 4 1 1 0 0 0 0 0 2 3 0 0 0 0 0 0 0 0 0 0 0 0 0 0 0 0 0 0 0 0 0 0 0 0 5 12 0 5 1 0 0 0 1 0 0 0 0 0 0 1 0 0 0 0 0 6 1 0 0 0 0 0 1 0 2 0 0 8 0 8 0 0 0 0 0 0 0 3 0 0 0 0 0 0 0 0 0 0 0 0 0 0 0 0 0 0 0 0 0 0 0 0 0 0 1 1 0 1 0 0 0 1 0 0 122 0 0 0 0 1 0 0 1 0 1 0 0 0 0 0 0 0 0 34 0 0 1 0 1 0 0 0 0 0 0 0 0 0 0 0 0 0 0 0 0 12 3 0 0 5 0 0 2 12 0 0 0 
145 324 0 0 0 1 0 0 0 0 0 0 0 0 0 0 0 0 0 0 0 0 48 0 0 0 0 0 0 0 0 0 0 0 0 0 0 0 0 0 0 0 1 0 0 0 0 0 0 2 0 0 0 0 0 0 0 0 0 0 0 0 0 0 0 0 2 0 0 0 1 0 0 0 1 0 0 3 0 13 0 0 0 0 0 0 3 4 0 0 0 0 0 0 0 0 2 0 0 0 0 0 0 0 0 0 0 0 2 0 0 0 0 0 2 1 1 0 0 0 0 5 6 0 1 2 0 0 0 0 0 0 0 0 0 0 0 0 0 0 0 0 2 0 0 0 0 0 1 0 0 1 1 1 3 0 4 0 0 0 0 0 0 0 3 0 0 0 0 0 0 0 2 0 0 0 0 0 0 0 0 2 0 0 0 0 0 0 0 0 0 1 0 0 0 0 0 0 4 0 0 117 0 0 0 0 0 0 0 1 0 1 1 0 0 0 0 0 0 0 24 0 0 0 0 0 0 0 1 0 0 0 0 0 0 0 0 0 1 0 0 0 20 2 0 0 20 0 0 0 8 0 0 0 
146 482 0 0 0 0 0 1 1 0 0 0 0 0 0 0 0 1 0 0 0 0 116 0 0 0 0 0 0 0 0 0 0 0 0 0 0 1 2 0 0 0 0 6 0 0 0 0 0 2 0 0 0 0 0 0 0 0 0 0 0 1 0 1 0 0 3 0 0 0 1 0 0 0 3 0 0 1 0 25 0 0 0 0 0 0 0 9 0 0 2 0 0 0 0 2 1 0 0 0 0 0 0 0 0 0 0 0 4 0 0 0 0 0 0 0 0 0 0 0 0 14 20 0 0 0 0 0 0 0 0 0 0 0 3 0 0 0 0 0 0 0 0 2 1 0 0 0 0 0 0 5 1 0 0 0 10 0 0 0 0 0 0 0 0 0 0 0 0 0 0 0 6 0 0 0 0 0 0 0 0 1 0 0 0 0 0 0 0 0 0 5 0 0 1 0 0 0 1 0 0 139 3 0 0 0 0 0 0 0 0 2 4 0 0 0 0 0 0 0 13 0 0 0 0 0 0 0 1 0 0 0 0 0 0 0 0 0 0 0 0 0 16 1 0 0 32 0 0 0 15 1 0 0 
147 427 0 0 0 0 0 0 0 0 0 0 0 0 0 0 0 0 0 0 0 0 37 0 0 0 0 1 0 0 0 0 0 0 0 0 0 0 1 0 0 0 0 6 0 0 0 0 0 2 0 0 0 0 0 0 0 0 0 0 0 0 0 0 0 0 2 0 0 0 0 0 0 0 1 0 0 1 1 41 0 0 0 0 0 0 1 4 2 0 0 0 0 0 0 1 0 0 0 0 0 0 0 0 0 0 0 0 2 0 0 0 0 0 3 0 0 0 0 0 0 14 12 0 3 0 0 0 0 2 0 0 0 0 1 1 0 0 0 0 0 0 1 3 3 0 0 0 0 0 0 6 0 0 4 0 3 0 0 0 0 0 0 0 0 0 0 1 0 0 0 0 11 0 0 0 0 0 0 0 0 1 0 0 2 2 0 0 0 0 0 2 0 0 1 0 0 0 0 0 0 130 1 0 0 0 0 0 0 1 0 0 2 0 1 0 0 0 0 0 29 0 0 0 0 0 0 0 1 0 0 0 0 0 0 0 0 0 0 0 0 0 12 2 0 0 53 1 0 0 14 1 0 0 
148 497 0 2 0 0 0 0 0 0 0 0 0 0 0 0 0 2 0 0 0 0 23 0 0 0 0 2 0 0 0 0 0 0 1 1 0 0 0 0 0 0 0 4 0 0 0 0 0 2 0 0 0 0 0 0 0 0 0 0 0 0 0 3 0 0 2 0 0 0 0 0 0 0 0 0 0 2 2 41 0 1 0 0 0 3 1 12 0 0 0 0 0 0 0 1 1 0 0 0 0 0 0 0 0 0 0 0 1 0 0 0 0 0 3 1 0 0 0 0 0 16 18 0 2 0 0 0 0 3 0 0 0 0 0 0 0 0 0 0 0 0 5 2 0 0 0 0 0 0 0 2 0 0 3 0 7 0 0 0 0 0 0 0 0 0 0 0 0 0 0 0 7 0 0 0 0 0 0 0 0 2 0 0 4 1 0 0 0 0 0 4 0 0 0 0 0 0 2 0 0 179 3 0 0 0 0 3 0 0 0 3 3 0 1 0 0 0 0 0 36 0 0 0 0 0 0 0 1 0 0 0 0 0 0 0 0 0 0 0 0 0 7 5 0 0 49 4 0 0 11 0 0 0 
149 96 0 0 0 0 0 0 0 0 0 0 0 0 0 0 0 0 0 0 0 0 1 0 0 0 0 0 0 0 0 0 0 0 0 0 0 0 0 0 0 0 0 1 0 0 0 0 0 0 0 0 0 0 0 0 0 0 0 0 0 0 0 0 0 0 0 0 0 0 0 0 0 0 0 0 0 0 0 8 0 0 0 0 0 0 0 3 0 2 0 0 0 0 0 0 0 0 0 0 0 0 0 0 0 0 0 0 0 0 0 0 0 0 0 0 0 0 0 0 0 5 0 0 0 0 0 0 0 2 0 0 0 0 0 0 0 0 0 0 0 0 0 1 0 0 0 0 0 0 0 2 0 0 0 0 2 0 0 0 0 0 0 0 0 0 0 0 0 0 0 0 1 0 0 0 0 0 0 0 0 0 0 0 0 1 0 0 0 0 0 1 0 0 1 0 0 0 0 0 0 28 1 0 0 0 0 0 0 0 0 2 2 0 0 0 0 0 0 0 11 0 0 0 0 0 0 0 0 0 0 0 0 0 0 0 0 0 0 0 0 0 1 2 0 0 11 0 0 0 6 0 0 0 
150 297 0 1 0 0 0 0 0 0 0 1 1 0 0 0 0 0 0 0 0 0 3 0 0 0 0 2 0 0 0 0 0 0 1 0 0 0 0 0 0 0 0 5 0 0 0 0 0 4 0 0 0 0 0 0 1 0 0 0 0 0 0 0 0 0 0 0 0 0 0 0 0 0 0 0 1 0 3 16 0 0 0 0 0 3 2 14 1 1 0 0 1 0 1 1 0 0 0 0 0 0 0 0 0 0 0 0 0 0 0 0 0 0 6 0 0 0 0 0 0 9 6 0 2 0 0 0 0 7 0 0 0 0 0 1 0 0 0 0 0 0 3 2 1 0 0 0 1 0 0 1 0 1 0 0 5 0 0 0 0 1 0 3 0 0 0 0 0 0 0 0 4 0 0 0 0 0 0 0 0 2 0 0 1 0 0 0 0 0 0 2 0 0 0 0 0 0 1 0 0 65 1 0 0 1 0 0 0 1 0 9 3 0 1 0 0 0 0 0 28 0 0 0 0 0 0 0 3 0 0 0 0 0 0 0 0 0 0 0 0 0 0 4 0 0 38 2 0 0 16 0 0 0 
151 45 0 0 0 0 0 0 1 0 0 0 0 0 0 0 0 0 0 1 0 0 1 0 0 0 0 0 0 0 0 0 0 0 0 0 0 0 0 0 0 0 0 1 0 0 0 0 0 0 0 0 0 0 0 0 0 0 0 0 0 0 0 0 0 0 0 0 0 0 0 0 0 0 0 0 0 0 1 3 0 0 0 0 0 0 0 0 0 0 0 0 1 0 0 1 2 0 0 0 0 0 0 0 0 0 0 0 0 0 0 0 0 0 0 0 0 0 0 0 0 1 1 0 1 0 0 0 0 1 0 0 0 0 0 0 0 0 0 0 0 0 0 0 0 0 0 0 1 0 0 0 0 0 0 0 0 0 0 0 0 0 0 0 0 0 0 0 0 0 0 0 4 0 0 0 0 0 0 0 0 0 0 0 0 0 0 0 0 0 0 0 0 0 0 0 0 0 0 0 0 10 0 0 0 1 0 0 0 0 0 0 0 0 0 0 0 0 0 0 5 0 0 0 0 0 0 0 1 0 0 0 0 0 0 0 0 0 0 0 0 0 0 1 0 0 3 0 0 0 3 0 0 0 
152 266 0 1 0 0 0 0 2 0 0 0 0 0 0 0 0 0 0 2 0 0 7 0 0 0 0 0 0 0 0 0 0 0 0 0 0 0 0 0 0 0 0 5 0 0 0 0 0 12 0 0 0 0 0 1 0 0 1 0 1 0 0 0 0 0 0 2 0 0 0 0 0 0 0 0 0 0 1 21 0 0 0 0 0 2 1 14 0 2 2 0 0 0 0 0 5 0 0 0 0 0 0 0 0 0 0 0 0 0 0 0 0 0 1 0 0 0 0 0 1 15 0 0 6 0 0 0 0 2 0 0 0 0 0 3 0 0 0 0 0 0 5 0 1 0 0 0 2 0 2 0 1 0 0 0 3 0 0 0 0 0 0 0 0 0 0 0 0 0 0 0 11 0 0 0 1 0 0 0 0 0 0 0 0 0 0 0 0 0 0 1 0 1 0 0 0 1 5 0 0 16 0 0 0 1 0 0 0 0 0 6 5 0 0 0 0 0 0 0 30 0 0 0 0 0 0 0 0 0 0 0 0 0 0 0 0 1 0 0 0 0 0 7 0 0 45 2 0 0 9 0 0 0 
153 296 0 2 0 0 0 0 0 0 0 0 0 0 0 0 0 0 0 0 0 0 14 0 0 0 0 0 0 2 0 0 0 0 0 0 0 0 0 0 0 0 0 6 0 0 0 0 0 7 0 0 0 0 0 0 0 0 1 0 0 0 0 0 0 0 2 0 0 0 0 0 0 0 0 0 0 0 2 24 0 1 0 0 0 2 2 12 0 5 0 0 0 0 0 0 4 0 0 0 0 0 0 0 0 0 0 0 0 0 0 0 0 0 1 0 0 0 0 0 0 21 0 0 7 0 0 0 0 6 0 0 0 0 0 1 0 0 0 0 0 0 11 1 2 0 0 0 1 0 2 0 1 0 1 0 0 0 0 0 1 0 0 0 0 0 0 0 0 0 0 0 5 0 0 0 0 0 0 0 0 1 0 0 1 0 0 0 0 1 0 1 1 0 0 0 0 0 2 0 0 11 0 0 0 1 0 0 0 0 0 3 8 0 0 0 0 0 0 0 40 0 0 0 0 0 0 0 1 0 0 0 0 0 0 0 0 4 0 0 0 0 2 3 2 0 55 2 1 3 5 0 0 0 
154 300 0 0 0 0 0 0 2 0 0 0 0 1 0 0 0 0 0 0 0 0 11 0 0 0 0 0 0 1 0 0 0 0 0 0 0 0 0 0 0 0 0 3 0 0 0 0 0 5 0 0 0 0 0 2 3 0 1 0 0 0 0 3 0 0 1 0 0 0 0 0 0 0 1 0 0 0 3 29 0 1 0 0 0 3 1 12 0 1 0 0 0 0 0 0 7 0 0 0 0 0 1 0 0 0 1 0 0 0 0 0 0 0 2 0 0 0 0 0 0 17 0 0 6 0 0 0 0 1 0 0 0 0 0 2 0 0 0 0 0 0 6 0 0 0 0 0 0 1 0 0 0 0 1 0 1 0 0 0 0 0 0 0 1 0 0 0 0 0 0 0 2 0 0 0 0 0 0 0 0 3 0 0 3 0 0 0 0 0 0 2 0 0 0 0 0 0 4 0 0 19 1 0 0 0 0 0 0 0 1 9 0 0 1 0 0 0 0 0 59 0 0 0 0 1 0 0 3 0 0 0 0 0 0 0 0 2 0 0 0 0 1 4 1 0 39 1 0 2 10 0 1 0 
155 303 0 1 0 0 0 0 1 0 0 0 0 0 0 0 0 0 0 0 0 0 20 0 0 0 0 0 0 0 1 1 0 0 0 0 0 0 0 0 0 0 0 5 0 0 0 0 0 14 0 0 0 0 0 1 1 0 0 0 0 0 0 1 0 0 1 0 0 0 0 0 0 0 0 0 0 0 8 37 0 0 0 0 0 6 0 16 0 1 0 0 0 0 0 0 22 0 0 0 0 0 0 0 0 0 0 0 1 0 0 0 0 0 3 0 0 0 0 0 1 10 2 0 5 0 0 0 0 2 0 0 0 0 0 1 0 0 0 0 0 0 10 0 1 0 0 0 2 0 0 0 0 0 0 0 1 0 0 0 0 0 0 0 0 0 0 0 0 0 0 0 6 0 0 0 0 0 0 0 0 1 0 0 1 2 0 0 0 0 0 0 0 0 0 0 0 0 2 0 0 13 0 0 0 1 0 0 0 0 0 11 1 0 0 0 0 0 0 0 29 0 0 0 0 0 0 0 2 0 0 0 0 0 0 1 0 2 0 0 0 0 1 1 3 0 32 1 0 1 14 0 1 0 
156 282 0 2 0 0 0 0 2 0 0 1 0 0 0 0 0 0 0 0 0 0 18 0 0 0 0 2 0 0 0 0 0 0 0 0 0 0 0 0 0 0 0 10 0 0 0 0 0 6 0 0 0 0 0 1 1 0 0 0 0 0 0 1 0 0 1 0 0 0 0 0 0 0 0 0 0 0 5 24 0 0 0 0 0 6 1 11 0 1 0 0 0 0 0 2 5 0 0 0 0 0 0 0 0 2 0 0 0 0 0 0 0 0 4 0 0 0 0 0 1 12 3 0 3 0 0 0 0 5 0 0 0 0 0 1 0 0 0 0 0 0 7 1 0 0 0 0 0 0 0 1 0 0 0 0 1 0 0 0 0 0 0 0 1 0 0 0 0 0 0 0 4 0 0 0 0 0 0 0 0 0 0 0 3 1 0 0 0 0 0 1 0 0 1 0 0 1 1 0 0 23 1 0 0 1 0 0 0 0 0 9 2 0 0 0 0 0 0 0 26 0 0 0 0 0 0 0 0 0 0 0 0 0 0 0 0 0 0 0 0 0 2 1 0 0 45 4 0 1 11 1 0 0 
157 281 0 0 0 0 0 0 0 0 0 0 0 0 0 0 0 0 0 0 0 0 24 0 0 0 0 0 0 2 0 0 0 0 0 0 0 0 0 0 0 0 0 5 0 0 0 0 0 8 0 0 0 0 0 1 0 0 0 0 0 0 0 1 0 0 1 0 0 0 3 0 0 0 0 0 0 0 2 32 0 0 0 0 0 3 0 10 0 6 0 0 0 0 0 1 0 0 0 0 1 0 0 0 0 0 0 0 0 0 0 0 0 0 0 0 0 0 0 0 1 10 3 0 3 0 0 0 0 4 0 0 0 0 0 4 1 0 0 0 0 0 4 0 0 0 0 0 3 0 0 0 1 0 0 0 3 0 0 0 0 1 0 0 1 0 0 0 0 0 0 0 2 0 0 0 0 0 0 0 1 1 0 0 3 0 0 0 0 0 0 1 3 0 0 0 0 0 2 0 0 30 0 0 0 0 0 0 0 0 0 9 2 0 0 0 0 0 0 0 22 0 0 0 0 0 0 0 1 0 0 0 0 0 0 0 0 1 1 0 0 0 0 3 3 0 39 1 1 0 15 0 1 0 
158 253 0 0 0 0 0 0 0 0 0 0 0 0 0 0 0 1 0 0 0 0 20 0 0 0 0 0 0 1 0 0 0 0 1 0 0 0 1 0 1 0 0 1 0 0 0 0 0 2 0 0 0 0 0 1 1 0 0 0 0 0 0 0 0 0 1 1 0 0 0 0 0 0 0 0 0 2 3 20 0 0 0 0 0 4 1 7 0 2 0 0 0 0 0 2 3 0 0 0 0 0 1 0 0 0 0 0 0 0 1 0 0 0 0 0 0 0 0 0 0 18 1 0 3 0 0 0 0 2 0 0 0 0 0 0 0 0 0 0 0 0 1 0 0 0 0 0 2 0 0 1 0 0 3 0 1 0 0 1 0 0 0 0 0 0 0 0 0 0 0 0 9 0 0 0 0 0 0 0 0 4 0 0 0 0 0 0 0 0 0 3 3 0 0 0 0 0 0 0 0 25 1 0 0 0 0 0 0 0 0 17 3 0 0 0 0 0 0 0 13 0 0 0 0 0 0 0 0 0 0 0 0 0 0 0 0 1 0 0 0 0 7 0 2 0 36 2 0 4 12 0 0 0 
159 318 0 3 0 0 0 0 0 0 0 0 0 0 0 0 0 0 0 0 0 0 34 0 0 0 0 0 0 0 0 0 0 0 1 0 0 0 0 0 0 0 0 6 0 0 0 0 0 7 0 0 0 0 0 0 2 0 0 0 0 0 1 1 1 0 0 0 0 0 1 0 0 0 0 0 0 1 7 29 0 1 0 0 0 1 1 7 0 7 0 0 0 0 0 2 6 0 0 0 0 0 1 0 0 0 0 0 0 0 0 0 0 0 5 1 0 0 0 0 0 15 1 0 7 0 0 0 0 4 0 0 0 0 1 0 0 0 0 0 0 0 4 0 2 0 0 0 1 0 0 0 0 0 1 0 2 0 0 0 0 0 0 0 0 0 0 0 0 0 0 0 2 0 0 0 0 0 0 0 0 1 0 0 3 0 0 0 0 0 0 0 1 0 0 1 0 0 4 0 0 34 0 0 0 2 0 0 0 2 0 15 2 0 0 0 0 0 0 0 12 0 0 0 0 0 0 0 3 0 0 0 0 0 0 0 0 1 0 0 0 0 4 0 3 0 49 2 0 1 8 0 0 0 
160 278 1 1 0 0 0 0 0 0 0 0 0 0 0 0 0 0 0 0 0 0 16 0 0 0 0 2 0 2 0 0 0 0 1 0 0 0 0 0 0 0 0 2 0 0 0 0 0 17 0 0 0 0 0 0 1 0 0 0 0 0 0 0 0 0 0 0 0 0 1 0 0 0 2 0 0 0 1 12 0 1 0 0 0 1 0 3 1 2 0 0 0 0 2 1 6 0 0 0 0 0 0 0 0 0 0 0 0 0 0 0 1 0 4 0 0 0 0 0 0 7 4 0 3 0 0 0 0 4 0 0 0 0 0 2 0 0 0 0 0 0 3 0 2 0 0 0 4 0 0 2 1 0 0 0 2 0 0 0 1 0 0 0 0 0 0 0 0 0 0 0 2 0 0 0 0 0 0 0 0 3 0 0 2 0 0 0 0 0 0 3 0 0 0 0 0 0 2 0 0 45 0 0 0 1 0 0 0 0 0 17 5 0 0 0 0 0 0 1 4 0 0 0 0 0 0 0 2 0 0 0 0 0 0 0 0 0 0 0 0 0 4 0 0 0 61 0 1 2 6 0 0 0 
161 259 0 1 0 0 0 0 1 0 0 0 0 1 0 0 0 0 0 1 0 0 22 0 0 0 0 0 0 0 0 0 0 0 0 0 0 0 1 0 1 0 0 2 0 0 0 0 0 12 0 0 0 0 0 1 0 0 0 0 0 0 0 0 0 0 0 0 0 0 0 0 0 0 0 0 0 0 5 7 0 0 0 0 0 1 3 13 0 6 0 0 0 1 0 0 2 0 0 0 0 0 0 0 0 0 0 0 0 0 0 0 1 0 0 0 0 0 0 0 0 4 1 0 6 0 0 0 0 5 0 0 0 0 0 2 0 0 0 0 0 0 0 0 0 0 0 0 3 0 0 1 1 0 3 0 2 0 0 0 1 0 0 1 0 0 0 0 0 0 0 0 3 0 0 0 0 0 0 0 0 1 1 0 4 1 0 0 0 0 0 1 2 0 0 0 0 0 3 0 0 43 0 0 0 1 0 0 0 0 0 19 1 0 0 0 0 0 0 0 3 0 0 0 0 0 0 0 0 0 0 0 0 0 0 0 0 0 1 0 0 0 6 0 0 0 44 2 0 2 4 2 0 0 
162 208 0 0 0 0 0 0 1 0 0 0 0 0 0 0 0 0 0 1 0 0 10 0 0 0 0 1 0 1 0 0 0 0 2 0 0 0 0 0 0 0 0 1 0 0 0 0 0 11 0 0 0 0 0 0 1 0 0 0 1 0 0 0 0 0 0 0 0 0 0 0 0 0 0 0 0 3 6 3 0 2 0 0 0 3 0 10 0 8 0 0 0 0 0 1 6 0 0 0 0 0 0 0 0 0 0 0 0 0 1 0 0 0 2 0 0 0 0 0 0 6 3 0 7 0 0 0 0 3 0 0 0 0 0 3 0 2 0 0 0 0 3 0 0 0 0 0 1 0 0 0 0 0 0 0 1 0 0 0 0 0 0 0 0 0 0 0 0 0 0 0 3 0 0 0 0 0 0 0 0 0 0 0 2 0 0 0 0 0 0 0 1 0 1 0 0 1 3 0 0 40 0 0 0 1 0 0 0 0 0 19 0 0 0 0 0 0 0 0 3 0 0 0 0 0 0 0 3 0 0 0 0 0 0 0 0 1 0 0 0 0 0 0 0 0 20 1 0 0 0 2 0 0 
163 265 0 1 0 0 1 0 3 0 0 0 0 1 0 0 0 0 0 3 1 0 37 0 0 0 0 1 1 1 0 0 0 0 0 1 0 0 1 0 0 0 0 1 0 0 0 0 0 9 0 0 0 0 0 2 1 0 0 0 0 0 0 0 0 0 0 0 0 0 2 0 0 1 1 0 0 0 3 3 0 3 0 0 0 2 0 15 0 4 0 0 0 0 0 4 8 0 0 0 0 0 0 0 0 0 0 0 0 0 0 0 0 0 6 0 0 0 0 0 0 1 3 1 3 1 0 0 0 4 0 0 0 0 0 2 0 0 0 0 0 0 2 0 0 0 0 0 1 0 0 2 0 0 0 0 3 0 0 0 0 0 0 0 1 0 0 0 0 0 0 0 2 0 0 0 0 1 0 0 0 0 0 0 3 0 0 0 0 0 0 0 3 0 0 0 0 0 3 0 0 71 1 0 0 0 1 0 0 0 0 9 1 0 0 0 0 0 0 0 0 0 0 0 0 0 0 0 1 0 0 0 0 0 0 0 0 0 0 0 0 0 7 0 2 0 13 1 0 0 3 0 0 0 
164 239 0 0 0 0 0 0 3 0 0 0 0 0 0 0 0 0 0 0 0 0 36 0 0 0 0 1 0 0 0 0 0 0 1 0 0 0 0 0 0 0 0 1 0 0 0 0 0 13 0 0 0 0 1 1 1 1 0 0 1 0 0 0 0 0 1 0 0 0 1 0 0 0 0 0 0 0 3 6 0 0 0 0 0 3 2 11 0 4 0 0 0 0 0 1 7 0 0 0 0 0 0 0 0 0 0 0 0 0 0 0 0 0 5 0 0 0 0 0 0 4 1 0 11 2 0 0 0 1 0 0 0 0 0 3 0 1 0 0 0 0 1 0 0 0 0 0 4 0 0 0 1 0 1 0 0 0 0 0 1 0 0 0 0 0 0 0 0 0 0 0 1 0 0 0 0 0 0 0 0 0 1 0 4 0 0 0 0 0 0 0 0 0 0 0 0 0 6 0 1 43 1 0 0 1 0 0 0 0 0 24 0 0 0 0 0 0 0 0 2 0 0 0 0 0 0 0 0 0 0 0 0 0 0 0 0 0 0 0 0 0 6 1 2 0 3 3 0 2 1 0 0 0 
165 189 0 0 0 0 0 1 1 0 0 0 0 1 0 0 0 1 0 0 0 0 24 0 0 0 0 1 0 1 0 0 0 0 0 0 0 0 0 0 0 0 0 1 0 0 0 0 0 8 0 0 0 0 0 0 0 0 0 0 0 0 1 0 0 0 0 0 0 0 4 0 0 0 1 0 0 0 1 4 0 1 0 0 0 2 4 5 0 1 0 0 0 0 0 2 7 0 0 0 0 0 0 0 0 0 0 0 0 0 1 0 0 0 1 0 0 0 0 0 0 0 3 0 6 1 0 0 0 1 0 0 0 0 0 2 0 0 0 0 0 0 3 0 0 0 0 0 7 0 0 1 1 0 3 0 5 0 0 0 0 0 0 1 0 0 0 0 0 0 0 0 0 0 0 0 0 0 0 0 0 0 0 0 0 1 0 0 0 0 0 0 0 0 0 0 0 0 1 0 0 52 1 0 0 0 0 0 0 0 0 5 0 0 1 0 0 0 0 0 1 0 0 0 0 0 0 0 0 0 0 0 0 0 0 0 0 2 0 0 0 0 3 1 0 0 3 0 0 2 4 0 0 0 
166 198 0 0 0 0 0 0 1 0 0 0 0 0 0 0 0 0 0 0 0 0 32 0 0 0 0 0 0 0 0 0 0 0 0 0 0 0 0 0 0 0 0 5 0 0 0 0 0 7 0 0 0 0 0 1 0 0 0 0 0 0 1 0 0 0 1 0 0 0 3 0 0 0 0 0 0 2 4 1 0 0 0 0 0 0 2 10 0 2 0 0 0 0 0 0 4 0 0 0 0 0 0 0 0 0 0 0 0 0 0 0 0 0 0 0 0 0 0 0 0 1 9 0 12 0 0 0 0 0 0 0 0 0 0 3 0 1 0 0 0 0 3 0 0 0 0 0 3 0 0 3 0 0 3 0 1 0 0 0 0 0 0 0 1 0 0 0 0 0 0 0 0 0 0 0 0 0 0 0 0 1 0 0 0 3 0 0 0 0 0 0 0 0 0 0 0 0 1 0 0 54 0 0 0 0 0 0 0 0 0 7 0 0 0 0 0 0 0 0 1 0 0 0 0 2 0 0 0 0 0 0 0 0 0 0 0 0 0 0 0 0 5 1 0 0 6 0 0 0 1 0 0 0 
167 187 0 1 0 0 0 0 1 0 0 0 0 0 0 0 0 0 0 0 0 0 28 0 0 0 0 0 0 0 0 0 0 0 0 0 0 0 0 0 0 0 0 2 0 0 0 0 0 5 0 0 0 0 0 0 0 0 0 0 0 0 0 0 0 0 0 0 0 0 1 0 0 0 1 0 0 0 4 5 0 0 0 0 0 3 0 4 0 1 0 0 0 0 0 0 1 0 0 0 0 0 0 0 0 0 0 0 0 0 0 0 0 0 0 0 0 0 0 0 0 0 4 0 4 0 0 0 0 0 0 0 0 0 0 0 0 0 0 0 0 0 1 0 0 0 0 0 2 0 0 3 0 0 0 0 5 0 0 0 0 0 0 0 9 0 0 0 0 0 0 0 0 0 0 0 0 0 0 0 0 1 0 0 1 0 0 0 0 0 0 0 1 0 1 0 0 0 2 0 0 61 1 0 0 1 1 0 0 0 0 5 0 0 0 0 0 0 0 0 7 0 0 0 0 0 0 0 1 0 0 0 0 0 0 0 0 0 0 0 0 0 7 0 0 0 5 0 0 1 4 1 0 0 
168 216 0 0 0 0 0 0 0 0 0 0 0 0 0 0 0 1 0 0 0 0 57 0 0 0 0 0 0 0 0 0 0 0 0 0 0 0 0 0 0 0 0 2 0 0 0 0 0 2 0 0 0 0 0 0 0 0 0 0 0 0 0 0 0 0 3 0 0 0 0 0 0 0 1 0 0 0 2 8 0 0 0 0 0 0 0 5 1 3 2 0 0 0 0 0 3 0 1 0 0 0 0 0 0 0 0 0 0 0 0 0 0 0 0 0 0 0 0 0 0 5 4 0 5 0 0 0 0 0 0 0 0 0 1 0 0 0 0 0 0 0 1 0 1 0 0 0 0 0 0 2 0 0 0 0 4 0 0 0 0 0 0 0 7 0 0 0 0 0 0 0 0 0 0 0 0 0 0 0 0 1 0 0 0 4 0 0 0 0 0 1 0 0 0 0 0 0 2 0 0 57 1 0 0 0 0 0 0 0 0 3 1 0 0 0 0 0 0 0 7 0 0 0 0 0 0 1 1 0 0 0 0 0 0 0 0 0 0 0 0 0 6 1 0 0 3 0 0 0 4 0 0 0 
