day total blank BD BF BG BA BB BE BL BM BN BO BH BI BJ BT JM BV BW WS BQ BR BS JE BY BZ RU RW RS LT RE TM TJ RO TK GW GU GT GS GR GQ GP JP GY GG GF GE GD GB GA GN GM GL GI GH OM TN JO WF HR HT HU HK HN HM VE PR PS PW PT KN AF IQ PA PF PG PE PK PH PN PL PM ZM EH EE EG ZA EC IT VN SB ET SO ZW SA ES ER ME MD MG MF MA MC UZ MM ML MO MN MH MK MU MT MW MV MQ MP MS MR IM UG MY MX IL FR AW SH AX SJ FI FJ FK FM FO NI NL NO NA VU NC NE NF NG NZ NP NR NU CK XK CI CH CO CN CM CL CC CA CG CF CD CZ CY CX CR PY CW CV CU SZ SY SX KG KE SS SR KI KH SV KM ST SK KR SI KP KW SN SM SL SC KZ KY SG SE SD DO DM DJ DK DE YE DZ US UY YT UM LB LC LA TV TW TT TR LK LI LV TO TL LU LR LS TH TF TG TD TC LY VA VC AE AD AG VG AI VI IS IR AM AL AO AN AQ AS AR AU AT IO IN TZ AZ IE ID UA QA MZ 
0 143 0 0 0 0 0 0 0 0 0 0 0 0 0 0 0 0 0 0 0 0 29 0 0 0 0 10 0 0 1 0 0 0 0 0 0 0 0 0 0 0 0 1 0 0 0 0 0 1 0 0 0 0 0 0 0 0 0 0 0 0 0 0 0 0 0 0 0 0 0 0 0 0 0 0 0 0 0 1 0 0 0 0 0 0 3 1 2 0 1 0 0 0 0 0 0 0 0 0 0 0 0 0 0 0 0 0 0 0 0 0 0 0 0 0 0 0 0 0 0 1 3 0 2 0 0 0 0 22 0 0 0 0 0 2 2 0 0 0 0 0 0 0 0 0 0 0 0 0 0 1 10 0 5 0 2 0 0 0 0 0 0 0 0 0 0 0 0 0 0 0 0 0 0 0 0 0 0 0 0 0 0 0 0 2 0 0 0 0 0 0 6 0 0 0 0 0 2 0 0 17 0 0 0 0 0 0 0 1 0 1 0 0 0 0 0 0 0 0 0 0 0 0 0 0 0 0 0 0 0 0 0 0 0 0 0 0 0 0 0 0 3 0 0 0 2 0 0 0 3 1 0 0 
1 112 0 0 0 0 0 0 0 0 0 0 0 0 0 0 0 0 0 0 0 0 22 0 0 0 0 8 0 0 0 0 0 0 0 0 0 0 0 0 0 0 0 2 0 0 0 0 0 0 0 0 0 0 0 0 0 0 0 0 0 0 0 0 0 0 0 0 0 0 0 0 0 0 0 0 0 0 0 4 0 0 0 0 0 0 1 0 0 0 1 0 0 0 0 0 0 0 0 0 0 0 0 0 0 0 0 0 0 0 0 0 0 0 0 0 0 0 0 0 0 0 0 0 0 0 0 0 0 23 0 0 0 0 0 8 2 0 0 0 0 0 0 0 0 0 0 0 0 0 0 1 6 0 1 0 1 0 0 0 0 0 0 0 0 0 0 0 0 0 0 0 0 0 0 0 0 0 0 0 0 0 0 0 0 0 0 0 0 0 0 0 3 0 0 0 0 0 2 0 0 14 2 0 0 0 0 0 0 0 0 0 0 0 0 0 0 0 0 0 0 0 0 0 0 0 0 0 0 0 0 0 0 0 0 0 0 0 0 0 0 0 4 0 0 0 2 0 0 0 1 2 0 0 
2 136 0 0 0 0 0 0 0 0 0 0 0 0 0 0 0 1 0 0 0 0 18 0 0 0 0 11 0 0 0 0 0 0 0 0 0 0 0 0 0 0 1 1 0 0 0 0 0 0 0 0 0 0 0 0 0 0 0 0 0 0 1 1 0 0 0 0 0 0 0 0 0 0 0 0 0 0 0 0 0 0 0 0 0 0 0 2 0 1 0 0 0 0 0 0 0 0 0 0 0 0 0 0 0 0 0 0 1 0 0 0 0 0 0 0 0 0 0 0 0 1 1 0 2 0 0 0 0 34 0 0 0 0 0 3 4 0 0 0 0 0 0 0 0 0 0 0 0 0 0 0 4 0 1 0 1 0 0 0 0 0 0 0 0 0 0 0 0 0 0 0 0 0 0 0 0 0 0 0 0 0 0 0 0 3 0 0 0 0 0 0 6 0 1 0 0 0 2 0 0 22 0 0 0 0 0 1 0 3 0 1 0 0 0 0 0 0 0 0 0 0 0 0 0 0 0 0 0 0 0 0 0 0 0 0 0 0 0 0 0 0 1 0 0 0 3 0 0 0 2 1 0 0 
3 166 0 0 0 0 0 0 0 0 0 0 0 0 0 0 0 0 0 0 0 0 9 0 0 0 0 11 0 0 0 0 0 0 0 0 0 0 0 0 0 0 0 2 0 0 0 0 0 0 0 0 0 0 0 0 0 0 0 0 0 0 0 0 0 0 0 0 0 0 0 0 0 0 2 0 0 0 0 2 0 0 0 0 0 0 0 1 0 0 0 0 0 0 0 1 0 0 0 0 0 0 0 0 0 0 0 0 0 0 0 0 0 0 0 0 0 0 0 0 0 1 2 0 0 0 0 0 0 70 0 0 0 0 0 4 4 0 0 0 0 0 0 0 0 0 0 0 0 0 0 0 7 0 1 0 2 0 0 0 0 0 0 1 0 0 0 0 0 0 0 0 2 0 0 0 0 0 0 0 0 0 0 0 0 1 0 0 0 0 0 0 4 0 1 0 0 0 1 0 0 23 0 0 0 1 0 0 0 1 0 0 0 0 0 0 0 0 0 0 0 0 0 0 0 0 0 0 0 0 0 0 0 0 0 0 0 0 0 0 0 0 3 0 0 0 3 1 1 0 2 0 1 0 
4 234 0 0 0 0 0 0 0 0 0 0 0 0 0 0 0 0 0 0 0 0 8 0 0 0 0 12 0 0 0 0 0 0 1 0 0 0 0 0 1 0 0 0 0 0 0 0 0 1 0 0 0 0 0 0 0 0 0 0 0 0 0 0 0 0 0 0 0 0 0 0 0 0 0 0 0 0 1 3 0 1 0 0 0 1 0 3 0 1 0 0 0 0 0 0 1 0 0 0 0 0 0 0 0 0 0 0 0 0 0 0 1 0 1 0 0 0 0 0 0 0 3 0 0 0 0 0 0 125 0 0 0 0 0 1 2 0 0 0 0 0 0 0 0 0 0 0 0 0 0 0 7 0 2 0 2 0 0 0 0 0 0 1 0 0 0 0 0 0 0 0 2 0 0 0 0 0 0 0 0 1 0 0 0 0 0 0 0 0 0 0 5 0 0 0 0 0 3 0 0 15 0 0 0 1 0 0 0 0 0 2 0 0 0 0 0 0 0 0 1 0 0 0 0 0 0 0 0 0 0 0 0 0 0 0 0 0 0 0 0 0 2 0 0 0 1 0 0 0 20 1 1 0 
5 322 0 0 0 0 0 0 1 0 0 0 0 0 0 0 0 0 0 0 0 0 7 0 0 0 0 17 0 0 0 0 0 0 0 0 0 0 0 0 0 0 0 1 0 0 0 0 0 0 0 0 0 0 0 0 0 0 0 0 0 0 0 0 0 0 0 0 0 0 0 0 0 0 0 0 0 0 0 4 0 0 0 0 0 0 0 3 1 2 0 0 0 0 0 1 1 0 0 0 0 0 0 0 0 0 0 0 0 0 0 0 0 0 0 0 0 0 0 0 0 3 2 0 1 0 0 0 0 189 0 0 0 0 0 3 4 0 0 0 0 0 1 0 0 0 0 0 0 0 0 0 8 0 2 0 1 0 0 0 0 0 0 1 0 0 0 0 0 0 0 0 0 0 0 0 0 0 0 0 0 2 0 0 0 0 0 0 0 0 0 0 9 0 0 0 0 0 1 0 0 27 0 0 0 0 0 0 0 1 0 2 1 0 2 0 0 0 0 0 1 0 0 0 0 0 0 0 1 0 0 0 0 0 0 0 0 0 0 0 0 0 1 0 0 0 8 1 1 0 7 2 0 0 
6 344 0 0 0 0 0 0 0 0 0 1 0 0 0 0 0 0 0 0 0 0 2 0 0 0 0 9 0 0 0 0 0 0 0 0 0 0 0 0 0 0 0 3 0 0 0 0 0 1 0 0 0 0 0 0 0 0 0 0 0 0 0 0 0 0 1 0 0 0 0 0 0 0 0 0 0 0 0 2 0 0 0 0 0 1 0 5 0 2 3 0 0 0 0 3 3 0 0 0 0 0 0 0 1 0 0 0 1 0 0 0 1 0 0 0 0 0 0 0 0 1 2 0 2 0 0 0 0 225 0 0 0 0 1 3 0 0 0 0 0 0 1 0 0 0 0 0 0 0 0 0 13 0 0 0 0 0 0 0 0 0 0 0 0 0 0 0 0 0 0 0 2 0 0 0 0 0 0 0 0 1 0 0 1 0 0 0 0 0 0 1 5 0 0 0 0 1 3 0 0 18 0 0 0 0 0 0 0 2 0 2 1 0 0 0 0 0 0 0 2 0 0 0 0 0 0 0 0 0 0 0 0 0 0 0 0 0 1 0 0 0 0 1 0 0 5 2 0 0 4 4 0 0 
7 335 0 0 0 0 0 0 3 0 0 0 0 0 0 0 0 0 0 0 0 0 3 0 0 0 0 12 0 0 0 0 0 0 0 0 0 0 0 0 0 0 0 3 0 0 0 0 0 3 0 0 0 0 0 0 0 0 0 0 0 0 2 0 0 0 0 0 0 0 0 0 0 0 0 0 0 0 0 2 0 1 0 0 0 0 2 6 0 0 1 0 0 0 0 0 1 0 0 0 0 0 0 0 0 0 0 0 0 0 0 0 0 0 0 0 0 0 0 0 0 1 1 0 3 0 0 0 0 209 0 0 0 0 0 1 1 0 0 0 0 0 1 0 0 0 0 0 0 0 0 0 12 0 1 0 1 0 0 0 1 0 0 0 0 0 0 0 0 0 0 0 2 0 0 0 0 0 0 0 0 0 0 0 0 0 0 0 0 1 0 1 4 0 0 0 0 0 1 0 0 29 0 0 0 0 0 0 0 1 0 3 1 0 0 0 0 0 0 0 1 0 0 0 0 0 0 0 0 0 0 0 0 0 0 0 0 0 0 0 0 0 0 0 0 0 14 1 1 0 2 1 0 0 
8 271 0 0 0 0 0 0 1 0 0 0 0 0 0 0 0 0 0 0 0 0 7 0 0 0 0 9 0 0 0 0 0 0 0 0 0 0 0 0 0 0 0 4 0 0 0 0 0 4 0 0 0 0 0 1 0 0 0 0 0 0 0 1 0 0 0 0 0 0 0 0 0 0 0 0 0 0 1 7 0 0 0 0 0 0 0 2 0 1 0 0 0 0 1 2 9 0 0 1 0 0 0 0 0 0 0 0 0 0 0 0 0 0 0 0 0 0 0 0 0 2 0 1 3 0 0 0 0 151 0 0 0 0 0 4 1 0 0 0 0 0 1 0 0 0 0 0 0 0 0 0 8 0 4 0 0 0 0 0 0 1 0 0 0 0 0 0 0 0 0 0 1 0 0 0 0 0 0 0 0 0 0 1 0 0 0 0 0 0 0 1 3 0 0 0 0 0 2 0 0 6 0 0 0 0 0 0 0 2 0 3 0 0 0 0 0 0 0 0 1 0 0 0 0 0 0 0 2 0 0 0 0 0 0 0 0 0 0 0 0 0 0 0 0 0 12 2 1 0 5 1 0 0 
9 249 0 0 0 0 0 0 0 0 0 0 0 0 0 0 0 0 0 0 0 0 7 0 0 0 0 6 0 0 0 0 0 0 0 1 0 0 0 0 0 0 0 2 0 0 0 1 0 0 0 0 0 0 0 0 0 0 0 0 1 0 0 0 0 0 0 0 0 0 0 0 0 0 0 0 0 0 1 4 0 3 0 0 0 3 0 5 0 2 2 0 0 0 1 0 2 0 0 0 0 0 0 0 0 0 0 0 0 0 0 0 0 0 0 0 0 0 0 0 0 0 0 0 2 0 0 0 0 153 0 0 0 0 0 0 0 0 0 0 0 0 1 0 0 0 0 0 0 0 0 0 7 0 3 0 2 1 0 0 1 1 0 0 0 0 0 0 0 0 0 0 1 0 0 0 0 0 0 0 0 1 0 0 0 0 0 0 0 1 0 0 0 0 0 0 0 0 2 0 0 14 0 0 0 0 0 1 0 1 0 0 0 0 0 0 0 0 0 0 1 0 0 0 0 0 0 0 0 0 0 0 0 0 0 0 0 0 0 0 0 0 2 0 0 0 1 2 0 1 5 0 0 0 
10 273 0 0 0 0 0 0 1 0 0 0 0 0 0 0 0 0 0 0 0 0 6 0 0 0 0 3 0 0 0 0 0 0 0 0 0 0 0 0 1 0 0 3 0 0 1 0 0 1 0 0 0 0 0 0 0 0 0 0 0 0 0 0 0 0 0 0 0 0 0 0 0 0 0 0 0 1 0 9 0 0 0 1 0 0 0 5 2 2 3 0 0 0 1 0 3 0 0 0 0 0 0 0 0 0 0 0 0 0 0 0 1 0 0 0 0 0 0 0 0 3 0 0 6 0 0 0 0 160 0 0 0 0 0 2 0 0 0 0 0 0 1 0 0 0 0 0 0 0 1 0 7 0 2 0 2 0 0 0 0 1 0 0 0 0 0 0 0 0 0 0 0 0 0 0 0 0 0 0 0 0 0 0 0 0 0 0 0 0 0 0 3 0 0 0 0 0 2 0 0 11 0 0 0 1 0 0 0 1 0 3 0 0 0 0 0 0 0 0 2 0 0 0 0 0 1 0 0 0 0 0 0 0 0 1 0 0 0 0 0 0 2 0 0 0 12 0 0 0 3 2 0 0 
11 238 0 0 0 0 0 0 0 0 0 0 0 0 0 0 0 0 0 0 0 0 8 0 0 0 0 5 0 0 0 0 0 0 0 0 0 0 0 0 0 0 0 3 0 0 0 1 0 0 0 0 0 0 0 0 0 0 0 0 0 0 0 1 0 0 0 0 0 0 0 0 0 0 0 0 0 0 2 9 0 0 0 0 0 0 0 1 0 0 0 0 0 0 0 0 6 0 0 0 0 0 0 0 0 0 0 0 0 0 0 0 0 0 1 0 0 0 0 0 0 3 0 0 4 0 0 0 0 127 0 0 0 0 0 3 0 0 0 0 0 0 2 0 0 0 0 0 0 0 1 0 9 0 0 0 2 0 0 0 0 0 0 0 0 0 0 0 0 0 0 0 3 0 0 0 0 0 0 0 0 2 0 0 0 0 0 0 0 1 0 0 0 0 0 0 0 1 1 0 0 21 0 0 0 0 0 0 0 0 0 2 0 0 1 0 0 0 0 0 0 0 0 0 0 0 0 0 0 0 0 0 0 0 0 0 0 0 0 0 0 0 1 0 0 0 7 0 0 0 5 3 0 0 
12 202 0 0 0 0 0 0 1 0 0 0 0 0 0 0 0 0 0 0 0 0 7 0 0 0 0 9 0 0 0 0 0 0 1 0 0 0 0 0 1 0 0 5 0 0 0 0 0 0 0 0 0 0 0 0 0 0 0 0 0 0 0 0 0 0 1 0 0 0 0 0 0 0 0 0 0 1 0 4 0 0 0 0 0 0 1 0 0 0 1 0 0 0 0 0 2 0 0 0 0 0 0 0 0 0 0 0 1 0 0 0 0 0 0 0 0 0 0 0 0 1 1 0 4 0 0 0 0 107 0 0 0 0 0 1 1 0 0 0 0 0 0 0 0 0 0 0 0 0 2 1 8 0 0 0 1 0 0 0 0 0 0 0 0 0 0 0 0 0 0 0 5 0 0 0 0 0 0 0 0 0 0 0 2 3 0 0 0 0 0 0 1 0 0 0 0 0 2 0 0 7 0 0 0 0 0 0 0 0 0 2 0 0 0 0 0 0 0 0 0 0 0 0 0 0 0 0 0 0 0 0 0 0 0 0 0 2 0 0 0 0 2 0 0 0 3 1 0 0 5 2 0 0 
13 248 0 0 0 0 0 0 0 0 0 0 0 0 0 0 0 0 0 1 0 0 13 0 0 1 0 6 0 1 0 0 0 0 0 0 0 0 0 0 0 0 0 1 0 0 0 0 0 4 0 0 0 0 0 0 1 0 0 0 0 0 0 0 0 0 2 0 0 0 0 0 0 0 0 0 0 0 1 6 0 0 0 0 0 0 2 0 0 1 2 0 0 0 0 0 4 0 0 0 0 0 0 0 0 0 0 0 0 0 0 0 0 0 0 0 0 0 0 0 0 1 1 0 2 0 0 0 0 126 0 0 0 0 0 1 0 0 0 0 0 0 2 1 0 0 0 0 0 0 3 0 9 1 1 0 1 0 0 0 0 0 0 0 0 0 0 0 0 0 0 0 1 0 0 0 0 0 0 0 0 0 0 0 0 4 0 0 0 0 0 1 0 0 0 0 0 0 2 0 0 28 0 0 0 0 0 0 0 0 0 3 1 0 0 0 0 0 0 0 0 0 0 0 0 0 0 0 1 0 0 0 0 0 0 0 0 0 0 0 0 0 1 1 1 0 6 0 0 0 3 0 0 0 
14 226 0 0 0 0 0 0 0 0 0 0 0 0 0 0 0 0 0 0 0 0 9 0 0 0 0 2 0 0 0 0 0 0 0 0 0 0 0 0 1 0 0 3 0 0 0 0 0 1 0 0 0 0 0 0 0 0 0 0 0 0 0 0 1 0 2 0 0 0 0 0 0 0 0 0 0 0 1 5 0 2 0 0 0 0 3 2 0 0 0 0 0 0 0 0 3 0 0 0 0 0 1 0 1 0 0 0 0 0 0 0 0 0 0 0 0 0 0 0 0 0 2 0 2 0 0 0 0 124 0 0 0 0 0 2 0 0 0 0 0 0 0 0 0 0 0 0 0 0 0 0 8 1 1 0 3 0 0 0 0 0 0 0 0 0 0 0 0 0 0 0 1 0 0 0 0 0 0 0 0 1 0 0 0 1 0 0 0 0 0 2 2 0 2 0 0 0 5 0 0 16 0 0 0 0 0 0 0 0 0 3 2 0 0 0 0 0 0 0 0 0 0 0 0 0 0 0 0 0 0 0 0 0 0 0 0 0 0 0 0 0 3 0 0 0 3 0 0 2 2 0 1 0 
15 210 0 0 0 0 0 0 1 0 0 0 0 0 0 0 0 0 0 0 0 0 7 0 0 0 0 5 0 0 0 0 0 0 1 0 0 0 0 0 0 0 0 2 0 0 0 0 0 2 0 0 0 0 0 0 0 0 1 0 0 0 0 0 0 0 0 0 0 0 0 0 0 0 0 0 0 0 2 8 0 0 0 0 0 0 0 1 1 0 3 0 0 0 0 1 4 0 0 0 0 0 0 0 0 0 0 0 0 0 0 0 1 0 0 0 0 0 0 0 0 0 2 1 2 0 0 0 0 94 0 0 0 0 0 1 0 0 0 0 0 0 1 0 0 0 0 0 0 0 0 0 6 0 0 0 1 0 0 0 0 0 0 0 0 0 0 0 0 0 0 0 3 0 0 0 0 0 0 0 0 12 0 0 0 2 0 0 0 0 0 1 2 0 0 0 0 0 0 0 0 18 0 0 0 0 0 0 0 0 0 2 1 0 0 0 0 0 0 0 0 0 0 0 0 0 0 0 3 0 0 0 0 0 0 0 0 0 0 0 0 0 2 3 0 0 5 0 1 0 3 2 0 0 
16 233 0 0 0 0 1 0 0 0 0 0 0 0 0 0 0 0 0 0 0 0 12 0 0 0 0 13 0 0 0 0 0 0 0 0 0 0 0 0 0 0 0 1 0 0 0 0 0 4 0 0 0 0 0 0 0 0 0 0 0 0 0 0 0 0 0 0 0 0 1 0 0 0 0 0 0 0 2 1 0 0 0 0 0 0 0 2 1 1 0 0 0 0 0 5 4 0 0 0 0 0 0 0 0 0 0 0 0 0 0 0 2 0 0 0 0 0 0 0 0 1 0 0 1 0 0 0 0 126 0 0 0 0 0 1 1 0 0 0 0 0 0 0 0 0 0 0 2 0 0 0 7 0 0 0 2 0 0 0 0 0 0 0 1 0 0 0 0 0 0 0 1 0 0 0 0 0 0 0 0 0 0 0 0 5 0 0 0 0 0 0 1 0 0 0 0 1 3 0 0 12 0 0 0 0 0 0 0 0 0 6 0 0 0 0 0 0 0 0 0 0 0 0 0 0 0 0 1 0 0 0 0 0 0 0 0 0 0 0 0 0 2 0 0 0 5 1 0 0 1 0 1 0 
17 222 0 0 0 0 0 0 0 0 0 0 0 0 0 0 0 0 0 0 0 0 9 0 0 0 0 6 0 0 0 0 0 0 1 0 0 0 0 0 1 0 0 0 0 0 0 0 0 1 0 0 0 0 0 0 0 1 0 0 0 0 0 0 0 0 0 0 0 0 1 0 0 0 0 0 0 0 2 3 0 0 0 0 0 0 2 6 0 3 0 0 0 0 0 6 1 0 0 0 0 0 0 0 0 0 0 0 1 0 0 0 2 0 0 0 0 0 0 0 0 0 1 0 5 0 0 0 0 119 0 0 0 0 0 2 0 0 0 0 0 0 0 0 0 0 0 0 0 0 0 1 5 0 1 0 3 0 0 0 0 0 0 0 0 0 0 0 0 0 0 0 3 0 0 0 0 0 0 0 0 0 0 0 1 3 0 0 0 1 0 0 1 0 0 0 0 0 1 0 0 15 0 0 0 0 0 0 0 1 0 3 0 0 1 0 0 0 0 0 2 0 0 0 0 0 0 0 0 0 0 0 0 0 0 0 0 0 0 0 0 0 2 0 0 0 2 0 0 1 0 1 0 0 
18 284 0 0 0 0 0 0 4 0 0 0 0 0 0 0 0 0 0 2 0 0 13 0 0 0 0 8 0 0 0 0 0 0 0 1 0 0 0 0 0 0 0 0 0 0 0 0 0 5 0 0 0 0 0 0 0 1 0 0 0 0 0 1 0 0 0 0 0 0 1 0 0 0 0 0 0 0 0 1 0 0 0 0 0 0 3 3 0 2 1 0 0 0 0 0 2 0 0 0 0 0 0 0 0 0 0 0 0 0 0 0 2 0 0 1 0 0 0 0 0 1 4 0 2 0 0 0 0 146 0 0 0 0 0 1 0 0 0 0 0 0 3 0 0 0 0 0 1 0 0 1 11 0 0 0 2 0 0 0 0 0 0 0 0 0 0 0 0 1 0 0 1 0 0 0 0 0 0 0 0 0 0 0 0 4 0 0 0 0 0 1 2 0 0 0 0 1 5 0 0 16 0 0 0 0 0 0 0 0 1 7 0 0 0 0 0 0 0 0 0 0 0 0 0 0 0 0 0 0 0 0 0 0 0 0 0 0 0 0 0 0 2 1 0 0 13 1 1 1 1 1 0 0 
19 212 0 0 0 0 0 0 0 0 0 0 0 1 0 0 0 0 0 1 0 0 22 0 0 0 0 3 0 0 0 0 0 0 0 0 0 0 0 0 0 0 0 0 0 0 0 0 0 1 0 0 0 0 0 0 0 0 0 0 0 0 0 0 0 0 1 0 0 0 1 0 0 0 0 0 0 1 1 1 0 1 0 0 0 0 0 5 0 5 0 0 0 0 0 1 5 0 0 0 0 0 0 0 0 0 0 0 0 0 0 0 1 0 0 0 0 0 0 0 0 1 1 0 3 0 0 0 0 95 0 0 0 0 0 1 2 0 0 0 0 0 0 0 0 0 0 0 1 0 0 1 3 0 3 0 4 0 0 0 0 0 0 0 0 0 0 0 0 0 0 0 0 0 0 0 0 0 0 0 0 2 0 0 0 1 0 0 0 0 0 0 1 0 0 0 0 0 1 0 0 21 0 0 0 0 0 0 0 0 0 7 0 0 0 0 0 0 0 0 1 0 0 0 0 0 0 0 0 0 0 0 0 0 0 0 0 0 0 0 0 0 0 0 0 0 4 1 5 0 0 1 0 0 
20 135 0 0 0 0 0 0 1 0 0 0 0 0 0 0 0 0 0 0 0 0 13 0 0 0 0 3 0 1 1 0 0 0 0 0 0 0 0 0 0 0 0 1 0 0 0 0 0 3 0 0 0 0 0 0 0 0 0 0 0 0 0 0 0 0 0 0 0 0 1 0 0 0 0 0 0 2 1 0 0 0 0 0 0 0 0 6 0 1 0 0 0 0 0 0 4 0 0 0 0 0 0 0 0 0 0 0 0 0 0 0 0 0 0 0 0 0 0 0 0 0 1 0 3 0 0 1 0 41 0 0 0 0 0 0 0 0 0 0 0 0 0 0 0 0 0 0 1 0 0 4 7 0 0 0 2 0 0 0 0 0 0 0 0 0 0 0 0 0 0 0 0 0 0 0 0 0 0 0 1 0 0 0 0 5 0 0 0 0 0 0 0 0 0 0 0 1 3 0 0 12 0 0 0 0 0 0 0 0 0 5 0 0 0 0 0 0 0 0 1 0 0 0 0 0 0 0 1 0 0 0 0 0 0 0 0 0 0 0 0 0 2 1 0 0 1 0 0 0 0 0 0 0 
21 158 0 0 0 0 0 0 0 0 0 0 1 0 0 0 0 0 0 0 0 0 13 1 0 0 0 5 0 0 0 0 0 0 0 0 0 0 0 0 1 0 0 0 0 0 0 0 0 3 0 0 0 0 0 0 0 0 0 0 0 0 0 0 0 0 0 0 0 0 1 0 0 0 0 0 0 0 1 0 0 0 0 0 0 1 2 2 0 0 0 0 0 0 0 0 4 0 0 0 0 0 0 0 0 0 0 0 1 0 0 0 0 0 0 0 0 0 0 0 0 1 2 1 3 0 0 0 0 32 0 0 0 0 0 5 0 0 0 0 0 0 1 1 0 0 0 0 0 0 0 2 7 0 21 0 1 0 0 0 0 0 0 0 0 0 0 0 0 0 0 0 0 0 0 0 0 0 0 0 0 0 0 0 0 4 0 0 0 1 0 0 2 0 2 0 0 1 0 0 0 27 0 0 0 0 0 0 0 0 0 2 0 0 0 0 0 0 0 0 0 0 0 0 0 0 0 0 0 0 0 0 0 0 0 0 0 0 0 0 0 0 2 2 0 0 1 0 0 0 0 1 0 0 
22 88 0 0 0 0 0 0 0 0 0 0 0 0 0 0 0 0 0 0 0 0 10 0 0 0 0 1 0 0 0 0 0 0 0 0 0 0 0 0 0 0 0 2 0 0 0 0 0 0 0 0 0 0 0 0 0 0 0 0 0 0 0 0 0 0 1 0 0 0 0 0 0 0 1 0 0 0 1 1 0 0 0 0 0 0 0 3 1 0 1 0 0 0 0 0 1 0 0 0 0 0 0 0 0 0 0 0 0 0 0 0 0 0 0 1 0 0 0 0 0 0 0 0 4 0 0 0 0 17 0 0 0 0 0 1 0 0 0 0 0 0 1 0 0 0 0 0 1 0 0 3 2 0 2 0 3 0 0 0 0 0 0 0 0 0 0 0 0 0 0 0 1 0 0 0 0 0 0 0 0 1 0 0 0 0 0 0 0 0 0 0 2 0 0 0 0 0 0 0 0 15 3 0 0 0 0 0 0 0 0 0 0 0 0 0 0 0 0 0 1 0 0 0 0 0 0 0 0 0 0 0 0 0 0 0 0 0 0 0 0 0 1 1 1 0 1 0 0 0 2 0 0 0 
23 92 0 0 0 0 0 0 1 0 0 0 0 0 0 0 0 0 0 0 0 0 24 0 0 0 0 4 0 0 0 0 0 0 0 0 0 0 0 0 0 0 0 0 0 0 0 0 0 0 0 0 0 0 0 0 0 0 0 0 0 0 0 0 0 0 0 0 0 0 0 0 0 0 0 0 0 0 0 2 0 0 0 0 0 0 2 1 0 2 0 0 0 0 0 0 0 0 0 0 0 0 0 0 0 0 0 0 0 0 0 0 0 0 0 0 0 0 0 0 0 0 3 0 1 0 0 0 0 8 0 0 0 0 0 1 0 0 0 0 0 0 0 0 0 0 0 0 0 0 0 1 10 0 0 0 1 0 0 0 0 0 0 0 0 0 0 0 0 0 0 0 0 0 0 0 0 0 0 0 0 1 0 0 0 0 0 0 0 0 0 0 1 0 0 0 0 0 1 0 0 20 0 0 0 0 0 0 0 0 0 0 0 0 0 0 0 0 0 0 0 0 0 0 0 0 0 0 0 0 0 0 0 0 0 0 0 0 0 0 0 0 1 1 0 0 1 0 0 0 2 1 1 0 
24 102 0 0 0 1 0 0 0 0 1 0 0 0 0 0 0 0 0 0 0 0 26 0 0 0 0 6 0 0 0 0 0 0 0 0 0 0 0 0 1 0 0 3 0 0 0 0 0 1 0 0 0 0 0 1 0 0 0 0 0 0 0 2 0 0 1 0 0 0 0 0 0 0 0 0 0 1 0 2 0 0 0 0 0 0 0 3 0 0 1 0 0 0 0 0 0 0 0 0 0 0 0 0 0 0 0 0 0 0 0 0 0 0 0 0 0 0 0 0 0 1 4 0 0 0 0 0 0 4 0 0 0 0 0 1 0 0 0 0 0 0 0 0 0 0 0 0 0 0 0 2 6 0 6 0 0 0 0 0 0 0 0 2 0 0 0 0 0 0 0 0 0 0 0 0 0 0 0 0 0 0 0 0 0 0 0 0 0 0 0 0 1 0 0 0 0 0 1 0 1 15 1 0 0 0 0 0 0 0 0 0 0 0 0 0 0 0 0 0 1 0 0 0 0 0 0 0 0 0 0 0 0 0 0 0 1 0 0 0 0 0 0 1 0 0 0 0 0 0 1 2 0 0 
25 94 0 0 0 0 0 0 0 0 0 0 0 0 0 0 0 0 0 0 0 0 17 0 0 0 0 5 0 0 0 0 0 0 0 0 0 0 0 0 0 0 0 1 0 0 0 0 0 1 0 0 0 0 0 0 0 0 0 0 0 0 0 1 0 0 0 0 0 0 0 0 0 0 0 0 0 0 0 2 0 0 0 0 0 1 1 1 0 0 0 0 0 0 0 0 2 0 0 0 0 0 0 0 0 0 0 0 0 0 0 0 0 0 0 0 0 0 0 0 0 0 2 0 0 0 0 0 0 2 0 0 0 0 0 2 0 0 0 0 0 0 0 0 0 0 0 0 0 0 0 1 8 0 2 0 3 0 0 0 0 0 0 0 0 0 0 0 0 0 0 0 0 0 0 0 0 0 0 0 0 0 0 0 0 0 0 0 0 0 0 0 0 0 0 0 0 0 1 0 0 32 0 0 0 0 0 1 0 0 0 0 1 0 0 0 0 0 0 0 0 0 0 0 0 0 0 0 0 0 0 0 0 0 0 1 0 0 0 0 0 0 2 0 0 0 1 0 0 0 3 0 0 0 
26 101 0 0 0 0 0 0 0 0 0 0 0 0 0 0 0 0 0 0 0 0 18 1 0 0 0 1 0 0 0 0 0 0 0 0 0 0 0 0 0 0 0 1 0 0 0 0 0 2 0 0 0 0 0 0 0 0 0 0 0 0 0 0 0 0 3 0 0 0 0 0 0 0 1 0 0 0 0 1 0 0 0 0 0 0 0 0 0 2 0 0 0 0 0 0 0 0 0 0 0 0 0 0 0 0 0 0 0 0 0 0 0 0 0 0 0 0 0 0 0 3 2 0 0 0 0 0 0 4 0 0 0 0 0 1 0 0 0 0 0 0 0 0 0 0 0 0 0 0 0 1 9 0 2 0 2 0 0 0 0 0 0 0 0 0 0 0 0 0 0 0 0 0 0 0 0 0 0 0 0 0 0 0 0 0 0 0 0 1 0 0 1 0 0 0 0 0 4 0 0 20 0 0 0 0 0 0 0 5 0 2 0 0 0 0 0 0 0 0 0 0 0 0 0 0 0 0 0 0 0 0 0 0 0 0 0 0 0 0 0 0 5 1 0 0 5 0 0 0 2 1 0 0 
27 132 0 0 0 0 0 0 0 0 0 0 0 0 0 0 0 0 0 0 0 0 14 0 0 0 0 3 0 0 0 0 0 0 0 0 0 0 1 0 0 0 0 3 0 0 0 0 0 1 0 0 0 0 0 0 0 0 0 0 0 0 0 0 0 0 0 0 0 0 0 0 0 0 5 0 0 0 0 2 0 0 0 0 0 0 0 1 0 1 1 0 0 0 0 0 0 0 0 0 0 0 0 0 0 0 0 1 0 0 0 0 0 0 0 0 0 0 0 0 0 0 2 0 0 0 0 0 0 42 0 0 0 0 0 2 0 0 0 0 0 0 0 0 0 0 0 0 0 0 0 3 3 0 1 0 2 0 0 0 0 0 0 0 0 0 0 0 0 0 0 0 0 0 0 0 0 0 0 0 0 1 0 0 0 0 0 0 0 0 0 0 0 0 0 0 0 0 2 0 0 24 0 0 0 0 0 0 0 1 0 2 2 0 1 0 0 0 0 0 1 0 0 0 0 0 0 0 0 0 0 0 0 0 0 1 0 0 0 0 0 0 1 1 0 0 2 0 0 0 2 1 0 0 
28 189 0 0 0 0 0 0 0 0 0 0 0 0 0 0 0 0 0 0 0 0 15 0 0 0 0 6 0 0 0 0 0 0 0 0 0 0 0 0 1 0 0 5 0 0 0 0 0 0 0 0 0 0 0 0 0 0 0 0 0 0 0 0 0 0 0 0 0 0 0 0 0 0 0 0 0 1 0 8 0 0 0 0 0 0 2 3 1 2 2 0 0 0 1 0 1 0 0 0 0 0 0 0 0 0 0 0 1 0 0 0 1 0 0 0 0 0 0 0 0 4 2 0 0 0 0 0 0 78 0 0 0 0 0 1 0 0 0 0 0 0 0 0 0 0 0 0 0 0 0 1 8 0 3 0 2 0 0 0 0 0 0 0 0 0 0 0 0 0 0 0 0 0 0 0 0 0 0 0 0 3 0 0 0 0 0 0 0 0 0 0 1 0 0 0 0 1 2 0 0 13 0 0 0 0 0 1 0 1 0 0 0 0 0 0 0 0 0 0 1 0 0 0 0 0 0 0 0 0 0 0 0 0 0 0 0 0 0 0 0 0 4 0 0 0 7 0 0 0 2 2 0 0 
29 247 0 0 0 0 0 0 0 0 0 0 0 0 0 0 0 0 0 1 0 0 5 0 0 0 0 6 0 0 0 0 0 0 0 1 0 0 0 0 1 0 0 4 0 0 0 0 0 2 0 0 0 0 0 0 0 0 0 0 0 0 0 0 0 0 0 0 0 0 0 0 0 0 0 0 0 0 0 5 0 1 0 0 0 0 0 0 0 0 2 0 0 0 1 0 4 0 0 0 0 0 0 0 0 0 0 0 0 0 0 0 7 0 0 0 0 0 0 0 0 1 1 0 1 0 0 0 0 148 0 0 0 0 0 2 0 0 0 0 0 0 0 0 0 0 0 0 0 0 0 0 9 0 3 0 1 0 0 0 0 0 0 2 0 0 0 0 0 0 0 0 0 0 0 0 0 0 0 0 0 0 1 0 0 0 0 0 0 0 0 0 1 0 0 0 0 0 6 0 0 8 0 0 0 1 0 0 0 0 0 1 0 0 0 0 0 0 0 0 3 0 0 0 0 0 0 0 0 0 0 0 0 0 0 0 0 0 0 0 0 0 1 0 3 0 11 0 0 0 0 1 0 0 
30 252 0 0 0 0 0 0 1 0 0 0 0 0 0 0 0 0 0 0 0 0 2 0 0 0 0 7 0 0 0 0 0 0 0 1 0 0 0 0 0 0 0 1 0 0 0 2 0 0 0 0 0 0 0 0 0 0 0 0 0 0 0 0 0 0 0 0 0 0 0 0 0 0 0 0 0 0 0 1 0 0 0 0 0 0 0 8 0 0 0 0 0 0 0 3 4 0 0 0 0 0 0 1 0 0 0 0 1 0 0 0 0 0 0 0 0 0 0 0 0 2 0 0 0 0 0 0 0 164 0 0 0 0 0 1 0 0 0 0 0 0 2 0 1 0 0 0 0 0 0 0 9 0 2 0 0 0 0 0 0 0 0 0 0 0 0 0 0 0 0 0 2 0 0 0 0 0 0 0 0 0 0 0 0 0 0 0 0 0 0 0 1 0 0 0 0 1 2 0 0 12 0 0 0 0 0 0 0 1 0 2 0 0 0 0 0 0 0 0 1 0 0 0 0 0 0 0 0 0 0 0 0 0 0 1 0 0 0 0 0 0 1 1 1 0 7 2 1 0 2 0 0 0 
31 276 0 0 0 0 0 0 0 0 0 0 0 0 0 0 0 0 0 0 0 0 5 0 0 0 0 7 0 0 0 0 0 0 1 0 0 0 0 0 0 0 0 4 0 0 0 0 0 1 0 0 0 0 0 0 0 0 0 0 0 0 0 0 0 0 0 0 0 0 0 0 0 0 0 0 0 0 0 3 0 2 0 0 0 0 2 6 0 1 2 0 0 0 0 0 1 0 0 0 0 0 0 0 0 0 0 0 0 0 0 0 0 0 2 0 0 0 0 0 0 1 1 0 1 0 0 1 0 164 0 0 0 0 0 2 1 0 0 0 0 0 2 0 0 0 0 0 0 0 0 0 13 0 3 0 1 0 0 0 0 0 0 0 0 0 0 0 0 0 0 0 1 0 0 0 0 0 0 0 0 1 0 0 0 0 0 0 0 0 0 0 2 0 0 0 0 0 1 0 0 18 0 0 0 1 0 0 0 0 0 1 2 0 0 0 0 0 0 0 4 0 0 0 0 0 0 0 0 0 0 0 0 0 0 0 0 0 0 0 0 0 1 0 1 0 9 0 0 0 7 0 0 0 
32 312 0 0 0 0 0 0 0 0 0 0 0 0 0 0 0 0 0 0 0 0 5 0 0 0 0 14 0 0 0 0 0 0 5 0 0 0 0 0 2 0 0 2 0 0 0 0 0 5 0 0 0 0 0 0 0 0 0 0 0 0 0 0 0 0 0 0 0 0 0 0 0 0 0 0 0 1 0 2 0 0 0 0 0 1 0 2 0 2 1 0 0 0 0 1 3 0 0 0 0 0 0 0 0 0 0 0 0 0 0 0 0 0 0 0 0 0 0 0 0 3 0 0 3 0 0 0 0 177 0 0 0 0 0 1 3 0 0 0 0 0 0 0 0 0 0 0 0 0 0 0 14 0 1 0 1 0 0 0 0 0 0 0 0 0 0 0 0 0 0 0 1 0 0 0 0 0 0 0 0 0 0 0 0 0 0 0 0 0 0 0 8 0 0 0 0 0 2 0 0 16 0 0 0 1 0 0 0 0 0 0 3 0 0 0 0 1 0 0 0 0 0 0 0 0 0 0 1 0 0 0 0 0 0 1 0 0 0 0 0 0 2 5 0 0 10 0 1 0 6 0 0 0 
33 327 0 0 0 1 0 0 1 0 0 0 0 0 0 0 0 0 0 0 0 0 5 0 0 0 0 23 0 0 0 0 1 0 0 0 0 0 0 0 0 0 0 1 0 0 0 0 0 1 0 0 0 0 0 1 0 0 0 0 0 0 0 0 0 0 0 0 0 0 0 0 0 0 0 0 0 0 1 5 0 1 0 0 0 0 4 3 0 1 1 0 0 0 1 1 3 0 0 0 0 0 0 0 0 0 0 1 0 0 0 0 0 0 0 0 0 0 0 0 0 1 0 0 2 0 0 0 0 184 0 0 0 0 0 1 5 0 0 0 0 0 0 0 0 0 0 0 1 0 0 0 15 0 1 0 1 0 0 0 0 0 0 0 0 0 0 0 0 0 0 0 1 0 0 0 0 0 0 0 0 0 0 0 1 0 0 0 0 0 0 1 9 0 0 0 0 0 1 0 0 18 0 0 0 0 0 0 0 1 0 1 6 0 0 0 0 0 0 1 2 0 0 0 0 0 0 0 0 0 0 0 0 0 0 0 0 0 0 0 0 0 1 3 0 0 6 0 0 1 2 2 0 0 
34 291 0 0 0 0 0 0 1 0 0 0 0 0 0 0 0 0 0 0 0 0 9 0 0 0 0 11 0 0 0 0 0 0 1 0 0 0 0 0 0 0 0 1 0 0 0 0 0 3 0 0 0 0 0 1 0 0 0 0 1 0 0 0 0 0 0 0 0 0 1 0 0 0 0 0 0 0 1 1 0 0 0 0 0 0 2 2 0 2 0 0 0 0 0 1 2 0 0 0 0 0 0 0 0 0 0 0 0 0 0 0 1 0 0 0 0 0 0 0 0 2 1 0 5 0 0 0 0 162 0 0 0 0 0 2 3 0 0 0 0 0 1 0 0 0 0 0 0 0 0 0 7 0 0 0 1 0 0 0 0 0 0 0 0 0 0 0 0 0 0 0 1 0 0 0 0 0 0 0 0 1 0 0 0 6 0 0 0 0 0 1 7 0 0 0 0 0 5 0 0 19 0 0 0 0 0 0 0 0 0 0 4 0 0 0 0 0 0 0 0 0 0 0 0 0 0 0 2 0 0 0 0 0 0 0 0 0 0 0 0 0 2 1 0 0 1 0 0 4 2 6 0 0 
35 285 0 0 0 0 0 0 0 0 0 0 0 0 0 0 0 0 0 0 0 0 4 0 0 0 0 17 1 0 0 0 0 0 1 1 0 0 0 0 1 0 0 2 0 0 0 0 0 1 0 0 0 0 0 0 0 0 0 0 0 0 0 0 0 0 0 0 0 0 2 0 0 0 0 0 0 1 1 5 0 0 0 0 0 0 0 5 0 1 2 0 0 0 0 0 1 0 0 0 0 0 0 0 0 0 0 0 0 0 0 0 4 0 0 0 0 0 0 0 0 4 0 0 1 0 0 0 0 146 0 0 0 0 0 3 9 0 0 0 0 0 2 0 0 0 0 0 0 0 0 0 15 0 2 0 3 0 0 0 0 0 0 0 0 0 0 0 0 0 0 0 1 0 0 0 0 0 0 0 0 0 0 0 0 11 0 0 0 0 0 0 4 1 0 0 0 3 0 0 1 11 0 0 0 0 0 0 0 0 0 0 4 0 0 0 0 0 0 0 0 0 0 0 0 0 0 0 0 0 0 0 0 0 0 1 0 0 0 0 0 0 1 2 0 0 4 1 0 1 3 0 0 0 
36 229 0 1 0 1 0 0 0 0 0 0 0 0 0 0 0 0 0 0 0 0 7 0 0 0 0 4 0 0 0 0 0 0 0 1 0 0 0 0 1 0 0 1 0 0 0 1 0 3 0 0 0 0 0 0 0 0 0 0 0 0 1 0 0 0 1 0 0 0 2 0 0 0 0 0 0 0 1 10 0 1 0 1 0 0 3 4 0 0 0 0 0 0 0 0 1 0 0 0 0 0 0 0 0 0 0 0 0 0 0 0 0 0 0 0 0 0 0 0 0 2 0 0 2 0 0 0 0 113 0 0 0 0 0 1 5 0 0 0 0 0 0 0 0 0 0 0 0 0 0 0 6 0 2 0 2 0 0 0 0 2 0 0 0 0 0 0 0 0 0 0 1 0 0 0 0 0 0 0 0 0 0 0 0 11 0 0 0 0 0 0 10 0 0 0 0 0 0 0 0 7 0 0 0 0 0 0 0 0 0 5 0 0 0 0 0 0 0 0 1 0 0 0 0 0 0 0 0 0 0 0 0 0 0 0 0 1 0 0 0 0 0 1 0 0 8 0 0 0 2 0 0 0 
37 241 0 0 0 0 0 0 1 0 0 0 0 1 0 0 0 0 0 0 0 0 4 0 0 0 0 11 0 1 0 0 0 0 1 0 0 0 0 0 0 0 0 1 0 0 0 0 0 0 0 0 0 0 0 0 0 0 0 0 0 0 0 0 0 0 0 0 0 0 0 0 0 0 0 0 0 0 0 5 0 2 0 0 0 0 1 6 0 2 2 0 0 0 0 0 4 0 0 0 0 0 0 0 0 0 0 0 1 0 0 0 0 0 0 0 0 0 0 0 0 1 0 0 1 0 0 0 0 131 0 0 0 0 0 0 4 1 0 0 0 0 1 0 0 0 0 0 0 1 0 0 13 0 2 0 0 0 0 0 0 0 0 0 0 0 0 0 0 0 0 0 0 0 0 0 0 0 0 0 0 1 0 0 0 5 0 0 0 0 0 0 1 0 0 0 0 0 0 0 0 13 0 0 0 1 0 1 0 0 0 4 1 0 0 0 0 0 0 0 2 0 0 0 0 0 0 0 2 0 0 0 0 0 0 0 0 0 0 0 0 0 1 0 0 0 4 0 0 0 3 0 0 0 
38 236 0 0 0 1 0 0 1 0 0 0 0 0 0 0 0 0 0 0 0 0 7 0 0 0 0 12 0 0 0 0 0 0 0 0 0 0 0 0 0 0 0 0 0 0 0 0 0 2 0 0 0 0 0 0 0 1 0 0 0 0 1 1 0 0 0 0 0 0 1 0 0 0 0 0 0 0 0 9 0 0 0 0 0 0 1 5 0 2 0 0 0 0 0 0 5 0 0 0 0 0 0 0 0 0 0 0 0 0 0 0 1 0 0 0 0 0 0 0 0 1 0 0 3 0 0 0 0 120 0 0 0 0 0 0 5 0 0 0 0 0 6 0 0 0 0 0 0 0 0 0 1 1 4 0 3 1 0 0 0 0 0 0 0 0 0 0 0 0 0 0 0 0 0 0 0 0 0 0 0 1 0 0 0 1 0 0 0 1 0 0 4 0 0 0 0 0 2 0 0 10 0 0 0 0 0 0 0 0 0 2 0 0 0 0 0 0 0 0 0 0 0 0 0 0 0 0 0 0 0 0 0 0 0 0 0 0 0 0 0 0 5 0 0 0 8 1 0 0 2 0 0 0 
39 227 0 0 0 0 0 0 0 0 0 0 0 0 0 0 0 0 0 1 0 0 5 0 0 0 0 3 0 0 0 0 0 0 0 0 0 0 0 0 3 0 0 0 0 0 0 0 0 1 0 0 0 0 0 0 0 0 0 0 0 0 0 0 0 0 3 0 0 0 0 0 0 0 0 0 0 1 0 7 0 0 0 0 0 0 0 3 0 0 0 0 0 0 0 0 7 0 0 1 0 0 0 0 0 0 0 0 0 0 0 0 0 0 0 0 0 0 0 0 0 1 1 0 2 0 0 0 0 133 0 0 0 0 0 1 3 0 0 0 0 0 0 0 0 0 0 0 1 0 1 1 2 0 0 0 0 0 0 0 0 2 0 0 1 0 0 0 0 0 0 0 2 0 0 0 0 0 0 0 0 0 0 0 1 5 0 0 0 0 0 0 5 0 0 0 0 0 0 0 0 6 0 0 0 0 0 0 0 0 0 3 1 0 0 0 0 0 0 0 1 0 0 0 0 0 0 0 0 0 0 0 0 0 0 0 0 0 0 0 0 0 3 0 0 0 6 1 0 0 4 1 0 0 
40 230 0 0 0 0 1 0 1 0 0 0 0 0 0 0 0 0 0 0 0 0 5 0 0 0 0 9 0 0 0 0 0 0 0 0 0 0 1 0 0 0 0 0 0 0 0 1 0 3 0 0 0 0 0 0 0 0 0 0 0 0 0 0 0 0 0 0 0 0 0 0 0 0 0 0 0 1 1 2 0 0 0 0 0 0 1 2 0 1 0 0 0 0 0 0 12 0 0 0 0 0 0 0 0 0 0 0 0 0 1 0 1 0 0 0 0 0 0 0 0 2 1 0 2 0 0 0 0 128 0 0 0 0 0 1 3 0 0 0 0 0 3 0 0 0 0 0 0 0 0 1 4 0 0 0 2 0 0 0 0 1 0 0 0 0 0 0 0 0 0 0 1 0 0 0 0 0 0 0 0 0 0 0 1 6 0 0 0 0 0 0 3 0 0 0 0 0 1 0 0 13 0 0 0 0 0 0 0 0 0 1 0 0 1 0 0 0 0 0 0 0 0 0 0 0 0 0 0 0 0 0 0 0 0 0 0 0 0 0 0 0 1 0 1 0 4 1 0 1 1 1 0 0 
41 237 0 0 0 0 0 0 1 0 0 0 0 0 0 0 0 0 0 0 0 0 9 0 0 0 0 7 0 0 0 0 0 0 0 0 0 0 0 0 1 0 0 1 0 0 0 0 0 1 0 0 0 0 0 1 0 0 1 0 0 0 0 0 0 0 0 0 0 0 0 0 0 0 0 0 0 0 1 0 0 1 0 0 0 0 2 3 0 1 0 0 0 0 0 1 3 0 0 0 0 0 0 0 0 0 0 0 0 0 0 0 1 0 0 0 0 0 0 0 0 1 1 0 4 0 0 0 0 140 0 0 0 0 0 1 2 0 0 0 0 0 1 0 0 0 0 0 0 0 0 0 1 0 0 0 0 0 0 0 0 0 0 0 0 0 0 0 0 0 0 0 1 0 0 0 0 0 0 0 0 0 0 0 0 5 0 0 0 0 0 0 13 0 0 0 0 1 2 0 0 13 1 0 0 0 0 0 0 0 0 4 0 0 0 0 0 0 0 0 0 0 0 0 0 0 0 0 0 0 0 0 0 0 0 0 0 0 0 0 0 0 1 0 2 0 7 0 0 0 0 0 0 0 
42 303 0 0 0 0 0 0 0 0 0 0 0 0 0 0 0 1 0 0 0 0 7 0 0 0 0 12 0 0 0 0 0 0 0 0 0 0 0 0 2 0 0 0 0 0 0 0 0 1 0 0 0 0 0 0 0 0 0 0 0 0 0 0 0 0 0 0 0 0 1 0 0 0 0 0 0 0 2 1 0 1 0 0 0 0 5 2 0 1 0 0 0 0 0 3 3 0 0 0 0 0 0 0 0 0 0 0 0 0 0 0 1 0 0 0 0 0 0 0 1 0 3 0 1 0 0 0 0 196 0 0 0 0 0 0 4 0 0 0 0 0 1 0 0 0 0 0 1 0 2 1 0 0 0 0 4 0 0 0 0 1 0 0 0 0 0 0 0 0 1 0 0 0 0 0 0 0 0 0 0 0 0 0 1 10 0 0 0 0 0 0 6 0 0 0 1 0 4 0 0 7 0 0 0 0 0 0 0 0 0 3 0 0 0 0 0 0 0 0 0 0 0 0 0 0 0 0 2 0 0 0 0 0 0 0 0 0 0 0 0 0 0 0 0 0 3 0 0 0 1 0 1 0 
43 290 0 0 0 0 0 0 0 0 0 0 0 0 0 0 0 0 0 0 0 0 10 0 0 0 0 12 0 0 0 0 0 0 1 0 0 0 0 0 0 0 0 0 0 0 0 0 0 3 0 0 0 0 0 0 0 0 0 0 0 0 0 1 0 0 1 0 0 0 1 0 0 0 0 0 0 0 0 1 0 2 0 0 0 1 0 1 0 1 0 0 0 0 0 0 13 0 0 0 0 0 0 0 0 0 0 0 0 0 0 0 0 0 3 0 0 0 0 0 0 1 0 0 2 0 0 0 0 156 0 0 0 0 0 1 2 0 0 0 0 0 3 1 0 0 0 0 1 0 0 2 1 0 3 0 0 0 0 0 0 0 0 1 0 0 0 0 0 0 0 0 1 0 0 0 0 0 0 0 0 0 0 0 0 2 0 0 0 0 0 0 2 0 1 0 0 0 2 0 0 26 0 0 0 0 0 0 0 2 0 9 0 0 1 0 0 0 0 0 0 0 0 0 0 0 0 0 0 0 0 0 0 0 0 0 0 0 0 0 0 0 4 0 0 0 3 2 2 3 1 2 0 0 
44 222 0 0 0 1 0 0 0 0 0 0 0 0 0 0 0 0 0 0 0 0 18 0 0 0 0 8 0 0 0 0 0 0 0 1 0 0 0 0 1 0 0 1 0 0 0 0 0 2 0 0 0 0 0 0 0 0 0 0 1 0 0 1 0 0 1 0 0 0 2 0 0 0 0 0 0 0 2 0 0 1 0 0 0 0 0 9 0 3 1 0 0 0 0 1 5 0 0 0 0 0 0 0 0 0 0 0 0 0 0 0 0 0 1 0 0 0 0 0 0 0 2 0 7 0 0 0 0 81 0 0 0 0 0 2 4 0 0 0 0 0 0 0 0 0 0 0 0 0 0 0 10 0 5 0 4 0 0 0 0 0 0 0 0 0 0 0 0 0 0 0 0 0 0 0 0 0 0 0 0 1 0 0 1 9 0 0 0 0 0 0 5 0 1 0 0 0 0 0 0 16 0 0 0 0 0 0 0 0 0 2 0 0 0 0 0 0 0 0 0 0 0 0 0 0 0 0 1 0 0 0 0 0 1 0 0 1 0 0 0 0 2 1 0 0 1 0 0 2 0 0 0 0 
45 180 0 0 0 0 0 0 0 0 0 0 0 0 0 0 0 0 0 1 0 0 12 0 0 0 0 16 0 0 0 0 0 0 1 0 0 0 0 0 0 0 0 0 0 0 0 0 0 0 0 0 0 0 0 0 0 0 0 0 0 0 0 0 0 0 0 0 0 0 2 0 0 0 1 0 0 0 4 0 0 0 0 0 0 0 0 2 0 4 0 0 0 0 0 1 3 0 0 0 0 0 0 0 0 0 0 0 0 0 3 0 0 0 0 0 0 0 0 0 0 1 1 1 4 0 0 0 0 58 0 0 0 0 0 1 3 0 0 0 0 0 2 0 0 0 0 0 0 0 1 1 2 0 5 0 3 0 0 0 0 0 0 0 0 0 0 0 0 0 0 0 3 0 0 0 0 0 0 0 0 2 0 0 0 5 0 0 0 0 0 0 6 0 0 0 0 1 2 0 0 14 0 0 0 0 0 0 0 2 0 2 0 0 0 0 0 0 0 0 1 0 0 0 0 0 0 0 1 0 0 0 0 0 0 0 0 0 0 0 0 0 4 0 0 0 2 0 0 0 0 0 0 0 
46 162 0 0 0 0 0 0 0 0 0 0 0 0 0 0 0 0 0 0 0 0 24 0 0 0 0 19 0 0 0 0 0 0 0 0 0 0 0 0 0 0 0 3 0 0 0 0 0 2 0 0 0 0 0 0 0 0 0 0 0 0 1 1 0 0 2 0 0 0 0 0 0 0 0 0 0 0 0 0 0 0 0 0 0 0 2 3 0 2 0 0 0 0 0 1 1 0 0 0 0 0 0 0 0 0 0 0 0 0 0 0 0 0 0 0 0 0 0 0 0 0 2 0 3 0 0 0 0 38 0 0 0 0 0 0 2 0 0 0 0 0 4 0 0 0 0 0 0 0 2 0 10 0 1 0 3 0 0 0 0 0 0 0 0 0 0 0 0 0 0 0 0 0 0 0 0 0 0 0 0 4 0 0 0 0 0 0 0 0 0 0 2 0 0 0 0 0 0 0 0 15 1 0 0 0 0 0 0 0 0 5 0 0 0 0 0 0 0 0 0 0 0 0 0 0 0 0 0 0 0 0 0 0 0 0 0 0 0 0 0 0 2 0 0 0 2 2 0 0 1 1 0 0 
47 176 0 0 0 0 0 0 0 0 0 0 0 0 0 0 0 0 0 0 0 0 21 0 0 0 0 7 0 0 0 0 0 0 2 0 0 0 0 0 0 0 0 1 0 0 0 0 0 4 0 0 0 0 0 0 0 0 0 0 0 0 0 0 0 0 2 0 0 0 0 0 0 0 0 0 0 0 0 1 0 1 0 0 0 0 3 2 1 0 0 0 0 1 0 0 0 0 0 0 0 0 0 0 0 0 0 0 0 0 0 0 0 0 0 0 0 0 0 0 0 0 3 0 1 0 0 0 0 44 0 0 0 0 0 2 3 0 0 0 0 0 2 1 0 0 0 0 0 0 0 3 11 0 2 0 0 0 0 0 0 0 0 0 0 0 0 0 0 0 0 0 0 0 0 0 0 0 0 0 0 3 0 0 1 9 0 0 0 0 0 0 4 0 0 0 0 0 2 0 0 19 0 0 0 0 0 0 0 0 0 2 0 0 0 0 0 0 0 0 1 0 0 0 0 0 0 0 0 0 0 0 0 0 0 0 0 0 0 0 0 0 4 0 0 0 1 0 0 1 5 0 0 0 
48 139 0 0 0 0 0 0 0 0 0 0 0 0 0 0 0 0 0 0 0 0 14 0 0 0 0 13 0 0 0 0 0 0 0 0 0 0 0 0 1 0 0 0 0 0 0 0 0 0 0 0 0 0 0 0 0 0 0 0 0 0 0 0 0 0 0 0 0 0 0 0 0 0 0 0 0 0 0 3 0 0 0 0 0 0 1 1 0 1 1 0 0 0 0 0 0 0 0 0 0 0 0 0 0 0 0 0 1 0 0 0 0 0 0 0 0 0 0 0 0 0 1 2 0 0 0 0 0 32 0 0 0 0 0 0 5 0 0 0 0 0 0 0 0 0 0 0 0 0 0 0 11 0 4 0 5 0 0 1 0 0 0 0 0 0 0 0 0 0 0 0 0 0 0 0 0 0 0 0 0 0 0 0 0 0 0 0 0 0 0 0 2 0 0 0 0 1 1 0 0 20 0 0 0 0 0 0 0 3 0 1 0 0 0 0 0 0 0 0 0 0 0 0 0 0 0 0 1 0 0 0 0 0 0 0 0 0 0 0 0 0 3 0 0 0 2 0 0 0 3 1 0 0 
49 132 0 0 0 0 0 0 0 0 0 0 0 0 0 0 0 0 0 0 0 0 12 0 0 0 0 15 0 1 0 0 0 0 0 0 0 0 0 0 0 0 0 1 0 0 0 0 0 0 0 0 0 0 0 0 0 0 0 0 0 0 0 0 0 0 0 0 0 0 0 0 0 0 0 0 0 0 0 2 0 0 0 0 0 0 1 0 0 0 1 0 0 0 0 0 2 0 0 0 0 0 0 0 0 0 0 0 1 0 0 0 0 0 0 0 0 0 0 0 0 0 0 0 0 0 0 0 0 35 0 0 0 0 0 0 1 0 0 0 0 0 0 0 0 0 0 0 0 0 0 1 12 0 3 0 2 0 0 0 0 0 0 0 0 0 0 0 0 0 0 0 0 0 0 0 0 0 0 0 0 0 0 0 0 1 0 0 0 0 0 1 3 0 0 0 0 0 0 0 0 26 0 0 0 0 0 0 0 0 0 0 0 0 0 0 0 0 0 0 0 0 0 0 0 0 0 0 0 0 0 0 0 0 0 0 0 0 0 0 0 0 2 1 0 0 3 0 0 0 2 1 0 0 
50 151 0 0 0 0 0 0 0 0 0 0 0 0 0 0 0 1 0 0 0 0 12 0 0 0 0 12 0 0 0 0 0 0 0 0 0 0 0 0 0 0 1 1 0 0 0 0 0 0 0 0 0 0 0 0 0 0 0 0 0 0 0 0 0 0 0 0 0 0 0 0 0 0 0 0 0 0 0 1 0 0 0 0 0 0 2 0 1 0 0 0 0 0 0 0 1 0 0 0 0 0 0 0 0 0 0 0 1 0 1 0 0 0 0 0 0 0 0 0 0 1 3 0 0 0 0 0 0 34 0 0 0 0 0 1 3 0 0 0 0 0 0 0 0 0 0 0 0 0 0 0 8 0 5 0 3 0 0 0 0 0 0 0 1 0 0 0 0 0 0 0 0 0 0 0 0 0 0 0 0 1 0 0 0 0 0 0 0 0 0 0 10 0 0 0 0 1 1 0 0 21 0 0 0 0 0 0 0 0 0 2 0 0 0 0 0 0 0 0 0 0 0 0 0 0 0 0 0 0 0 0 0 0 0 0 0 0 0 0 0 0 4 4 0 0 5 0 0 0 3 2 0 0 
51 169 0 0 0 0 0 0 0 0 0 0 0 0 0 0 0 0 0 0 0 0 10 0 0 0 0 13 0 0 0 0 0 0 1 0 0 0 0 0 0 0 0 3 0 0 0 0 0 0 0 0 0 0 0 0 0 0 0 0 0 0 0 0 0 0 1 2 0 0 1 0 0 0 0 0 0 0 0 1 0 0 0 0 0 0 1 1 0 0 1 0 0 0 0 1 1 0 0 0 0 0 0 0 0 0 0 0 0 0 0 0 0 0 0 0 0 0 0 0 0 0 3 0 1 0 0 0 0 41 0 0 0 0 0 1 1 0 0 0 0 0 1 1 0 0 0 0 0 0 0 1 9 0 4 0 5 0 0 0 0 0 0 0 0 0 0 0 0 0 0 0 0 0 0 0 0 0 0 0 0 0 0 0 0 0 0 0 0 0 0 0 12 0 0 0 0 0 0 0 0 25 1 0 0 1 0 1 0 2 0 0 0 0 0 0 0 0 0 0 1 0 0 0 0 0 0 0 0 0 0 0 0 0 0 1 0 0 0 0 0 0 2 5 0 0 5 0 0 0 4 1 0 0 
52 186 0 0 0 0 0 0 0 0 0 0 0 0 0 0 0 0 0 0 0 0 12 0 0 0 0 17 0 0 0 0 0 0 0 1 0 0 0 0 0 0 0 1 0 0 0 0 0 1 0 0 0 0 0 0 0 0 0 0 0 0 0 3 0 0 1 1 0 0 0 0 0 0 0 0 0 0 0 4 0 2 0 0 0 0 1 1 2 0 1 0 0 0 0 0 1 0 0 0 0 0 0 0 0 0 0 0 0 0 0 0 0 0 0 0 0 0 0 0 0 5 2 0 0 0 0 0 0 53 0 0 0 0 0 1 6 0 0 0 0 0 0 0 1 0 0 0 0 0 0 0 8 0 3 0 4 0 0 0 0 0 0 0 0 0 0 0 0 0 0 0 0 0 0 0 0 0 0 0 0 3 0 0 0 1 0 0 0 0 0 0 3 1 0 0 0 0 4 0 0 26 0 0 0 1 0 0 0 1 0 1 1 0 0 0 0 0 0 0 0 0 0 0 0 0 0 0 0 0 0 0 0 0 0 0 0 0 0 0 0 0 4 1 0 0 1 0 0 0 3 1 0 0 
53 217 0 0 0 0 0 0 0 0 0 0 0 0 0 0 0 0 0 0 0 0 8 0 0 0 0 12 1 0 0 0 0 0 1 0 0 0 0 0 0 0 0 3 0 0 0 0 0 0 0 0 0 0 0 0 0 0 0 0 0 0 1 0 0 0 1 0 0 0 0 0 0 0 0 0 0 0 1 0 0 0 0 0 0 0 1 4 0 0 0 0 0 0 0 0 0 0 0 0 0 0 0 0 0 0 0 0 0 0 0 0 1 0 0 0 0 0 0 0 0 4 0 1 0 0 0 0 0 100 0 0 0 0 0 2 7 0 0 0 0 0 0 0 1 0 0 0 0 0 0 0 10 0 0 0 1 0 0 0 0 0 0 0 0 0 0 0 0 0 0 0 0 0 0 0 0 0 0 0 0 0 0 0 1 0 0 0 0 0 0 0 6 0 0 0 0 0 3 0 0 19 0 0 0 0 0 0 0 1 0 1 0 0 0 0 0 0 0 0 3 0 0 0 0 0 0 0 0 0 0 0 0 0 0 0 0 0 0 0 0 0 5 1 2 0 6 0 0 0 2 0 0 0 
54 273 0 0 0 0 0 0 1 0 0 0 0 0 0 0 0 0 0 0 0 0 6 0 0 0 0 13 0 0 0 1 0 0 0 0 0 0 0 0 0 0 0 4 0 0 0 0 0 1 0 0 0 0 0 0 0 0 0 0 0 0 0 1 0 0 0 0 0 0 0 0 0 0 0 0 0 0 1 4 0 1 0 0 0 1 0 1 0 2 1 0 0 0 0 0 0 0 0 0 0 0 0 0 0 0 0 0 0 0 0 0 1 0 0 0 0 0 0 0 0 3 3 0 0 0 0 0 0 163 0 0 0 0 0 0 7 0 0 0 0 0 1 0 0 0 0 0 0 0 1 0 4 0 2 0 1 0 0 0 0 0 0 0 0 0 0 0 0 0 0 0 1 0 0 0 0 0 0 0 0 0 2 0 0 0 0 0 0 0 0 1 5 0 0 0 0 0 3 0 1 14 0 0 0 0 0 0 0 0 0 4 0 0 0 0 0 0 0 1 1 0 0 0 0 0 0 0 2 0 0 0 0 0 0 0 0 0 0 0 0 0 0 1 0 0 6 1 0 0 3 3 0 0 
55 922 0 2 0 1 0 0 1 0 0 0 0 0 0 0 0 0 0 1 0 0 14 0 0 0 0 43 0 0 0 0 0 0 1 2 0 0 0 0 1 0 0 8 0 0 0 0 0 2 0 0 0 0 0 0 0 0 0 0 0 0 1 1 0 0 0 0 0 0 0 0 0 0 0 0 0 0 1 9 0 1 0 0 0 5 0 11 0 1 1 0 0 0 1 0 13 0 0 0 0 0 0 0 0 0 0 0 0 0 0 0 4 0 0 0 0 0 0 0 0 3 3 0 4 0 0 0 0 463 0 0 0 0 0 2 7 1 0 0 0 0 1 2 0 0 0 0 0 0 1 1 27 1 10 0 0 0 0 0 2 1 0 0 0 0 0 0 0 0 0 0 3 0 0 0 0 0 0 0 0 2 0 0 1 0 0 0 0 0 0 1 9 1 1 0 0 0 6 0 0 196 0 0 0 1 0 0 0 1 0 6 1 0 0 0 0 0 0 0 4 0 0 0 0 0 0 0 1 0 0 0 0 0 0 0 0 0 0 0 1 0 2 2 1 0 12 0 1 0 9 2 0 0 
56 658 0 0 0 0 0 0 0 0 0 1 0 0 0 0 0 0 0 0 0 0 10 0 0 0 0 35 0 3 0 0 0 0 1 1 0 0 0 0 6 0 0 8 0 0 0 0 0 3 0 0 0 0 0 0 1 0 0 0 1 0 0 2 0 0 0 0 0 0 0 0 0 0 0 0 0 0 2 10 0 1 0 0 0 0 1 14 0 1 0 0 0 1 0 1 8 0 0 0 0 0 0 0 0 0 0 0 0 0 0 0 0 0 0 0 0 0 0 0 0 2 4 0 10 0 0 1 0 364 0 0 0 0 0 5 9 0 0 0 0 0 0 1 0 0 0 0 0 0 1 1 34 0 7 0 3 0 0 0 2 0 0 0 0 0 0 0 0 0 0 0 4 0 0 0 0 0 0 0 0 3 0 1 0 0 0 0 0 0 0 1 7 0 0 0 0 0 9 0 0 19 0 0 0 2 0 1 0 4 0 5 1 0 1 0 0 0 0 0 5 0 0 0 0 0 0 0 0 0 0 0 0 0 0 0 0 0 0 0 0 0 3 2 0 0 19 0 1 0 7 3 0 0 
57 568 0 1 0 0 0 0 1 0 0 0 0 0 0 0 0 0 0 0 0 0 6 0 0 0 0 30 0 0 0 0 0 0 0 1 0 0 0 0 0 0 0 4 0 0 0 0 0 5 0 0 0 0 0 0 0 1 0 0 0 0 0 0 0 0 0 0 0 0 0 0 0 0 0 0 0 0 1 6 0 1 0 0 0 1 2 9 0 2 0 0 0 0 0 0 10 0 0 0 0 0 1 0 0 0 0 0 0 0 0 0 1 0 0 0 0 0 0 0 0 4 1 0 2 0 0 1 0 339 0 0 0 0 0 3 6 0 0 0 0 0 0 1 0 0 0 0 1 0 1 0 20 0 5 0 2 0 0 0 0 3 0 0 0 0 0 0 0 0 0 0 2 0 0 0 0 0 0 0 0 1 1 0 0 0 0 0 0 0 0 0 21 0 0 0 0 0 2 0 0 15 0 0 0 0 0 0 0 3 1 6 0 0 0 0 0 0 0 0 3 0 0 0 0 0 0 0 1 0 0 0 0 0 0 0 0 0 0 0 0 0 1 2 1 0 9 2 1 3 8 1 0 0 
58 685 0 0 0 1 0 0 1 0 0 0 0 0 0 0 0 0 0 0 0 0 30 0 0 0 0 39 0 0 0 0 0 0 2 0 0 0 0 0 3 0 0 5 0 0 0 0 0 4 0 0 0 0 0 0 0 0 0 0 1 0 1 0 0 0 0 0 0 0 1 0 0 0 0 0 0 0 1 12 0 0 0 0 0 0 0 8 0 3 2 0 0 0 0 0 9 0 0 0 0 0 0 0 0 0 0 0 1 0 0 0 1 0 3 0 0 0 0 0 0 7 0 0 2 0 0 1 0 356 0 0 0 0 0 8 14 0 0 0 0 0 1 0 0 0 0 0 1 0 2 0 25 0 14 0 3 0 0 0 0 0 0 0 0 0 0 0 0 0 0 0 0 0 0 0 0 0 0 0 0 2 0 0 0 13 0 0 0 0 0 0 13 0 0 0 0 0 5 0 0 20 2 0 0 0 0 1 0 0 0 9 0 0 0 0 0 0 0 0 6 0 0 0 0 0 0 0 2 0 0 0 0 0 0 1 0 0 0 0 0 0 8 1 1 0 23 1 1 0 6 2 0 0 
59 632 0 0 0 0 0 0 1 0 0 0 1 0 0 0 0 0 0 0 0 0 17 0 0 0 0 32 0 0 0 0 0 0 1 0 0 0 0 0 2 0 0 8 0 0 0 0 0 7 0 0 0 0 0 0 1 1 0 0 0 0 1 1 0 0 1 0 0 0 0 0 0 1 0 0 0 0 4 20 0 1 0 0 0 0 5 6 0 8 1 0 0 0 0 1 8 0 0 0 0 0 0 0 0 0 0 0 0 0 0 0 2 0 0 0 0 0 0 0 0 6 0 0 4 0 0 0 0 310 0 0 0 0 0 3 7 0 0 0 0 0 3 1 0 0 0 0 0 0 1 0 22 0 8 0 2 0 0 0 2 0 0 0 0 0 0 0 0 0 0 0 0 0 0 0 0 0 0 0 1 3 0 0 0 14 0 0 0 0 0 0 13 0 0 0 0 1 3 0 0 23 0 0 0 0 0 2 0 3 0 10 3 0 0 0 1 0 0 0 3 0 0 0 0 0 0 0 0 0 0 0 0 0 0 0 0 0 0 0 0 0 7 2 1 0 26 1 0 0 5 5 0 0 
60 615 0 0 0 0 0 0 2 0 0 0 0 0 0 0 0 0 0 0 0 0 25 0 0 0 0 32 0 0 0 0 0 0 0 0 0 0 0 0 2 0 0 4 0 0 0 1 0 11 0 0 0 0 0 1 0 0 0 0 1 0 0 2 0 0 0 0 0 0 0 0 0 0 0 0 0 0 1 19 0 1 0 0 0 0 2 4 0 2 0 0 0 0 1 0 13 0 0 0 0 0 0 0 0 0 0 0 0 0 0 0 7 0 0 0 0 0 0 0 0 4 3 0 3 0 0 0 0 319 0 0 0 0 1 5 9 0 0 0 0 0 1 0 0 0 0 0 0 0 0 1 15 0 16 0 7 0 0 0 2 0 0 0 0 0 0 0 0 0 0 0 0 0 0 0 0 0 0 0 0 1 0 0 0 1 0 0 0 0 0 1 10 0 0 0 0 0 6 0 0 23 0 0 0 0 0 0 0 0 0 7 0 0 0 0 0 0 0 0 3 0 0 0 0 0 0 0 0 0 0 0 0 0 0 0 0 0 0 0 0 0 9 2 1 0 18 2 1 2 6 1 0 0 
61 600 0 0 0 0 0 0 0 0 0 0 0 0 0 0 0 0 0 0 0 0 26 0 0 0 0 19 0 0 0 0 0 0 0 0 0 0 0 0 1 0 0 4 0 0 0 0 0 13 0 0 0 0 0 1 0 0 0 0 0 0 2 3 0 0 0 0 0 0 0 0 0 0 0 0 0 0 0 19 0 1 0 0 0 0 1 5 0 2 3 0 0 0 1 1 9 0 0 0 0 0 1 0 0 0 0 0 0 0 0 0 0 0 0 0 0 0 0 0 0 6 4 1 5 1 0 0 0 258 0 0 0 0 1 4 13 0 0 0 0 0 3 0 0 0 0 0 0 0 0 1 57 0 4 0 2 0 0 0 1 1 0 0 0 0 0 0 0 0 0 0 2 0 0 0 1 0 0 0 0 1 0 0 0 16 0 0 0 0 0 1 14 0 0 0 0 1 3 0 1 30 0 0 0 0 0 1 0 3 0 5 0 0 1 0 0 0 0 0 2 0 0 1 0 0 0 0 0 0 0 0 0 0 0 1 0 0 0 0 0 0 2 0 0 0 16 2 0 3 10 2 0 1 
62 622 0 0 0 0 0 0 0 0 0 0 0 0 0 0 0 1 0 1 0 0 19 0 0 0 0 19 0 0 0 0 0 0 2 0 0 0 0 0 1 0 0 3 0 0 0 0 0 12 0 0 0 0 0 0 0 0 0 0 0 0 0 1 0 0 1 0 0 0 0 0 0 0 1 0 0 2 3 7 0 5 0 0 0 0 0 12 1 0 0 0 0 0 0 5 12 0 0 0 0 0 0 0 0 0 0 0 0 0 0 0 6 0 1 0 0 0 0 0 0 4 1 0 2 0 0 0 0 329 0 0 0 0 0 5 6 0 0 0 0 0 1 0 0 0 0 0 1 0 1 0 28 0 5 0 4 0 0 0 0 0 0 0 1 0 0 0 0 0 0 0 2 0 0 0 0 0 0 0 0 1 0 0 0 6 0 0 0 0 0 1 11 0 1 0 0 0 8 0 0 26 0 0 0 0 0 0 0 3 0 11 0 0 0 0 0 0 0 0 5 0 0 0 0 0 0 0 0 0 0 0 0 0 0 0 0 0 0 0 0 0 4 2 0 0 17 2 3 3 5 4 0 0 
63 629 0 0 0 0 0 0 0 0 0 0 0 0 0 1 0 0 0 0 0 0 32 0 0 0 0 20 0 0 0 0 0 0 0 0 0 0 0 0 0 0 0 1 0 0 0 0 1 6 0 0 0 0 0 2 0 0 0 0 2 0 0 1 0 0 0 0 0 0 0 0 0 0 0 0 0 0 2 8 0 5 0 0 0 0 1 6 0 5 4 0 0 0 0 0 19 0 0 0 0 0 0 0 0 0 0 0 0 0 2 1 2 0 0 0 0 0 0 0 0 4 1 0 3 0 0 0 0 334 0 0 0 0 0 5 10 0 0 0 0 0 0 1 0 0 0 0 1 0 2 2 18 0 8 0 1 0 0 0 1 1 0 1 0 0 0 0 0 0 0 0 0 0 0 0 0 1 0 0 0 1 0 0 0 11 0 0 0 0 0 1 10 0 0 0 0 0 1 0 0 41 1 0 0 0 0 0 0 1 0 6 0 0 0 0 0 0 0 0 2 0 0 0 0 0 0 0 1 0 0 0 0 0 0 0 0 0 0 0 0 0 4 0 2 0 21 0 1 1 6 0 1 0 
64 389 0 0 0 0 0 0 1 0 0 0 0 0 0 0 0 0 0 0 0 0 23 0 0 0 0 11 0 0 0 0 0 0 1 0 0 0 0 0 0 0 0 1 0 0 0 1 0 2 0 0 0 0 0 0 0 0 0 0 1 0 1 0 0 0 0 0 0 0 0 0 0 0 0 0 0 1 2 1 0 1 0 0 0 0 3 2 0 3 1 0 0 0 0 0 10 0 0 2 0 0 1 0 0 0 0 0 0 0 0 0 1 0 0 0 0 0 0 0 0 3 2 0 1 0 0 0 0 198 0 0 0 0 0 4 4 1 0 0 0 0 0 0 0 0 0 0 1 0 1 0 22 0 5 0 5 0 0 0 0 1 0 0 0 0 0 0 0 0 0 0 0 0 0 0 0 0 0 0 0 1 0 0 1 0 0 0 0 0 0 3 8 0 0 0 0 0 1 0 1 26 0 0 0 0 0 1 0 0 0 5 0 0 0 0 0 0 0 0 0 0 0 0 0 0 0 0 0 0 0 0 0 0 0 0 0 0 0 0 0 0 2 0 0 0 13 0 2 1 3 0 0 0 
65 559 0 1 0 1 0 0 3 0 0 0 0 0 0 0 0 0 0 0 0 0 32 0 0 0 0 30 0 0 0 0 0 0 0 0 0 0 0 0 3 0 0 4 0 0 0 1 0 5 0 0 0 0 0 1 0 1 0 0 0 0 0 1 0 0 1 0 0 0 0 0 0 0 0 0 0 2 0 4 0 4 0 0 0 1 4 14 1 3 0 0 0 0 1 2 12 0 0 0 0 0 0 0 0 0 0 0 0 0 0 0 2 0 0 0 0 0 0 0 1 3 3 0 5 0 0 1 0 256 0 0 0 0 0 6 4 0 0 0 0 0 2 0 0 0 0 0 0 0 1 0 16 0 1 0 9 0 0 0 0 0 0 1 0 0 0 0 0 0 0 0 1 0 0 0 0 0 0 0 1 0 0 0 1 1 0 0 0 1 0 4 17 0 0 0 0 0 3 0 0 29 0 0 0 1 0 0 0 1 0 13 0 0 0 0 0 0 0 0 0 0 0 0 0 0 0 0 3 0 0 0 0 0 0 1 0 0 0 0 0 0 5 0 1 0 18 1 2 0 4 4 0 0 
66 532 0 0 0 0 0 0 0 0 0 0 0 0 0 0 0 0 0 0 0 0 22 0 0 1 0 23 0 0 1 0 0 0 0 1 0 0 0 0 0 0 0 1 0 0 0 0 0 2 1 0 0 0 0 0 0 0 0 0 0 0 0 0 0 0 2 0 0 0 2 0 0 0 0 0 0 2 2 4 0 2 0 0 0 0 2 4 1 2 1 0 0 1 0 2 17 0 1 1 0 0 0 1 0 0 0 0 0 0 0 0 2 0 0 0 0 0 0 0 0 1 4 0 11 0 0 0 0 262 0 0 0 0 0 3 9 0 0 0 0 0 4 0 0 0 0 0 0 0 1 2 20 0 11 0 9 0 0 0 3 0 0 0 0 0 0 0 0 0 0 0 1 0 0 0 0 0 0 0 0 0 0 0 0 5 0 0 0 0 0 0 8 0 0 0 0 0 8 0 0 29 0 0 0 0 0 0 0 3 0 11 0 0 0 0 0 0 0 0 0 0 0 0 1 0 0 0 2 0 0 0 0 0 0 0 0 0 0 0 1 0 6 0 0 0 10 0 0 0 1 0 0 0 
67 493 0 0 0 0 0 0 1 0 0 0 0 0 0 0 0 0 0 1 0 0 19 0 0 0 0 31 0 0 1 0 0 0 0 0 0 0 0 0 4 0 0 0 0 0 0 1 0 4 0 0 0 0 0 0 0 0 0 0 0 0 0 1 0 0 0 0 0 0 0 0 0 0 0 0 0 1 2 1 0 1 0 0 0 2 4 7 1 3 1 0 0 0 0 1 13 0 0 0 0 0 1 0 0 0 0 0 0 0 0 0 3 0 1 0 0 0 0 0 0 0 3 0 6 0 0 0 0 247 0 0 0 0 0 3 7 0 0 0 0 0 2 0 0 0 0 0 1 0 0 1 13 0 9 0 7 0 0 0 0 1 0 0 0 0 0 0 0 0 0 0 1 0 0 0 0 0 0 0 0 0 0 0 0 3 0 0 0 0 0 0 18 0 0 0 0 1 3 0 0 29 0 0 0 1 0 1 0 1 0 10 0 0 1 0 0 1 0 0 1 0 0 0 0 0 0 0 0 0 0 0 0 0 0 1 0 0 0 0 0 0 5 1 1 0 7 1 0 0 0 0 0 0 
68 465 0 0 0 0 0 0 1 0 0 0 0 0 0 0 0 0 0 0 0 0 22 0 0 1 0 26 0 0 0 0 0 0 1 1 0 0 0 0 2 0 0 2 0 0 0 0 0 4 0 0 0 0 0 0 0 0 0 0 0 0 0 0 0 0 2 0 0 0 1 0 0 0 0 0 0 1 3 0 0 1 0 0 0 5 1 14 0 4 0 0 0 0 0 1 12 0 0 0 0 0 1 0 0 0 0 0 0 0 0 0 2 0 0 0 0 0 0 0 0 0 2 0 7 0 0 0 0 179 0 0 0 0 0 7 4 0 0 0 0 0 4 0 0 0 0 0 1 0 0 3 29 0 6 0 2 0 0 0 2 2 0 0 0 0 0 1 0 0 0 0 2 0 0 0 0 0 0 0 0 0 0 0 0 0 0 0 0 0 0 0 15 0 0 0 0 0 4 0 0 42 0 0 0 0 0 0 0 0 0 2 0 0 1 0 0 0 0 0 1 0 0 0 0 0 0 0 2 0 0 0 0 0 0 1 0 0 0 0 0 0 4 1 0 0 13 0 1 1 10 1 1 0 
69 389 0 0 0 0 0 0 0 0 0 0 1 0 0 0 0 0 0 0 0 0 23 0 0 0 0 26 0 0 0 0 0 0 0 1 0 0 1 0 2 0 0 1 0 0 0 0 0 2 0 0 0 0 0 0 0 0 0 0 0 0 0 1 0 0 1 0 0 0 1 0 0 0 1 0 0 2 1 1 0 1 0 0 0 0 2 3 0 2 1 0 0 0 0 2 12 0 1 0 0 0 1 0 0 0 0 0 0 0 2 0 2 0 0 0 0 0 0 0 0 0 2 0 5 0 0 0 0 129 0 0 0 0 0 7 7 0 0 0 0 0 2 0 0 0 0 0 0 0 0 1 21 0 12 0 6 0 0 0 0 0 0 0 0 0 0 0 0 0 0 0 0 0 0 0 0 1 0 0 0 1 0 0 1 3 0 0 0 0 0 0 12 0 0 0 0 0 6 0 0 31 1 0 0 0 0 0 0 1 1 16 0 0 1 0 0 0 0 0 0 0 0 0 0 0 0 0 3 0 0 0 0 0 0 1 0 0 1 0 0 0 3 1 1 0 14 0 0 0 1 0 0 0 
70 324 0 0 0 0 0 0 0 0 0 0 0 0 0 0 0 0 0 0 0 0 17 0 0 0 0 16 0 0 0 0 0 0 0 0 0 0 0 0 1 0 0 4 0 0 0 0 0 2 0 0 0 0 0 0 0 0 0 0 0 0 0 2 0 0 3 0 0 0 0 0 0 0 1 0 0 0 3 1 0 1 0 0 0 0 5 6 3 3 1 0 0 0 0 0 3 0 0 0 0 0 0 0 0 0 0 0 0 0 0 0 0 0 0 0 0 0 0 0 0 1 3 0 2 0 0 0 0 96 0 0 0 0 0 2 7 0 0 0 0 0 3 2 0 0 0 0 1 0 0 1 28 0 6 0 5 0 0 0 0 0 0 0 1 0 0 0 0 0 0 0 0 0 0 0 0 0 0 0 0 1 0 0 0 0 0 0 0 1 0 2 16 0 0 0 0 0 5 0 0 44 0 0 0 0 0 0 0 0 0 7 0 0 0 0 0 0 0 0 0 0 0 0 0 0 0 0 0 0 0 0 0 0 0 1 0 0 0 0 0 0 2 1 0 0 6 0 0 0 1 1 1 0 
71 326 0 0 0 0 0 0 0 0 0 0 0 0 0 0 0 0 0 0 0 0 31 0 0 0 0 28 0 0 0 0 0 0 3 0 0 0 0 0 0 0 1 1 0 0 0 0 0 2 0 0 0 0 0 0 0 1 0 0 0 0 0 3 0 0 2 0 0 0 0 0 0 0 0 0 0 1 0 1 0 0 0 0 0 2 1 4 1 1 5 0 0 0 0 0 4 0 0 0 0 0 0 0 0 0 0 0 0 0 0 0 0 0 0 0 0 0 0 0 0 2 3 0 5 0 0 0 0 86 0 0 0 0 0 4 5 0 0 0 0 0 1 3 0 0 0 0 0 0 0 0 25 0 14 0 3 0 0 0 1 0 0 0 0 0 0 0 0 1 0 0 0 0 0 0 0 0 0 0 0 1 0 0 0 1 0 0 0 0 0 1 8 0 1 0 0 0 5 0 0 37 1 0 0 0 0 0 0 1 0 0 0 0 0 0 0 0 0 0 2 0 1 0 0 0 0 0 0 0 0 0 0 0 0 0 0 0 0 0 0 0 8 0 0 0 8 0 0 2 0 0 0 0 
72 338 0 0 0 0 0 0 0 0 0 0 0 0 0 0 0 0 0 0 0 0 31 0 0 0 0 32 0 2 0 0 0 0 0 0 0 0 0 0 0 0 0 8 0 0 0 0 0 0 0 0 0 0 0 0 0 0 0 0 0 0 0 3 0 0 12 0 0 0 0 0 0 0 0 0 0 0 0 5 0 1 0 0 0 0 0 4 0 0 1 0 0 0 0 0 2 0 0 0 0 0 0 0 0 0 0 0 0 0 1 0 0 0 0 0 0 0 0 0 0 0 6 1 4 0 0 0 0 79 0 0 0 0 0 2 7 0 0 0 0 0 0 3 0 0 0 0 0 0 0 2 19 0 8 0 4 0 0 0 0 0 0 2 0 0 0 0 0 0 0 0 0 0 0 0 0 0 0 0 0 0 0 0 0 3 0 0 0 0 0 0 14 0 0 0 0 0 6 0 0 43 1 0 0 0 0 1 0 0 0 2 1 0 0 0 0 0 0 0 3 0 0 0 0 0 0 0 0 0 0 0 0 0 0 0 0 0 0 0 0 0 3 3 0 0 7 0 0 0 5 3 0 0 
73 299 0 0 0 1 0 0 0 0 0 0 0 0 0 0 0 0 0 1 0 0 25 0 0 0 0 22 0 0 0 0 0 0 1 0 0 0 1 0 0 0 0 6 0 0 0 0 0 1 0 0 0 0 0 0 0 0 0 0 0 0 0 0 0 0 0 0 0 0 0 0 0 0 0 0 0 3 1 7 0 1 0 0 0 0 2 1 0 2 2 0 0 0 0 1 1 0 0 0 0 0 0 0 0 0 0 0 1 0 0 0 0 0 0 0 0 0 0 0 0 3 3 0 1 0 0 0 0 58 0 0 0 0 0 3 8 0 0 0 0 0 1 2 0 0 0 0 0 0 1 1 22 0 5 0 0 0 0 0 0 0 0 1 1 0 0 0 0 0 0 0 0 0 0 0 0 0 0 0 0 4 0 0 0 9 0 0 0 1 0 1 12 0 1 0 0 0 3 0 0 42 0 0 0 0 0 1 0 0 0 1 0 0 0 0 0 0 0 0 2 0 0 0 0 0 0 0 0 0 0 0 0 0 0 0 0 0 0 0 0 0 3 0 0 0 15 0 0 0 6 1 0 0 
74 308 0 1 0 0 0 0 0 0 0 0 0 0 0 0 0 0 0 0 0 0 30 0 0 0 0 20 0 0 0 0 0 0 0 0 0 0 0 0 0 0 0 18 0 0 0 0 0 1 0 0 0 0 0 0 0 0 0 0 0 0 0 1 1 0 1 0 0 0 0 0 0 0 0 0 0 0 0 6 0 1 0 0 0 0 0 1 0 0 2 0 0 0 0 1 3 0 0 0 0 0 0 0 0 1 0 0 1 0 0 0 0 0 1 0 0 0 0 0 0 0 5 3 1 0 0 0 0 61 0 0 0 0 0 0 7 0 0 0 0 0 1 0 0 0 0 0 0 0 3 2 28 0 5 0 2 0 0 0 0 0 0 0 0 0 0 0 0 0 0 0 0 0 0 0 0 0 0 0 0 1 0 0 0 0 0 0 0 0 0 0 13 0 0 0 0 0 5 0 0 53 0 0 0 0 0 0 0 0 0 1 1 0 0 0 0 0 0 0 1 0 0 0 0 0 0 0 0 0 0 0 0 0 0 0 0 0 0 0 0 0 2 2 0 0 10 0 0 1 3 0 0 0 
75 310 0 0 0 0 0 0 0 0 0 0 0 0 0 0 0 0 0 0 0 0 22 0 0 0 0 27 0 0 0 0 0 0 0 1 0 0 0 0 0 0 1 6 0 0 0 0 0 1 0 0 0 0 0 0 0 0 0 0 0 0 0 0 0 0 3 0 0 0 0 0 0 0 0 0 0 0 0 7 0 1 0 0 0 0 0 0 1 0 1 0 0 0 0 0 0 0 0 0 0 0 0 0 0 0 0 0 0 0 0 0 0 0 0 0 0 0 0 0 0 2 4 0 0 0 0 0 0 64 0 0 0 0 0 5 8 0 0 0 0 0 1 1 0 0 0 0 0 0 1 3 29 0 11 0 4 0 0 0 0 0 0 0 0 0 0 0 0 0 0 0 0 0 0 0 0 0 0 0 0 5 0 0 0 0 0 0 0 0 0 0 13 0 1 0 0 0 4 0 0 50 0 0 0 1 0 0 0 4 0 1 0 0 0 0 0 0 0 0 1 0 0 0 0 0 0 0 1 0 0 0 0 0 0 0 0 0 0 0 0 0 3 1 0 0 9 0 0 0 5 0 0 0 
76 353 0 0 0 2 0 0 0 0 0 0 0 0 0 0 0 0 0 0 0 0 25 0 0 0 0 34 0 0 0 0 0 0 0 1 0 0 1 0 0 0 0 3 0 0 0 0 0 0 0 0 0 0 0 0 0 0 0 0 0 0 0 2 0 0 0 0 0 0 0 0 0 0 0 0 0 0 1 6 0 0 0 1 0 0 0 4 1 2 0 0 0 0 0 0 1 0 0 0 0 0 0 0 0 0 0 0 0 0 0 0 0 0 1 0 0 0 0 0 0 6 7 0 0 0 0 0 0 88 0 0 0 0 0 5 6 0 0 0 0 0 0 0 0 0 0 0 0 0 0 0 18 0 10 0 4 0 0 0 0 0 0 0 0 0 0 0 0 0 0 0 0 0 0 0 0 0 0 0 0 3 0 0 0 0 0 0 0 0 0 1 15 1 1 0 0 0 9 0 0 41 0 0 0 0 0 0 0 5 0 3 0 0 0 0 0 0 0 0 3 0 0 0 0 0 0 0 0 0 0 0 0 0 0 1 0 0 0 0 0 0 4 3 0 0 15 0 0 0 3 3 0 0 
77 420 0 0 0 0 0 0 0 0 0 0 0 0 0 0 0 0 0 0 0 0 20 0 0 0 0 24 0 0 0 0 0 0 1 1 0 0 0 0 0 0 0 9 0 0 0 1 0 2 0 0 0 0 0 0 0 0 0 0 0 0 1 1 0 0 1 0 0 0 0 0 0 0 0 0 0 0 0 11 0 1 0 0 0 0 1 8 0 2 1 0 0 1 0 0 1 0 0 0 0 0 0 0 0 0 0 0 0 0 0 0 4 1 0 0 0 0 0 0 0 6 5 0 1 0 0 0 0 160 0 0 0 0 0 5 9 0 0 0 0 0 3 0 1 0 0 0 0 0 0 1 21 0 8 0 8 0 0 0 0 0 0 0 0 0 0 0 0 0 0 0 1 0 1 0 0 0 0 0 0 0 0 0 0 3 0 0 0 0 0 0 15 0 0 0 0 0 5 0 0 37 0 0 0 3 0 0 0 0 0 1 0 0 0 0 0 0 0 0 1 0 0 0 0 0 0 0 0 0 0 0 0 0 0 1 0 0 0 0 0 0 6 0 1 0 12 0 0 0 5 1 2 0 
78 528 0 0 0 0 0 0 0 0 0 0 0 0 0 0 0 1 0 0 0 0 15 0 0 0 0 32 0 0 0 0 0 0 1 0 0 0 0 0 0 0 0 6 0 0 0 0 0 0 0 0 0 0 0 0 0 0 0 0 0 0 0 0 1 0 0 0 0 0 1 0 0 0 0 0 0 0 2 10 0 0 0 0 0 0 0 10 0 4 2 0 0 0 1 1 6 0 0 0 0 0 0 0 0 0 0 0 0 0 0 0 4 0 1 0 0 0 0 0 0 1 1 0 3 0 0 0 0 267 0 0 0 0 0 1 8 0 0 0 0 0 5 0 0 0 0 0 0 1 1 0 37 0 4 0 5 0 0 0 0 0 0 0 0 0 0 0 0 0 0 0 5 0 0 0 0 0 0 0 0 1 0 0 0 6 0 0 0 0 0 1 9 0 0 0 0 1 3 0 0 31 0 0 0 1 0 0 0 0 0 4 0 0 2 0 0 0 0 0 3 0 0 0 0 0 0 0 0 0 0 0 0 0 0 1 0 0 1 0 0 0 7 1 0 0 9 0 1 0 3 0 0 0 
79 555 0 0 0 0 0 0 1 0 0 0 0 0 0 0 0 0 0 0 0 0 14 0 0 0 0 23 0 1 1 0 0 0 3 0 0 0 0 0 1 0 0 5 0 0 0 0 0 0 0 0 0 0 0 0 0 0 0 0 0 0 0 0 0 0 0 0 0 0 0 0 0 0 1 0 0 0 2 8 0 0 0 0 0 1 1 10 0 4 2 0 0 0 1 0 3 0 1 0 0 0 0 0 0 1 0 0 0 0 0 0 5 0 0 0 0 0 0 0 0 7 1 1 4 0 0 0 0 316 0 0 0 0 0 5 9 0 0 0 0 0 1 0 0 0 0 0 0 0 0 0 20 0 3 0 2 0 0 0 2 0 0 0 0 0 0 0 0 0 0 0 0 0 0 0 0 0 0 0 0 4 0 0 0 1 0 0 0 0 0 1 16 1 0 0 0 0 7 0 0 26 0 0 0 1 0 0 0 0 0 6 1 0 0 0 0 0 0 0 0 0 0 0 0 0 0 0 0 0 0 0 0 0 0 0 0 0 0 0 0 0 3 2 0 0 12 0 1 2 5 0 0 0 
80 630 0 2 0 0 0 0 0 0 0 0 0 0 0 0 0 0 0 0 0 0 19 0 0 0 0 28 0 0 0 0 0 0 0 0 0 0 0 0 0 0 0 8 0 0 0 0 0 4 0 0 0 0 0 0 0 0 0 0 1 0 1 1 0 0 0 0 0 0 0 0 0 0 0 0 0 0 3 12 0 0 0 0 0 0 2 9 2 3 1 0 0 0 0 0 12 0 0 0 0 0 0 0 0 0 0 0 1 0 0 0 8 0 1 0 0 0 0 0 0 4 2 0 5 0 0 0 0 293 0 0 0 0 0 5 14 0 0 0 0 0 1 0 1 0 0 0 0 0 1 0 59 0 11 0 1 0 0 0 5 0 0 0 0 0 0 0 0 0 0 0 1 0 0 0 0 0 0 0 0 0 0 1 0 0 0 0 0 0 0 0 16 0 0 0 0 0 4 0 0 31 0 0 0 0 0 0 0 4 0 5 2 0 0 0 0 0 0 0 6 0 0 0 0 0 0 0 0 0 0 0 0 0 0 0 0 0 1 0 0 0 5 3 1 0 12 2 2 2 5 2 0 0 
81 593 0 1 0 0 0 0 1 0 0 0 0 0 0 0 0 0 0 0 0 0 9 0 0 0 0 33 0 0 2 0 0 0 0 0 0 1 0 0 2 0 0 5 0 0 0 0 0 7 0 0 0 0 0 0 0 0 0 0 0 0 0 1 0 0 0 0 0 0 1 0 0 0 1 0 0 0 3 9 0 2 0 0 0 0 2 6 1 7 2 0 0 1 0 0 7 0 0 0 0 0 0 0 0 0 0 0 1 0 0 0 5 0 1 0 0 0 0 0 0 4 2 0 11 0 0 0 0 294 0 0 0 0 0 8 6 0 0 0 0 0 4 0 0 0 0 0 1 0 1 0 32 0 1 0 0 1 0 0 2 1 0 0 0 0 0 0 0 0 0 0 1 0 0 0 0 0 0 0 0 1 0 0 0 0 0 0 0 0 0 1 16 0 0 0 0 2 8 0 0 25 0 0 0 1 0 1 0 0 0 14 1 0 0 0 0 0 0 0 1 0 0 0 0 0 0 0 0 0 0 0 0 0 0 0 0 0 0 0 0 0 1 3 0 0 18 1 0 0 6 4 0 0 
82 615 0 0 0 0 0 0 0 0 0 0 0 0 0 0 0 1 0 0 0 0 9 0 0 0 0 36 0 0 2 0 0 0 0 0 0 0 0 0 3 0 0 4 0 0 0 0 0 2 0 0 0 0 0 1 0 0 0 0 1 0 0 1 0 0 0 0 0 0 1 0 0 0 0 0 0 0 2 16 0 1 0 0 0 0 2 6 0 3 1 0 0 0 0 0 6 0 0 0 0 0 0 0 0 0 0 0 0 0 0 0 4 0 0 0 0 0 0 0 0 5 2 0 3 0 0 0 0 335 0 0 0 0 0 1 7 0 0 0 0 0 1 1 0 0 0 0 1 0 2 0 21 0 7 0 1 0 0 0 0 0 0 1 0 0 0 0 0 0 0 0 0 0 0 0 0 0 0 0 0 2 0 0 0 8 0 0 0 0 0 1 14 0 0 0 0 2 8 0 0 25 0 0 0 0 0 1 0 0 0 11 0 0 0 0 0 1 0 0 2 0 0 0 0 0 0 0 0 0 0 0 0 0 0 0 0 0 0 0 0 0 2 1 0 0 20 1 3 0 11 1 0 0 
83 616 0 0 0 0 0 0 1 0 0 0 0 0 0 0 0 0 0 1 0 0 9 0 0 0 0 29 0 0 0 0 0 0 2 0 0 0 0 0 0 0 0 4 0 0 0 0 0 4 0 0 0 0 0 1 0 0 0 0 0 0 0 1 0 0 0 0 0 0 5 0 0 0 0 0 0 0 1 8 0 2 0 0 0 1 1 8 1 5 0 0 1 0 2 1 13 0 0 0 0 0 0 0 0 0 0 0 0 0 0 0 0 0 1 0 0 0 0 0 0 7 1 1 10 0 0 0 0 317 0 0 0 0 0 6 5 0 0 0 0 0 1 0 0 0 0 0 0 0 2 1 27 0 7 0 2 0 0 0 3 0 0 0 0 0 0 0 0 0 0 0 0 0 0 0 0 0 0 0 0 0 0 0 1 3 0 0 0 0 0 0 19 0 0 0 0 1 3 0 0 22 0 0 0 0 0 0 0 2 0 13 3 0 0 0 0 0 0 0 6 0 0 0 0 0 0 0 1 0 0 0 0 0 1 0 0 0 0 0 1 0 1 1 0 0 23 2 0 6 8 2 0 0 
84 486 0 0 0 0 0 0 1 0 0 0 0 0 0 0 0 0 0 0 0 0 10 0 0 0 0 29 0 0 0 0 0 0 0 1 0 0 0 0 3 0 1 6 0 0 0 0 0 3 0 0 0 0 0 0 0 0 0 0 0 0 0 0 0 0 0 0 0 0 2 0 1 0 0 0 0 0 1 16 0 1 0 0 0 2 3 7 0 2 0 0 0 0 0 1 11 0 0 0 0 0 0 0 0 0 0 0 0 0 0 0 0 0 0 0 0 0 0 0 0 6 1 0 3 0 0 0 0 232 0 0 0 0 0 4 8 0 0 0 0 0 1 0 0 0 0 0 1 0 2 0 17 0 11 0 1 0 0 0 0 0 0 0 0 0 0 0 1 0 0 0 3 0 0 0 0 0 0 0 0 2 1 0 0 4 0 0 0 0 0 0 14 0 0 0 0 0 5 0 0 15 0 0 0 2 0 1 0 0 0 11 0 0 0 0 0 0 0 0 1 0 0 0 0 0 0 0 0 0 0 0 0 0 1 1 0 0 0 0 0 0 2 0 0 0 23 1 0 1 5 1 0 0 
85 558 0 0 0 0 0 0 2 0 0 0 0 0 0 0 0 0 0 0 0 0 15 0 0 0 0 33 0 0 0 0 0 0 0 0 0 0 1 0 4 0 0 5 0 0 0 0 0 6 0 0 0 0 0 0 0 0 0 0 0 0 1 0 0 0 0 0 0 0 0 0 0 0 0 0 0 0 4 8 0 1 0 0 0 0 2 8 0 4 1 0 0 0 2 1 7 0 0 0 0 0 1 0 0 0 0 0 1 0 0 0 1 0 0 0 0 0 0 0 0 4 0 1 3 0 0 0 0 279 0 0 0 0 0 11 6 0 0 0 0 0 4 0 1 0 0 0 0 1 2 1 17 0 12 0 4 0 0 0 0 0 0 0 1 0 0 0 0 0 0 0 1 0 0 0 0 0 0 0 0 1 0 0 0 11 0 0 0 0 0 0 14 0 0 0 0 0 5 0 0 28 0 0 0 0 0 1 0 0 0 8 1 0 0 0 0 0 0 0 1 0 0 0 0 0 0 0 0 0 0 0 0 0 0 1 0 1 0 0 0 0 1 0 0 0 18 0 1 0 6 1 0 0 
86 556 0 0 0 0 0 0 0 0 0 0 0 0 0 0 0 0 0 0 0 0 29 0 0 0 0 23 0 0 0 0 0 0 1 0 0 0 0 0 2 0 0 5 0 0 0 1 0 6 0 0 0 0 0 0 0 0 0 0 0 0 0 1 0 0 2 0 0 0 2 0 0 0 0 0 0 5 2 11 0 1 0 0 0 0 0 7 1 7 1 0 0 1 0 2 9 0 0 0 0 0 0 0 1 1 0 0 0 0 0 0 4 0 0 0 0 0 0 0 0 4 4 0 5 0 0 0 0 238 0 0 0 0 0 7 10 1 0 0 0 0 4 1 0 0 0 0 1 0 1 0 16 0 8 0 3 0 0 0 1 1 0 0 0 0 0 0 0 0 0 0 0 0 0 0 0 0 0 0 0 2 0 0 1 4 0 0 0 0 0 1 7 0 0 0 0 1 3 0 0 37 0 0 0 0 0 1 0 3 0 20 1 0 0 0 0 0 0 0 4 0 0 0 0 0 0 0 1 0 0 0 0 0 2 1 0 0 0 0 0 0 2 0 1 0 16 1 2 1 7 2 1 0 
87 306 0 0 0 0 0 0 0 0 0 1 0 0 0 0 0 0 0 0 0 0 11 0 0 0 0 18 0 0 0 0 0 0 0 0 0 0 0 0 0 0 0 1 0 0 0 0 0 2 0 0 0 0 0 0 1 0 1 0 0 0 0 1 0 0 0 0 0 0 0 0 0 0 0 0 0 0 2 5 0 0 0 0 0 1 1 2 1 2 0 0 0 0 0 0 3 0 0 0 0 0 0 0 0 0 0 0 0 0 0 0 6 0 0 0 0 0 0 0 0 3 0 0 6 0 0 0 0 146 0 0 0 0 0 3 3 0 0 0 0 0 4 0 0 0 0 0 2 0 1 1 9 0 6 0 3 0 0 0 0 0 0 0 0 0 0 0 0 0 0 0 1 0 0 0 0 0 0 0 0 1 1 0 0 0 0 0 0 0 0 0 6 0 0 0 0 2 3 0 1 15 0 0 0 0 0 0 0 0 0 3 0 0 0 0 0 0 0 0 0 0 0 0 0 0 0 0 0 0 0 0 0 0 0 0 0 0 0 0 0 0 2 0 2 0 16 0 0 1 3 1 0 0 
88 290 0 0 0 0 0 0 1 0 0 0 0 0 0 0 0 0 0 0 0 0 15 0 0 0 0 9 0 0 0 0 0 0 0 0 0 0 0 0 0 0 0 0 0 0 0 0 0 3 0 0 0 0 0 0 0 0 0 0 0 0 1 0 0 0 0 0 0 0 0 0 0 0 0 0 0 0 0 4 0 2 0 0 0 0 0 5 0 1 0 0 0 0 0 0 7 0 0 0 0 0 0 0 0 0 0 0 0 0 1 0 7 0 0 0 0 0 0 0 0 0 0 0 5 0 0 0 0 158 0 0 0 0 0 3 0 0 0 0 0 0 2 0 0 0 0 0 0 0 2 0 11 1 1 0 2 0 0 0 0 0 0 1 0 0 0 0 0 0 0 0 0 0 0 0 0 0 0 0 0 5 0 0 0 2 0 0 0 0 0 0 3 0 0 0 0 0 3 0 0 19 0 0 0 0 0 0 0 1 0 5 0 0 0 0 0 0 0 0 1 0 0 0 0 0 0 0 0 0 0 0 0 0 0 0 0 0 0 0 0 0 1 0 0 0 3 1 0 0 2 1 0 0 
89 578 0 0 0 1 0 0 0 0 0 1 1 0 0 0 0 0 0 0 0 0 20 0 0 0 0 19 0 0 0 0 0 0 0 2 0 0 0 0 0 0 0 3 0 0 0 0 0 5 0 0 0 0 0 0 0 0 0 0 1 0 1 0 0 0 1 0 0 0 1 0 0 0 1 0 0 0 0 3 0 1 0 0 0 0 3 10 0 3 2 0 0 0 0 0 15 0 0 0 0 0 0 0 0 0 0 0 0 0 0 0 7 0 0 0 0 0 0 0 0 1 4 0 3 0 0 0 0 322 0 0 0 0 0 1 5 0 0 0 0 0 3 0 0 0 0 0 1 0 0 1 15 1 8 0 3 0 0 0 0 0 0 1 2 0 0 0 0 0 0 0 1 0 0 0 0 0 0 0 0 2 0 0 0 11 0 0 0 0 0 2 10 0 0 0 0 1 0 0 0 34 0 0 0 0 0 0 0 0 0 10 0 0 0 0 0 0 0 0 0 0 0 0 0 0 0 0 2 0 0 0 0 0 3 0 0 0 0 0 0 0 2 2 0 0 16 0 0 1 1 0 1 0 
90 606 0 1 0 1 0 1 0 0 0 0 0 0 0 0 0 0 0 0 0 0 28 0 0 0 0 28 0 1 0 0 0 0 0 0 0 0 0 0 0 0 0 2 0 0 0 0 0 4 0 0 0 0 0 0 0 1 0 0 0 0 0 0 0 0 3 0 0 0 0 0 0 0 0 0 0 1 1 1 0 1 0 0 0 1 4 5 0 1 3 0 0 0 0 2 10 0 0 0 0 0 1 0 0 0 0 0 0 0 0 0 10 0 1 0 0 0 0 0 0 0 8 0 12 0 0 1 0 312 0 0 0 0 0 4 7 0 0 0 0 0 1 0 0 0 0 0 1 0 0 0 19 0 4 0 9 0 0 0 0 0 0 3 1 0 0 0 0 0 0 0 1 0 0 0 0 0 0 0 0 3 0 0 1 22 0 0 0 0 0 1 7 0 0 0 0 0 8 0 0 35 1 0 0 0 0 1 0 1 0 9 0 0 0 0 0 0 0 0 0 0 0 0 0 0 0 0 1 0 0 0 0 0 2 0 0 0 0 0 0 1 3 0 0 0 3 1 1 0 1 3 0 0 
91 490 0 0 0 0 0 0 0 0 0 0 0 0 0 0 0 0 0 2 0 0 40 0 0 0 0 21 0 0 0 0 0 0 1 0 0 0 0 0 1 0 0 4 0 0 0 0 0 3 0 0 0 0 0 2 0 0 0 0 0 0 0 0 0 0 1 0 0 0 1 0 0 0 1 0 0 1 0 2 0 0 0 0 0 0 2 5 0 4 1 0 0 0 1 0 17 0 0 0 0 0 0 0 0 0 0 0 0 0 1 0 7 0 1 0 0 0 0 0 0 0 10 0 12 0 0 2 0 210 0 0 0 0 0 6 8 0 0 0 0 0 2 0 0 0 0 0 1 0 0 2 17 0 7 0 7 0 0 0 0 1 0 0 2 0 0 0 0 0 0 0 1 0 0 0 0 0 0 0 0 0 0 0 0 3 0 0 0 0 0 0 11 0 1 0 0 1 4 0 1 28 0 0 0 0 0 1 0 1 0 2 0 0 0 0 0 0 0 0 0 0 0 0 0 0 0 0 0 0 0 0 0 0 1 0 0 0 0 0 0 0 3 0 1 0 10 0 0 0 2 5 2 0 
92 461 0 0 0 0 0 0 1 0 0 0 0 0 0 0 0 0 0 0 0 0 31 0 0 0 0 20 0 1 0 0 0 0 1 0 0 0 0 0 1 0 0 1 0 0 0 0 0 6 0 0 0 0 0 0 0 0 0 0 0 0 0 1 0 0 1 0 0 0 2 0 0 0 0 0 0 1 1 2 0 1 0 0 0 0 2 4 0 9 0 0 0 0 0 0 24 0 0 0 0 0 0 0 0 0 0 0 0 0 0 0 10 0 0 0 0 0 0 0 0 1 11 0 8 1 0 0 0 165 0 0 0 0 0 4 5 1 0 0 0 0 0 0 0 0 0 0 1 0 1 1 17 0 9 0 1 0 0 0 0 0 0 1 0 0 1 0 0 0 0 0 0 0 0 0 0 0 0 0 0 1 0 0 2 3 0 0 0 1 0 0 14 0 0 0 0 1 8 0 0 39 1 0 0 3 0 0 0 0 0 8 0 0 0 0 0 0 0 0 1 0 0 0 0 0 0 0 1 0 0 0 0 0 3 0 0 0 0 0 0 0 4 4 0 0 9 0 2 0 0 2 0 0 
93 344 0 0 0 0 0 0 2 0 0 0 0 0 0 0 0 0 0 0 0 0 34 0 0 0 0 27 0 0 0 0 0 0 1 0 0 1 0 0 0 0 0 1 0 0 0 0 0 4 0 0 0 0 0 0 0 0 0 0 0 0 0 1 0 0 0 0 0 0 2 0 0 0 0 0 0 3 0 2 0 2 0 0 0 1 1 2 1 0 1 0 0 0 0 0 6 0 0 0 0 0 0 0 0 0 0 0 0 0 2 0 0 0 0 1 0 0 0 0 0 1 6 0 5 0 0 1 0 102 0 0 0 0 1 4 3 0 0 0 0 0 1 0 0 0 0 0 1 0 0 1 21 0 14 0 2 0 0 0 0 0 0 0 0 0 0 0 0 0 0 0 1 0 0 0 1 1 0 0 0 2 0 0 0 8 0 0 0 0 0 0 5 1 0 0 0 1 5 0 0 29 1 0 0 0 0 0 0 0 0 6 0 0 0 0 0 0 0 0 0 0 0 0 0 0 0 0 3 0 0 0 0 0 0 0 0 0 0 0 0 0 5 0 0 0 9 0 0 1 0 3 0 0 
94 348 0 0 0 0 0 0 0 0 0 0 0 0 0 0 0 0 0 0 0 0 32 0 0 0 0 21 0 0 1 0 0 0 0 0 0 0 0 0 0 0 0 1 0 0 0 0 0 5 0 0 0 0 0 0 0 0 0 0 0 0 0 3 0 0 2 0 0 0 0 0 0 0 0 0 0 0 0 1 0 2 0 0 0 0 4 7 1 2 0 0 0 1 0 0 5 0 0 0 0 0 0 0 0 0 0 0 0 0 0 0 0 0 0 0 0 0 0 0 0 0 5 0 1 0 0 0 0 77 0 0 0 0 0 6 6 0 0 0 0 0 0 0 0 0 0 0 1 0 2 0 16 0 8 0 3 0 0 0 0 0 0 0 2 0 0 0 0 0 0 0 0 0 0 0 0 0 0 0 0 0 0 0 0 20 0 0 0 0 0 1 16 0 0 0 0 0 3 0 0 46 2 0 0 0 0 0 0 1 0 8 0 0 0 0 0 0 0 0 1 0 0 0 0 0 0 0 0 0 0 0 0 0 0 0 0 0 0 0 0 0 23 1 0 0 4 0 0 2 0 1 0 0 
95 293 0 0 0 0 0 0 0 0 0 0 0 0 0 0 0 0 0 0 0 0 40 0 0 0 0 14 0 1 0 0 0 0 0 0 0 0 0 0 0 0 0 3 0 0 0 0 0 2 0 0 0 0 0 0 0 0 0 0 0 0 0 0 0 0 1 0 0 0 0 0 0 0 0 0 0 0 0 1 0 1 0 0 0 0 2 1 0 0 0 0 0 0 0 0 2 0 0 0 0 0 0 0 0 0 0 0 0 0 0 0 0 0 0 0 0 0 0 0 0 1 7 0 5 0 0 0 0 71 0 0 0 0 0 3 8 0 0 0 0 0 0 0 0 0 0 0 0 0 0 1 25 0 2 0 2 0 0 0 0 0 0 1 0 0 0 0 0 0 0 0 0 0 0 0 0 2 0 0 0 2 0 0 0 5 0 0 0 0 0 0 12 0 1 0 0 1 2 0 0 37 0 0 0 0 0 0 0 2 0 1 0 0 0 0 0 0 0 0 1 0 0 0 0 0 0 0 0 0 0 0 0 0 0 0 0 0 0 0 0 0 13 0 0 0 10 0 1 0 0 3 0 0 
96 363 0 0 0 0 0 0 1 0 0 0 0 0 0 0 0 0 0 0 0 0 45 0 0 0 0 21 0 0 0 0 0 0 0 1 0 0 0 0 0 0 0 1 0 0 0 1 0 3 0 0 0 0 0 0 0 0 0 0 0 0 0 2 0 0 4 0 0 0 1 0 0 0 0 0 0 1 0 2 0 1 0 0 0 0 0 2 0 0 0 0 0 0 0 0 13 0 0 0 0 0 0 0 0 0 0 0 0 0 0 0 0 0 0 0 0 0 0 0 0 3 6 0 1 0 0 0 0 61 0 0 0 0 1 1 7 0 0 0 0 0 0 0 0 0 0 0 0 0 1 3 13 0 9 0 3 0 0 0 0 0 0 0 0 0 0 0 0 0 0 0 0 0 0 0 0 0 0 0 0 0 0 0 0 22 0 0 0 0 0 0 10 0 2 0 0 0 3 0 0 71 0 0 0 0 0 1 0 1 0 4 0 0 0 0 0 0 0 0 1 0 0 0 0 0 0 0 0 0 0 0 0 0 0 2 0 0 1 0 0 0 9 1 0 0 17 0 0 0 6 1 0 0 
97 260 0 0 0 0 0 0 0 0 0 0 0 0 0 0 0 0 0 0 0 0 26 0 0 0 0 17 0 0 0 0 0 0 0 0 0 0 0 0 0 0 0 7 0 0 0 0 0 3 0 0 0 0 0 0 0 0 0 0 0 0 0 0 0 0 0 0 0 0 0 0 0 0 0 0 0 0 0 3 0 0 0 0 0 0 1 3 0 2 0 0 0 0 0 0 1 0 0 0 0 0 0 0 0 0 0 0 0 0 0 0 0 0 0 0 0 0 0 0 0 1 9 0 1 0 0 0 0 49 0 0 0 0 0 2 8 0 0 0 0 0 1 1 0 0 0 0 0 0 0 2 15 0 3 0 4 0 0 0 0 0 0 0 1 0 0 0 0 0 0 0 0 0 0 0 0 1 0 0 0 1 0 0 0 5 0 0 0 0 0 0 15 0 0 0 0 0 4 0 0 44 1 0 0 0 0 0 0 2 0 0 1 0 0 0 0 0 0 0 0 0 0 0 0 0 0 0 0 0 0 0 0 0 0 0 0 0 0 0 0 0 4 1 0 0 11 0 0 0 3 0 0 0 
98 290 0 0 0 0 0 0 0 0 0 0 0 0 0 0 0 0 0 0 0 0 38 0 0 0 0 13 0 0 0 0 0 0 0 1 0 0 0 0 0 0 0 1 0 0 0 1 0 0 0 0 0 0 0 0 0 0 0 0 0 0 0 1 0 0 4 0 0 0 0 0 0 0 0 0 0 1 1 5 0 0 0 0 0 0 1 2 0 0 1 0 0 0 0 0 0 0 0 0 0 0 0 0 0 0 0 0 0 0 0 0 0 0 0 0 0 0 0 0 0 2 5 0 2 0 0 0 0 55 0 0 0 0 1 3 7 0 0 0 0 0 1 0 0 0 0 0 0 0 1 0 22 0 9 0 1 0 0 0 1 0 0 1 0 0 0 0 0 0 0 0 2 0 0 0 0 0 0 0 0 2 0 0 0 0 0 0 0 0 0 0 9 0 0 0 0 0 4 0 0 42 1 0 0 1 0 0 0 0 0 2 2 0 0 0 0 0 0 0 3 0 0 0 0 0 0 0 1 0 0 0 0 0 0 1 0 0 0 0 0 0 4 2 0 0 15 0 1 0 9 0 0 0 
99 300 0 1 0 0 1 0 0 0 0 0 0 0 0 0 0 0 0 0 0 0 24 0 0 0 0 15 0 0 0 0 0 0 0 0 0 0 0 0 1 0 0 3 0 0 0 0 0 0 0 0 0 0 0 0 1 0 0 0 0 0 0 1 1 0 3 0 0 0 0 0 0 0 0 0 0 1 0 8 0 0 0 0 0 0 0 2 0 0 1 0 0 0 0 0 3 0 0 0 0 0 0 0 1 0 0 0 1 0 0 0 0 0 0 0 0 0 0 0 0 5 5 0 1 0 0 0 0 97 0 0 0 0 0 4 4 0 0 0 0 0 0 0 0 0 0 0 0 0 0 2 19 0 7 0 3 0 0 0 0 0 0 0 0 0 0 0 0 0 0 0 0 0 0 0 0 1 0 0 0 2 0 0 0 0 0 0 0 0 0 0 10 0 1 0 0 0 3 0 0 31 0 0 0 1 0 0 0 10 0 3 0 0 0 0 0 0 0 0 3 0 0 0 0 0 0 0 0 0 0 0 0 0 0 0 0 0 0 0 0 0 5 2 0 0 8 0 0 0 3 0 0 0 
100 396 0 0 0 0 0 0 0 0 0 0 0 0 0 0 0 0 0 0 0 0 11 0 0 0 0 21 0 0 0 0 0 0 0 0 0 0 0 0 0 0 0 2 0 0 0 0 0 0 0 0 0 0 0 0 0 0 0 0 0 0 0 0 1 0 0 0 0 0 0 0 0 0 1 0 0 0 1 9 0 0 0 0 0 0 1 2 0 1 5 0 0 0 0 0 0 0 0 0 0 0 0 0 0 0 0 0 1 0 0 0 0 0 0 0 0 0 0 0 0 3 6 1 0 0 0 0 0 168 0 0 0 0 0 1 11 0 0 0 0 0 1 1 0 0 0 0 0 0 0 0 30 0 8 0 6 0 0 0 0 0 0 0 0 0 0 0 0 0 0 0 2 0 0 0 0 0 0 0 0 3 0 0 1 0 0 0 0 0 0 0 10 0 0 0 0 0 1 0 0 46 0 0 0 2 0 0 0 0 0 1 0 0 0 0 0 0 0 0 0 0 0 0 0 0 0 0 3 0 0 0 0 0 0 0 0 0 0 0 0 0 3 1 0 0 12 0 0 0 8 0 1 1 
101 495 0 3 0 0 0 0 0 0 0 0 0 0 0 0 0 0 0 0 0 0 14 0 0 0 0 21 0 0 0 0 0 0 0 0 0 0 0 0 3 0 0 8 0 0 0 0 0 0 0 0 0 0 0 0 0 0 0 0 0 0 0 2 0 0 1 0 0 0 0 0 0 2 0 0 0 1 2 6 0 3 0 0 0 0 2 11 0 3 3 0 0 0 0 1 1 0 0 1 1 0 0 0 0 0 0 0 0 0 0 0 3 0 0 0 0 0 0 0 0 1 7 0 6 0 0 0 0 238 0 0 0 0 0 3 9 0 0 0 0 0 2 2 0 0 0 0 0 0 1 0 23 0 14 0 1 0 0 0 1 0 0 0 1 0 0 0 0 0 0 0 3 0 0 0 0 0 0 0 0 0 0 0 0 3 0 0 0 0 0 2 16 0 0 0 0 0 2 0 0 33 0 0 0 0 0 0 0 2 0 2 5 0 0 0 0 0 0 0 3 0 0 0 0 0 0 0 1 0 0 0 0 0 0 1 0 0 0 0 0 0 3 1 0 0 9 0 0 0 2 2 0 0 
102 644 0 0 0 1 0 0 0 0 0 0 0 0 0 0 0 1 0 0 0 0 6 0 0 1 0 19 0 0 0 0 0 0 0 2 0 0 0 0 0 0 0 2 0 0 0 0 0 4 0 0 0 0 0 0 0 0 0 0 0 0 0 1 0 0 0 0 0 0 1 0 0 0 0 0 0 0 1 7 0 0 0 0 0 0 1 8 0 3 8 0 0 1 0 0 2 0 0 0 0 0 0 0 0 0 0 0 0 0 0 0 1 0 0 0 0 0 0 0 0 0 3 1 4 0 0 0 0 309 0 0 0 0 0 4 11 0 0 0 0 0 1 0 0 0 0 0 0 0 1 1 55 0 8 0 6 0 0 0 0 1 0 1 0 0 0 0 0 0 0 0 1 0 0 0 0 0 0 0 0 1 0 0 0 3 0 0 0 0 0 0 12 0 0 0 0 2 3 0 0 35 1 0 0 2 0 0 0 4 0 50 2 0 0 0 0 0 0 0 4 0 0 0 0 0 0 0 2 0 0 0 0 0 0 0 0 0 0 0 0 0 3 6 0 0 17 2 0 0 6 1 1 0 
103 580 0 1 0 0 0 0 0 0 0 0 0 0 0 0 0 0 0 1 0 0 7 0 0 0 0 29 0 1 0 0 0 0 1 1 0 1 0 0 1 0 0 2 0 0 0 0 0 2 0 0 0 0 0 0 0 0 0 0 1 0 0 0 0 0 0 0 0 0 0 0 0 0 0 0 0 0 1 5 0 1 0 0 0 1 0 4 0 3 1 0 0 0 0 1 8 0 0 0 0 0 0 0 0 0 0 0 1 0 1 0 2 0 0 0 0 0 0 0 0 7 1 0 1 0 0 1 0 317 0 0 0 0 0 9 13 0 0 0 0 0 1 0 0 0 0 0 0 0 1 2 40 0 12 0 0 0 0 0 0 1 0 0 0 0 0 0 0 0 0 0 2 0 0 0 0 0 0 0 0 1 2 0 0 1 0 0 0 0 0 2 17 1 1 0 0 2 5 0 0 18 0 0 0 0 0 0 0 0 0 5 3 0 1 0 0 0 0 0 1 0 0 0 0 0 0 0 1 0 0 0 0 0 0 0 0 0 0 0 0 0 2 1 0 0 20 0 0 1 1 3 0 0 
104 530 0 0 0 0 0 0 1 0 0 0 0 0 0 0 0 0 0 1 0 0 22 0 0 0 0 36 0 0 0 0 0 0 0 2 0 0 0 0 1 0 0 6 0 0 0 0 0 2 0 0 0 0 0 0 0 0 0 0 0 0 1 1 0 0 0 0 0 0 1 0 0 0 0 0 0 1 0 4 0 1 0 0 0 0 3 8 0 3 0 0 0 0 0 0 6 0 0 0 0 0 0 0 0 0 0 0 0 0 0 0 0 0 0 0 0 0 0 0 0 4 0 0 7 0 0 0 0 266 0 0 0 0 0 2 13 0 0 0 0 0 3 0 0 0 0 0 0 1 0 0 24 0 5 0 1 0 0 0 0 4 0 0 0 0 0 0 0 0 0 0 0 0 0 0 0 0 0 0 0 3 0 0 0 4 0 0 0 1 0 0 19 0 0 0 0 1 10 0 0 20 0 0 0 0 0 0 0 0 0 4 1 0 0 0 0 0 0 0 1 0 0 0 0 0 0 0 2 0 0 0 0 0 0 0 0 0 0 0 0 0 1 0 0 0 10 5 1 1 4 2 1 0 
105 521 0 0 0 0 0 0 2 0 0 0 0 0 0 1 0 0 0 1 0 0 15 0 0 1 0 27 0 0 0 0 0 0 1 0 0 0 0 0 0 0 0 5 0 0 0 0 0 4 0 0 0 0 0 0 0 0 1 0 0 0 0 0 0 0 0 0 0 0 0 0 0 0 0 0 0 0 1 9 0 0 0 0 0 0 5 15 0 2 2 0 0 0 1 0 13 0 0 0 0 0 0 0 0 0 0 0 0 0 0 0 5 0 0 0 0 0 0 0 0 1 1 0 0 0 0 0 0 253 0 0 0 0 0 3 9 0 0 0 0 0 3 0 0 0 0 0 1 1 0 0 29 0 8 0 3 0 0 0 0 1 0 0 0 0 0 0 0 0 0 0 1 0 0 0 0 0 0 0 0 0 0 0 0 0 0 0 0 0 0 0 14 0 0 0 0 2 2 0 0 21 0 0 0 0 0 0 0 5 0 7 3 0 1 0 0 0 0 0 4 0 0 0 0 0 0 0 1 0 0 0 0 0 0 0 0 0 0 0 0 0 6 3 0 0 12 1 0 1 6 5 0 0 
106 527 0 0 0 0 0 0 0 0 0 0 0 0 0 0 0 0 0 0 0 0 13 0 0 0 0 42 1 0 0 0 0 0 0 0 0 0 0 0 1 0 0 4 0 0 0 0 0 1 0 0 0 0 0 0 0 0 0 0 0 0 1 0 1 0 1 0 0 0 0 0 0 0 0 0 1 0 5 11 0 1 0 0 0 1 2 10 0 1 0 0 1 0 0 0 7 0 0 0 0 0 0 0 0 0 0 0 1 0 0 0 5 0 1 0 0 0 0 0 1 1 1 0 6 0 0 0 0 235 0 0 0 0 0 4 11 0 0 0 0 0 4 0 1 0 0 0 3 0 0 0 26 0 12 0 4 0 0 0 2 0 0 0 0 0 0 1 0 0 0 1 3 0 0 0 0 0 0 0 0 1 0 0 1 0 0 0 0 1 0 2 17 0 0 0 0 1 3 0 0 21 0 0 0 0 0 0 0 0 0 3 2 0 0 0 0 0 0 0 3 0 0 0 0 0 0 0 2 0 0 0 0 0 0 0 0 0 0 0 0 0 2 1 0 0 13 4 2 0 12 3 0 1 
107 462 0 1 0 0 1 0 0 0 0 0 0 1 0 0 0 0 0 0 0 0 7 0 0 0 0 33 0 0 0 0 0 0 0 0 0 0 0 0 0 0 0 3 0 0 0 0 0 4 0 0 0 0 0 0 0 0 0 0 0 0 1 1 0 0 1 0 0 0 0 0 0 0 0 0 0 0 2 8 0 1 0 0 0 0 2 7 0 2 0 0 0 0 0 0 7 0 0 0 0 0 0 0 0 0 0 0 1 0 1 0 3 0 0 0 0 0 0 1 1 3 0 0 3 0 0 0 0 221 0 0 0 0 0 3 10 0 0 0 0 0 5 0 0 0 0 0 0 0 1 1 19 0 7 0 5 0 0 0 0 1 0 0 0 0 0 1 0 0 0 0 0 0 0 0 0 0 0 0 0 1 1 0 0 5 0 0 0 0 0 1 23 0 0 0 0 0 6 0 0 11 1 0 0 0 0 1 0 2 0 4 3 0 0 0 0 0 0 0 2 0 0 0 0 0 0 0 3 0 0 0 0 0 1 0 0 0 0 0 0 0 1 1 1 0 11 1 2 0 1 5 0 0 
108 516 0 1 0 0 0 0 1 0 0 0 0 0 0 0 0 1 0 1 0 0 13 0 0 0 0 40 0 0 0 0 0 0 0 1 0 0 0 0 1 0 0 3 0 0 0 0 0 5 0 0 0 0 0 0 0 0 0 0 0 0 0 2 0 0 1 1 0 0 1 0 0 0 1 0 0 0 2 18 0 3 0 0 0 1 1 6 0 4 1 0 0 1 0 0 7 0 0 0 0 0 1 0 0 0 0 0 0 0 0 0 2 0 1 0 0 0 0 0 0 3 0 0 4 0 0 0 0 229 0 0 0 0 0 5 15 0 0 0 0 0 2 0 0 0 0 0 1 0 1 0 29 0 8 0 4 0 0 0 0 1 0 0 0 0 0 0 0 0 0 0 0 0 0 0 0 0 0 0 0 1 0 0 1 0 1 0 0 1 0 2 13 0 0 0 0 0 5 0 0 30 0 0 0 0 0 1 0 2 0 4 0 0 1 0 0 0 0 0 3 0 0 0 0 0 0 0 0 0 0 0 0 0 0 0 0 0 0 0 1 0 4 1 0 0 9 0 0 1 4 3 0 0 
109 481 0 1 0 0 0 0 0 0 0 0 0 0 0 0 0 0 0 0 0 0 18 0 0 0 0 26 0 0 0 0 0 0 0 0 0 0 0 0 1 0 0 3 0 0 0 0 0 2 0 0 0 0 0 0 0 0 0 0 0 0 0 0 0 0 1 0 0 0 0 0 0 1 0 0 0 0 1 11 0 1 0 1 0 0 2 3 0 3 2 0 0 0 0 1 6 0 0 0 0 0 0 0 0 0 0 0 0 0 0 0 1 0 0 0 0 0 0 0 0 3 1 0 1 0 0 0 0 245 0 0 0 0 0 2 10 0 0 0 0 0 2 0 0 0 0 0 1 0 0 1 19 0 6 0 2 0 0 0 0 1 0 0 0 0 0 0 0 0 0 0 1 0 0 0 0 0 0 0 0 1 0 0 0 5 0 0 0 0 0 2 5 0 0 0 0 0 4 0 0 34 0 0 0 0 0 0 0 0 0 10 1 0 0 0 0 0 0 0 3 0 0 0 0 0 0 0 1 0 0 0 0 0 1 0 0 0 0 0 0 0 3 4 1 0 13 0 0 0 5 0 0 0 
110 458 0 0 0 0 0 0 0 0 0 0 0 0 0 0 0 0 0 0 0 0 24 0 0 0 0 25 0 0 0 0 0 0 1 0 0 0 1 0 2 0 0 4 0 0 0 0 0 1 0 0 0 0 0 0 0 0 0 0 0 0 0 1 0 0 0 0 0 0 0 0 0 0 0 0 0 0 1 10 0 1 0 0 0 0 1 10 0 3 1 0 0 0 0 1 4 0 0 0 0 0 2 0 0 0 0 0 1 0 0 0 4 0 0 0 0 0 0 0 0 2 3 0 3 0 0 0 0 209 0 0 0 0 0 2 8 0 0 0 0 0 0 0 1 0 0 0 0 0 1 5 12 0 4 0 2 0 0 1 1 1 0 0 0 0 0 0 0 0 0 0 0 0 0 0 0 0 0 0 0 1 0 0 0 6 0 0 0 0 0 0 15 0 0 0 0 0 7 0 1 29 0 0 0 0 0 0 0 0 0 4 1 0 1 0 0 0 0 0 3 0 0 0 0 0 0 0 0 0 0 0 0 0 0 0 0 0 0 0 0 0 2 0 0 0 16 3 0 1 5 1 0 0 
111 529 0 0 0 0 0 0 1 0 0 0 1 0 0 0 0 0 0 1 0 0 23 0 0 0 0 15 0 0 0 0 0 0 0 0 0 0 0 0 1 0 0 2 0 0 0 0 0 1 0 0 0 0 0 2 0 0 0 0 0 0 0 0 0 0 1 0 0 0 3 0 0 0 0 0 0 0 1 6 0 2 0 0 0 0 2 8 0 2 2 0 0 0 0 3 7 0 0 1 0 0 5 0 0 0 0 0 0 0 2 0 8 0 0 0 0 0 0 0 0 5 1 1 4 0 0 0 0 252 0 0 0 0 0 7 8 0 0 0 0 0 1 0 0 0 0 0 0 0 1 3 20 0 7 0 3 0 0 0 0 4 0 0 0 0 0 0 0 0 0 0 1 0 0 0 0 0 0 0 0 3 0 0 1 1 0 0 0 0 0 1 15 0 0 0 0 1 5 0 0 33 0 0 0 0 0 0 0 2 0 5 1 0 1 0 0 0 0 0 0 0 0 0 0 0 1 0 2 0 0 0 0 0 0 2 0 0 0 0 0 0 4 2 1 0 12 0 2 0 7 2 0 0 
112 574 0 0 0 0 0 0 0 0 0 0 0 0 0 0 0 0 0 0 0 0 11 0 0 1 0 25 0 1 0 0 0 0 1 0 0 0 1 0 1 0 0 3 0 0 0 1 0 4 0 0 0 0 0 0 0 0 0 0 0 0 0 3 0 0 2 0 0 0 0 0 0 0 0 0 0 0 1 9 0 2 0 0 0 0 1 11 0 1 4 0 0 0 0 2 5 0 0 0 0 0 2 0 0 0 0 0 0 0 1 0 3 0 0 0 0 0 0 0 0 1 4 0 5 0 0 0 0 279 0 0 0 0 0 6 8 0 0 0 0 0 1 0 0 0 0 0 0 0 7 0 24 0 5 0 7 0 0 0 0 0 0 0 0 0 0 0 0 0 0 0 1 0 0 0 0 0 0 0 0 1 0 0 0 12 0 0 0 0 0 0 20 0 1 0 0 0 2 0 0 55 0 0 0 0 0 1 0 0 0 8 0 0 0 0 0 0 0 0 1 0 0 0 0 0 0 0 0 0 0 0 0 0 0 0 0 0 0 0 0 0 3 0 0 0 12 2 0 1 5 0 0 0 
113 530 0 0 0 0 0 0 1 0 0 0 0 0 0 0 0 0 0 0 0 0 15 0 0 0 0 24 0 1 0 0 0 0 0 0 0 0 0 0 3 0 0 0 0 0 0 0 0 5 0 0 0 0 0 0 0 0 0 0 1 0 0 6 0 0 0 0 0 0 1 0 0 1 0 0 0 2 1 9 0 0 0 0 0 0 4 11 0 2 2 0 0 0 0 0 6 0 0 0 0 0 0 0 0 0 0 0 0 0 0 0 3 0 0 0 0 0 0 0 1 1 2 0 4 0 0 0 0 272 0 0 0 0 0 5 1 0 0 0 0 0 1 1 0 0 0 0 0 0 0 3 15 0 10 0 1 0 0 0 1 0 0 0 1 0 0 0 0 0 0 0 3 0 0 0 0 0 0 0 0 0 0 0 0 5 0 0 0 0 0 0 13 0 0 0 0 1 5 0 0 50 0 0 0 0 0 0 0 0 0 6 0 0 0 0 0 0 0 0 1 0 0 0 0 0 0 0 1 0 0 0 0 0 0 0 0 0 1 0 0 0 5 0 0 0 13 1 0 1 4 0 0 1 
114 658 0 0 0 0 0 0 2 0 0 0 0 0 0 0 0 0 0 1 0 0 27 0 0 3 0 22 0 0 0 0 0 0 1 2 0 0 0 0 1 0 0 0 0 0 0 0 0 4 0 0 0 0 0 0 0 0 0 0 0 0 1 2 1 0 1 0 0 0 1 0 0 0 0 0 0 0 2 2 0 0 0 0 0 0 2 5 2 2 2 0 0 1 1 3 14 0 0 0 0 0 0 1 0 0 0 0 0 0 0 0 4 1 1 0 0 0 0 0 0 2 3 1 3 0 0 0 0 334 0 0 0 0 1 3 7 0 0 0 0 0 2 0 0 0 0 0 0 0 2 0 29 0 9 0 3 0 0 0 0 1 0 0 0 0 0 0 0 0 0 0 2 0 0 0 0 0 0 0 0 1 0 0 0 16 0 0 0 0 0 3 13 0 0 0 0 0 11 0 0 41 1 0 0 0 0 0 0 5 0 16 0 0 0 0 0 0 0 0 2 0 0 0 0 0 0 0 1 0 0 0 0 0 1 0 0 0 0 0 0 0 3 1 1 0 10 2 0 2 2 2 0 0 
115 552 0 0 0 0 0 0 0 0 0 0 0 0 0 0 0 0 0 3 0 0 28 0 0 0 0 14 0 0 0 1 0 0 0 0 0 0 0 0 0 0 0 1 0 0 0 0 0 1 0 0 0 0 0 0 0 0 0 0 0 0 0 0 0 0 1 0 0 0 3 0 0 1 3 0 0 0 1 1 0 1 0 0 0 0 4 10 0 2 2 0 0 0 0 0 13 0 0 0 0 0 0 0 0 0 0 0 0 0 0 1 0 0 0 1 0 0 0 0 0 0 2 0 3 0 0 0 0 299 0 0 0 0 0 3 3 0 0 0 0 0 2 1 0 0 0 0 0 0 0 0 18 0 6 0 5 0 0 0 0 0 0 0 0 0 0 0 0 0 0 0 0 0 0 0 0 0 0 0 0 0 0 0 0 9 0 0 0 0 0 1 12 0 0 0 0 0 13 0 0 34 2 0 0 1 0 1 0 0 0 3 0 0 1 0 0 0 0 0 1 0 0 0 0 0 0 0 2 0 0 0 0 0 6 0 0 0 0 0 0 0 4 0 1 0 12 0 4 4 0 2 0 0 
116 404 0 0 0 0 0 0 0 0 0 0 0 0 0 0 0 1 0 0 0 0 23 0 0 0 0 15 0 0 1 0 0 0 0 1 0 0 0 0 0 0 0 0 0 0 0 0 0 5 0 0 0 0 0 0 0 0 0 0 0 0 0 2 0 0 0 0 0 0 2 0 0 0 0 0 0 2 1 3 0 1 0 0 0 0 3 6 0 3 3 0 0 1 0 0 5 0 1 0 0 0 0 0 0 0 0 0 0 0 0 0 3 0 0 0 0 0 0 0 0 0 4 0 6 0 0 0 0 172 0 0 0 0 0 1 10 0 0 0 0 0 3 0 0 0 0 0 0 1 0 0 23 0 5 0 5 0 0 0 0 0 0 0 0 0 0 0 0 0 0 0 0 0 0 0 0 0 0 0 0 2 1 0 0 1 0 0 0 0 0 3 9 0 2 0 0 1 5 0 0 31 0 0 0 1 0 0 0 0 0 3 1 0 1 0 0 0 0 0 0 0 0 0 0 0 0 0 3 0 0 0 0 0 1 1 0 0 0 0 0 0 6 1 1 0 7 1 0 0 4 1 1 0 
117 336 0 0 0 0 0 0 1 0 0 0 0 0 0 0 0 0 0 0 0 0 26 0 0 0 0 20 0 0 0 0 0 0 1 0 0 0 0 0 1 0 0 1 0 0 0 0 0 8 0 0 0 0 0 1 1 0 0 0 1 0 0 3 0 0 0 0 0 0 2 0 0 0 0 0 0 0 0 1 0 1 0 0 0 0 3 5 0 2 1 0 0 0 1 0 12 0 0 0 0 0 0 0 0 0 0 0 0 0 0 0 1 0 0 1 0 0 0 0 0 1 2 0 8 0 0 0 0 113 0 0 0 0 0 5 5 0 0 0 0 0 0 0 0 0 0 0 1 0 0 0 24 0 5 0 4 0 0 0 0 0 0 0 0 0 0 0 0 0 0 0 0 0 0 0 0 0 0 0 0 0 1 0 1 15 0 0 0 0 0 0 5 0 0 0 0 1 4 0 0 21 0 0 0 1 0 0 0 0 0 5 0 0 0 0 0 0 0 0 1 0 0 0 0 0 0 0 0 0 0 0 0 0 1 0 0 1 0 0 0 0 2 0 0 0 9 0 1 1 0 1 0 0 
118 308 0 0 0 0 0 0 0 0 0 0 0 0 0 0 0 0 0 0 0 0 27 0 0 0 0 27 0 1 0 0 0 0 2 1 0 0 0 0 0 0 0 3 0 0 0 1 0 4 0 0 0 0 0 0 0 0 0 0 0 0 0 0 0 0 0 0 0 0 1 0 0 0 0 0 0 0 0 4 0 2 0 0 0 0 5 5 1 1 3 0 0 0 0 0 9 0 0 0 0 0 0 0 0 0 0 0 0 0 0 0 1 0 0 0 0 0 0 0 0 0 4 0 3 0 0 0 0 74 0 0 0 0 0 4 6 0 0 0 0 0 0 0 0 0 0 0 1 0 0 1 21 1 7 0 4 0 0 0 0 0 0 0 0 0 0 0 0 0 0 0 0 0 0 0 0 0 0 0 0 1 0 0 0 3 0 0 0 0 0 2 10 0 0 0 0 0 2 0 0 35 2 0 0 0 0 0 0 0 0 3 0 0 0 0 0 0 0 0 2 0 0 0 0 0 0 0 0 0 0 0 0 0 1 0 0 0 0 0 0 0 2 1 0 0 10 2 0 2 2 1 0 0 
119 304 0 0 0 0 0 1 0 0 0 0 0 0 0 1 0 0 0 0 0 0 32 0 0 0 0 19 0 0 0 0 0 0 0 0 0 0 0 0 1 0 0 2 0 0 0 0 0 1 0 0 0 0 0 0 0 0 0 0 0 0 0 1 0 0 1 0 0 0 1 0 0 0 1 0 1 0 2 2 0 3 0 0 0 0 4 1 0 1 1 0 0 0 0 1 3 0 0 0 0 0 0 0 0 0 0 0 0 0 0 0 0 0 0 0 0 0 0 0 0 0 11 0 6 0 0 0 0 71 0 0 0 0 0 5 6 0 0 0 0 0 0 1 0 0 0 0 0 0 2 2 20 0 12 0 6 0 0 0 0 0 0 0 1 0 0 0 0 0 0 0 0 0 0 0 0 0 0 0 0 0 0 0 0 1 0 0 0 0 0 2 6 0 0 0 0 0 7 0 0 41 0 0 0 0 0 0 0 0 0 2 0 0 0 0 0 0 0 0 0 0 0 0 0 0 0 0 0 0 0 0 0 0 0 0 0 0 0 0 0 0 5 0 1 0 5 0 1 0 3 4 0 0 
120 303 0 1 0 1 0 0 1 0 0 0 0 0 0 0 0 0 0 0 0 0 36 0 0 0 0 25 0 0 0 0 0 0 0 0 0 0 0 0 0 0 0 0 0 0 0 0 0 1 0 0 0 0 0 0 0 1 0 0 0 0 0 0 0 0 0 0 0 0 0 0 0 0 0 0 0 0 0 6 0 1 0 0 0 0 1 3 0 1 2 0 0 0 0 0 3 0 0 0 0 0 0 0 0 0 0 0 0 0 0 0 0 0 1 0 0 0 0 0 0 2 5 0 1 0 0 0 0 82 0 0 0 0 0 1 4 0 0 0 0 0 1 0 0 0 0 0 0 0 1 2 13 0 12 0 6 0 0 0 0 0 0 0 0 0 0 0 0 0 0 0 0 0 0 0 0 1 0 0 0 1 0 0 0 3 0 0 0 0 0 3 11 0 0 0 0 0 2 0 0 39 1 0 0 0 0 0 0 1 0 1 2 0 0 0 0 0 0 0 3 0 0 0 0 0 0 0 1 0 0 0 0 0 0 1 0 1 0 0 0 0 5 0 0 0 5 0 0 0 5 1 0 0 
121 288 0 0 0 0 0 0 0 0 0 0 0 0 0 0 0 0 0 0 0 0 31 0 0 0 0 21 0 0 0 0 0 0 1 0 0 0 0 0 0 0 0 1 0 0 0 0 0 2 0 0 0 0 0 0 0 0 0 0 0 1 0 0 0 0 0 0 0 0 0 0 0 0 0 0 0 0 0 6 0 0 0 0 0 0 4 1 0 3 2 0 0 0 0 0 0 0 0 0 0 0 0 0 0 0 0 0 0 0 0 0 1 0 0 0 0 0 0 0 0 2 7 0 2 0 0 0 0 69 0 0 0 0 1 3 12 0 0 0 0 0 0 1 0 0 0 0 1 0 0 1 27 0 6 0 5 0 0 0 0 0 0 0 1 0 0 0 0 0 0 1 0 0 0 0 0 0 0 0 0 1 0 0 0 0 0 0 0 0 0 2 4 0 1 0 0 0 4 0 0 34 0 0 0 0 0 0 0 0 0 1 0 0 0 0 0 0 0 0 2 0 0 0 0 1 0 0 0 0 0 0 0 0 0 0 0 0 0 0 1 0 5 1 0 0 7 0 0 0 2 1 0 0 
122 282 0 0 0 1 0 0 0 0 0 0 0 0 0 0 0 0 0 0 0 0 29 0 0 0 0 23 0 0 0 0 0 0 0 0 0 0 0 0 1 0 0 1 0 0 0 0 0 0 0 0 0 0 0 0 0 0 0 0 0 0 0 1 0 0 0 0 0 0 0 0 0 0 2 0 0 0 0 6 0 0 0 0 0 0 2 1 0 0 0 0 0 0 0 0 0 0 0 0 0 0 0 0 0 0 0 0 0 0 0 0 0 0 0 0 0 0 0 0 0 0 3 0 0 0 0 0 0 76 0 0 0 0 0 3 9 0 0 0 0 0 0 0 0 0 0 0 0 0 0 2 21 0 10 0 4 0 0 0 0 0 0 0 0 0 0 0 0 0 0 0 0 0 0 0 0 0 0 0 0 0 0 0 0 0 0 0 0 0 0 0 9 0 2 0 0 0 3 0 0 44 1 0 0 0 0 0 0 1 0 0 1 0 0 0 0 0 0 0 2 0 0 0 0 0 0 0 0 0 0 0 0 0 0 1 0 0 0 0 0 0 5 0 0 0 6 0 0 0 1 1 0 0 
123 341 0 0 0 0 0 0 0 0 0 0 0 0 0 0 0 0 0 0 0 0 21 0 0 0 0 22 0 0 0 0 0 0 0 0 0 0 0 0 0 0 0 1 0 0 0 1 0 1 0 0 0 0 0 0 0 0 0 0 0 0 0 1 0 0 1 0 0 0 0 0 0 0 0 0 0 1 2 3 0 1 0 0 0 0 2 4 1 2 2 0 0 0 0 1 3 0 0 0 0 0 0 0 0 1 0 0 0 0 0 0 0 0 0 0 0 0 0 0 0 3 5 1 0 0 0 0 0 104 0 0 0 0 1 2 9 0 0 0 0 0 0 1 0 0 0 0 0 0 0 1 22 0 5 0 5 0 0 0 0 0 0 0 0 0 0 0 0 0 0 0 1 0 0 0 0 0 0 0 0 3 0 0 0 0 0 0 0 0 0 1 14 0 4 0 0 0 2 0 0 43 3 0 0 2 0 1 0 2 0 2 1 0 1 0 0 0 0 0 2 0 0 0 0 0 0 0 0 0 0 0 0 0 0 0 0 0 0 0 0 0 7 0 0 0 8 0 0 0 4 2 0 0 
124 465 0 0 0 1 0 0 1 0 0 0 0 0 0 0 0 1 0 0 0 0 16 0 0 0 0 23 0 0 0 0 0 0 0 0 0 0 0 0 0 0 0 4 0 0 0 0 0 2 0 0 0 0 0 0 0 0 0 0 0 0 0 0 0 0 0 0 0 0 0 0 0 0 0 0 0 0 0 13 0 0 0 0 0 0 1 3 0 3 1 0 0 1 0 0 3 0 0 0 0 0 0 0 0 0 0 0 0 0 0 0 0 0 0 0 0 0 0 0 0 3 2 0 0 0 0 0 0 230 0 0 0 0 0 3 8 0 0 0 0 0 1 3 0 0 0 0 0 0 0 0 19 0 12 0 3 0 0 0 0 0 0 0 0 0 0 0 0 0 0 0 1 0 0 0 0 0 0 0 0 0 0 0 0 0 0 0 0 0 0 0 11 0 1 0 0 0 10 0 0 39 0 0 0 1 0 1 0 3 0 2 3 0 1 0 0 0 0 0 2 0 0 0 0 0 0 0 1 0 0 0 0 0 0 1 0 0 0 0 0 0 4 0 1 0 10 1 0 0 5 1 0 0 
125 579 0 0 0 0 0 0 0 0 0 0 1 0 0 0 0 0 0 0 0 0 13 0 0 0 0 25 0 0 0 0 0 0 2 0 0 1 0 0 1 0 0 3 0 0 0 0 0 3 0 0 0 0 0 0 0 0 0 0 0 0 0 1 0 0 1 0 0 0 0 0 0 0 0 0 0 1 4 11 0 0 0 0 0 1 4 7 0 3 4 0 0 0 0 1 2 0 0 0 0 0 2 0 0 0 0 0 0 0 0 0 3 0 0 0 0 0 0 0 0 5 3 0 2 0 0 1 0 314 0 0 0 0 0 0 4 0 0 0 0 0 1 0 0 0 0 0 0 0 0 0 28 0 13 0 3 0 0 0 0 0 0 0 0 0 0 0 0 0 0 0 0 0 0 0 0 0 0 0 0 1 0 0 1 10 0 0 0 0 0 0 21 0 3 0 0 0 2 0 0 28 0 0 0 1 0 1 0 1 0 2 2 0 0 0 0 0 0 0 1 0 0 0 0 0 0 0 1 0 0 0 0 0 0 0 0 0 0 0 0 0 5 1 1 0 14 0 0 0 8 3 0 0 
126 705 0 0 0 0 0 0 0 0 0 0 0 0 0 0 0 0 0 0 0 0 19 0 0 0 0 32 0 0 1 0 0 0 1 0 0 0 0 0 1 0 0 5 0 0 0 0 0 0 0 0 0 0 0 0 0 0 0 0 0 0 0 1 0 0 2 0 0 0 0 0 0 0 0 0 0 0 1 7 0 1 0 0 0 0 2 7 0 2 1 0 0 0 0 0 5 0 0 0 0 0 0 0 0 0 0 0 0 0 0 0 3 0 0 0 0 0 0 0 0 5 2 0 4 0 0 0 0 387 0 0 0 0 0 35 13 0 0 0 0 0 2 0 0 0 0 0 0 0 0 0 36 0 6 0 2 0 0 0 0 0 0 0 0 0 0 0 0 0 0 0 1 0 0 0 0 0 0 0 0 2 1 0 2 10 0 0 0 0 0 0 15 0 3 0 0 2 10 0 0 20 0 0 0 0 0 0 0 2 0 6 0 0 0 0 0 0 0 0 4 0 0 0 0 0 0 0 1 0 0 0 0 0 1 1 0 0 0 0 0 0 4 3 0 0 12 1 1 0 9 2 0 0 
127 600 0 0 0 0 0 0 0 0 0 0 0 0 0 0 0 0 0 0 0 0 9 0 0 0 0 20 0 0 0 0 0 0 0 1 0 0 0 0 1 0 0 3 0 0 0 0 0 0 0 0 0 0 0 0 0 0 0 0 0 0 0 1 0 0 0 0 0 0 0 0 0 0 0 0 0 1 3 10 0 0 0 0 0 0 3 8 0 2 4 0 0 0 0 0 6 0 0 0 0 0 0 0 0 0 0 0 0 0 0 0 5 0 0 0 0 0 0 0 0 4 1 0 5 0 0 0 0 352 0 0 0 0 0 6 10 0 0 0 0 0 1 1 0 0 0 0 0 0 0 1 21 0 6 0 1 0 0 0 0 0 0 1 0 0 0 0 0 0 0 0 3 0 0 0 0 0 0 0 0 1 3 0 2 0 0 0 0 1 0 1 19 0 3 0 0 2 5 0 0 25 0 0 0 0 0 0 0 0 0 4 0 0 1 0 0 0 0 0 2 0 0 0 0 0 0 0 0 0 0 0 0 0 0 1 0 0 0 0 0 0 3 0 1 0 10 1 1 0 10 5 0 0 
128 634 0 1 0 0 0 0 3 0 0 0 0 0 0 0 0 0 0 0 0 0 17 0 0 0 0 26 0 0 0 0 0 0 1 0 0 0 0 0 1 0 0 6 0 0 0 0 0 3 0 0 0 0 0 0 0 0 0 0 1 0 0 1 0 0 0 0 0 0 0 0 0 0 0 0 0 0 0 10 0 1 0 0 0 0 0 10 0 6 1 0 0 0 0 0 9 0 0 0 0 0 0 0 0 0 0 0 1 0 0 0 10 0 0 0 0 0 0 0 0 5 1 0 2 0 0 0 0 361 0 0 0 0 0 3 7 0 0 0 0 0 3 0 0 0 0 0 0 1 2 0 19 0 8 0 2 0 0 0 1 1 0 0 0 0 0 0 0 0 0 0 4 0 0 0 0 0 0 0 0 4 0 1 0 0 0 0 0 0 0 0 20 0 2 0 0 3 5 0 0 19 0 0 0 0 0 1 0 1 0 5 1 0 1 2 0 0 0 0 5 0 0 0 0 0 0 0 0 0 0 0 0 0 2 0 0 0 0 0 1 0 2 1 1 0 14 1 0 1 7 2 0 0 
129 565 0 0 0 1 0 0 1 0 0 0 0 0 0 0 0 0 0 0 0 0 15 0 0 0 0 32 0 0 0 0 0 0 1 0 0 0 0 0 4 0 0 8 0 0 0 0 0 2 0 0 0 0 0 1 0 0 0 0 0 0 0 0 0 0 0 0 0 0 0 0 0 0 0 0 0 0 0 6 0 1 0 0 0 0 0 6 0 7 3 0 0 0 0 0 7 0 0 0 0 0 0 0 0 0 0 0 0 0 0 0 7 0 1 0 0 0 0 0 0 4 0 0 1 0 0 0 0 313 0 0 0 0 0 5 6 0 0 0 0 0 1 1 0 0 0 0 1 0 0 3 25 0 4 0 0 0 0 0 0 2 0 0 0 0 0 0 0 0 0 0 0 0 0 0 0 0 0 0 0 2 0 0 0 0 0 0 0 0 0 1 14 0 4 0 0 3 5 0 1 20 0 0 0 0 0 0 0 2 0 6 4 0 0 0 0 0 0 0 0 0 0 0 0 0 0 0 0 0 0 0 0 0 0 1 0 0 0 0 1 0 5 0 0 0 15 1 0 0 7 1 0 0 
130 646 0 1 0 0 0 0 7 0 0 0 0 0 0 0 0 0 0 0 0 0 21 0 0 0 0 26 0 0 0 0 0 0 0 2 0 0 0 0 5 0 0 3 0 0 0 0 0 1 0 0 0 0 0 5 0 0 0 0 0 0 0 1 0 0 1 0 0 0 0 0 0 0 0 0 0 0 2 9 0 0 0 0 0 0 0 7 0 4 4 0 0 0 0 0 6 0 0 0 0 0 0 0 0 0 0 0 0 0 0 0 9 0 0 0 0 0 0 0 1 4 0 2 9 0 0 0 0 352 0 0 0 0 0 7 5 0 0 0 0 0 2 3 0 0 0 0 1 0 2 1 24 0 9 0 4 0 0 0 0 0 0 0 0 0 0 0 0 0 0 0 1 0 0 0 0 0 0 0 0 1 3 0 0 0 0 0 0 0 0 0 16 0 1 0 0 0 11 0 0 19 0 0 0 0 0 0 0 2 0 3 0 0 0 0 0 0 0 0 6 0 0 0 0 0 0 0 0 0 0 0 0 0 0 1 0 0 0 0 0 0 7 2 0 0 11 0 1 0 8 4 0 0 
131 607 0 0 0 0 0 0 2 0 0 0 0 0 0 0 0 0 0 0 0 0 29 0 0 0 0 27 0 1 0 0 0 0 0 0 0 0 0 0 1 0 0 6 0 0 0 0 0 3 0 0 0 0 0 0 0 1 1 0 0 0 1 1 0 0 2 0 0 0 1 0 0 0 0 0 0 0 2 14 0 3 0 0 0 0 5 13 0 5 2 0 0 0 0 1 7 0 0 1 0 0 0 0 1 0 0 0 0 0 0 0 5 0 0 0 0 0 0 0 0 2 2 1 6 0 0 0 0 284 0 0 0 0 0 6 5 0 0 0 0 0 1 3 0 0 0 0 0 0 1 1 29 0 15 0 2 0 0 0 1 0 0 1 0 0 0 0 0 0 0 0 1 0 0 0 0 0 0 0 1 1 0 0 0 4 0 0 0 0 0 0 20 0 3 0 0 1 3 0 0 25 0 0 0 0 0 0 0 3 0 4 2 0 1 0 0 0 0 0 5 0 0 0 0 0 0 0 0 0 0 0 0 0 1 0 0 0 0 0 0 0 5 1 0 0 13 0 0 0 6 6 0 0 
132 475 0 0 0 0 0 0 0 0 0 0 0 0 0 0 0 0 0 0 0 0 21 0 0 0 0 24 0 0 0 0 0 0 2 1 0 0 0 0 1 0 0 6 0 0 0 0 0 4 0 0 0 0 0 0 0 0 0 0 0 0 0 0 0 0 0 0 0 0 0 0 0 0 0 0 0 0 2 8 0 0 0 0 0 0 0 8 0 1 0 0 0 0 1 4 6 0 0 0 0 0 0 0 0 0 0 0 0 0 0 0 4 0 0 0 0 0 0 0 2 3 2 0 3 0 0 0 0 241 0 0 0 0 0 5 4 0 0 0 0 0 1 3 0 0 0 0 0 0 1 1 26 0 7 0 2 0 0 0 0 1 0 0 1 0 0 0 0 0 0 1 1 0 0 0 0 0 0 0 0 0 0 0 0 5 0 0 0 0 1 1 12 0 3 0 0 0 2 0 0 20 0 0 0 1 0 0 0 1 0 3 1 0 0 0 0 0 0 0 1 0 0 0 0 0 0 0 1 0 0 0 0 0 0 0 0 0 0 0 0 0 3 1 0 0 8 1 1 0 6 1 1 0 
133 485 0 0 0 0 0 0 0 0 0 0 0 0 0 0 0 0 0 0 0 0 29 0 0 0 0 19 1 1 0 0 0 0 0 1 0 0 0 0 2 0 0 3 0 0 0 0 0 2 0 0 0 0 0 0 0 0 0 0 0 0 0 0 0 0 2 0 0 0 2 0 0 0 0 0 0 2 0 8 0 1 0 0 0 0 1 2 1 2 0 0 0 0 0 0 7 0 0 0 0 0 0 0 3 0 0 0 1 0 0 0 1 0 0 0 0 0 0 0 3 4 2 1 1 0 0 0 0 250 0 0 0 0 0 1 5 0 0 0 0 0 0 2 0 0 0 0 0 0 2 0 15 0 8 0 3 0 0 0 0 1 0 0 1 0 0 0 0 0 0 0 0 0 0 0 0 0 0 0 0 0 0 0 1 4 0 0 0 0 0 1 10 0 2 0 0 0 5 0 0 31 1 0 0 0 0 0 0 1 0 5 0 0 1 0 0 0 0 0 1 0 0 0 0 0 0 0 1 0 0 0 0 0 0 0 0 0 0 0 0 0 1 0 4 0 8 2 2 3 4 2 0 0 
134 503 0 1 0 1 0 0 2 0 0 0 0 0 0 0 0 0 0 0 0 0 21 0 0 0 0 32 0 0 0 0 0 0 0 0 0 0 0 0 1 0 0 3 0 0 0 0 0 4 0 0 0 0 0 0 0 0 0 0 0 0 1 0 0 0 0 0 0 0 1 0 0 0 0 0 0 0 1 17 0 1 0 0 0 0 4 5 0 3 1 0 0 0 2 0 7 0 0 1 0 0 0 0 0 0 0 0 0 0 0 0 2 0 0 0 0 0 0 0 3 2 5 1 7 0 0 0 0 226 0 0 0 0 0 3 6 0 0 0 0 0 0 2 0 0 0 0 0 0 3 1 18 0 6 0 3 0 0 0 0 1 0 0 2 0 0 0 0 0 0 0 1 0 0 0 0 0 0 0 0 1 1 0 1 2 0 0 0 0 0 3 15 0 0 0 0 0 7 0 0 18 0 0 0 0 0 0 0 0 0 9 3 0 0 0 0 0 0 0 1 0 0 0 0 0 0 0 3 0 0 0 0 0 0 2 0 0 0 0 0 0 3 0 0 0 20 1 0 1 4 2 0 0 
135 522 0 0 0 0 0 0 0 0 0 0 0 0 0 0 0 0 0 1 0 0 14 0 0 0 0 24 0 0 0 0 0 0 1 0 0 0 1 0 3 0 1 2 0 0 0 1 0 1 0 0 0 0 0 0 0 0 0 0 2 0 0 1 0 0 0 1 0 0 0 0 0 0 0 0 0 0 1 7 0 2 0 0 0 0 4 4 1 0 1 0 0 0 0 1 8 0 0 0 0 0 0 0 0 0 0 0 0 0 0 0 6 0 0 0 0 0 0 0 0 2 3 0 4 0 0 0 0 275 0 0 0 0 0 6 9 0 0 0 0 0 3 2 0 0 0 0 0 0 2 0 15 0 4 0 1 0 0 0 0 0 0 1 0 0 0 0 0 0 0 0 0 0 0 0 0 0 0 0 0 3 0 0 0 7 0 0 0 1 0 2 13 0 2 0 0 4 6 0 1 19 0 0 0 0 0 1 0 3 0 7 3 0 0 0 0 0 0 0 1 0 0 0 0 0 0 0 1 0 0 0 0 0 0 0 0 0 0 0 0 0 3 0 0 0 12 4 0 1 5 1 1 1 
136 522 0 1 0 1 0 0 1 0 0 0 0 0 0 0 0 0 0 0 0 0 29 0 0 0 0 23 0 0 0 0 0 0 1 1 0 0 0 0 2 0 0 4 0 0 0 0 0 4 0 0 0 0 0 0 0 0 0 0 0 0 3 1 0 0 0 0 0 0 0 0 0 0 0 0 0 1 1 3 0 0 0 0 0 0 1 8 0 2 1 0 0 0 1 1 6 0 0 0 0 0 1 0 0 0 0 0 0 0 0 0 0 0 1 0 0 0 0 0 0 3 4 0 5 0 0 0 0 258 0 0 0 0 0 16 2 0 0 0 0 0 0 1 0 0 0 0 0 0 0 1 17 0 4 0 5 0 0 0 0 0 0 1 0 0 0 0 0 0 0 0 0 0 0 0 0 0 0 0 0 1 0 0 0 18 0 0 0 0 0 0 11 1 1 0 0 0 3 0 0 28 0 0 0 0 0 0 0 1 0 3 0 0 0 0 0 0 0 0 2 0 0 0 0 0 0 0 1 0 0 0 0 0 0 0 0 0 1 0 0 0 8 0 0 0 14 1 0 2 1 2 0 0 
137 599 0 0 0 0 0 0 2 0 0 0 0 0 0 0 0 0 0 2 0 0 21 0 0 0 0 29 0 1 0 0 0 0 1 0 0 0 0 0 1 0 0 3 0 0 0 0 0 6 0 0 0 0 0 0 0 0 0 0 0 0 0 1 0 0 3 0 0 0 0 0 0 0 0 0 0 2 4 2 0 0 0 0 0 3 3 1 0 3 0 0 0 0 0 0 7 0 1 0 0 0 3 0 0 0 0 0 0 0 0 0 6 0 0 0 0 0 0 0 0 0 2 1 6 0 0 0 0 323 0 0 0 0 0 2 4 0 0 0 0 0 1 0 0 0 0 0 0 0 1 2 29 0 6 0 8 0 0 0 0 1 0 0 1 0 0 0 0 0 0 0 2 0 0 0 0 0 0 0 0 0 0 0 0 5 0 0 0 0 0 0 16 0 0 0 0 1 3 0 0 34 0 0 0 0 0 3 0 1 0 7 0 0 1 0 0 0 0 0 0 0 0 0 0 0 0 0 1 0 0 0 0 0 1 0 0 0 0 0 0 0 4 0 3 0 8 0 2 6 1 0 0 0 
138 637 0 0 0 0 0 0 1 0 0 0 0 0 0 0 0 0 0 0 0 0 24 0 0 0 0 32 0 0 0 0 0 0 0 1 0 0 0 0 2 0 0 2 0 0 0 0 0 4 0 0 0 0 0 0 0 0 0 0 0 0 0 0 0 0 1 0 0 0 2 0 0 0 0 0 0 2 1 1 0 0 0 0 0 0 2 15 1 4 1 0 0 0 1 0 6 0 0 0 0 0 0 0 0 0 0 0 0 0 1 0 6 0 0 0 0 0 0 0 0 1 3 0 6 0 0 0 0 374 0 0 0 0 0 6 7 0 0 0 0 0 2 0 0 0 0 0 0 0 2 0 23 0 4 0 4 0 0 0 0 1 0 0 0 0 0 0 0 0 0 0 1 0 0 0 0 0 0 0 0 1 0 0 2 4 0 0 0 1 0 0 9 0 0 0 0 2 3 0 2 32 0 0 0 1 0 0 0 0 0 9 0 0 0 0 0 0 0 0 0 0 0 0 0 0 0 0 0 0 0 0 0 0 0 1 0 0 0 0 0 0 3 1 0 0 6 3 1 3 1 2 1 0 
139 607 0 0 0 2 0 0 0 0 0 0 0 0 0 0 0 0 0 0 0 0 24 0 0 0 0 21 0 0 0 0 0 0 1 0 0 0 0 0 3 0 0 2 0 0 0 0 0 6 0 0 0 0 0 0 0 0 0 0 0 0 0 4 0 0 1 0 0 0 1 0 0 0 0 0 0 0 0 2 0 1 0 0 0 0 0 10 0 5 2 0 0 0 0 0 5 0 0 0 0 0 0 0 0 0 0 0 0 0 0 0 8 0 0 0 0 0 0 0 0 0 4 1 6 0 0 0 0 332 0 0 0 0 0 8 8 0 0 0 0 0 2 0 0 0 0 0 0 0 1 0 22 0 6 0 5 0 0 0 0 1 0 0 0 0 0 0 0 0 0 0 2 0 0 0 0 0 0 0 0 1 0 0 0 13 0 0 0 0 0 1 11 0 0 0 0 4 4 0 0 35 0 0 0 1 0 0 0 0 2 9 0 0 0 0 0 0 0 0 2 0 0 0 0 0 0 0 0 1 0 0 0 0 1 0 0 0 0 0 0 0 3 2 2 0 7 1 1 1 0 2 0 0 
140 446 0 0 0 0 0 0 0 0 0 0 0 0 0 0 0 0 0 1 0 0 31 0 0 1 0 13 0 0 0 0 0 0 0 0 0 0 0 0 1 0 0 1 0 0 0 0 0 5 0 0 0 0 0 0 0 0 0 0 0 0 0 0 0 0 2 1 0 0 0 0 0 0 0 0 0 0 0 0 0 1 0 0 0 1 3 4 2 0 0 0 1 0 0 0 6 0 0 1 0 0 0 0 0 0 0 0 0 0 0 0 2 0 0 0 0 0 0 0 0 0 3 0 6 0 0 0 0 177 0 0 0 0 0 0 12 1 0 0 0 0 4 0 0 0 0 0 1 0 0 1 19 0 7 0 7 0 1 0 0 0 0 1 0 0 0 1 0 0 0 0 0 0 0 0 0 0 0 0 0 1 0 0 0 9 0 1 0 0 0 0 13 0 5 0 0 1 5 0 0 45 1 0 0 0 0 1 0 2 0 11 0 0 0 0 0 0 0 0 3 0 0 0 0 0 0 0 0 0 0 0 0 0 0 0 0 0 0 0 0 0 3 0 1 0 6 0 2 4 0 2 1 0 
141 379 0 0 0 0 0 0 2 0 0 0 0 0 0 0 0 0 0 1 0 0 30 0 0 0 0 25 0 0 0 0 0 0 0 1 0 0 0 0 2 0 0 2 0 0 0 0 0 4 0 0 0 0 0 2 0 0 0 0 1 0 0 1 0 0 3 2 0 0 1 0 0 0 0 0 0 1 0 1 0 0 0 0 0 0 3 6 0 1 0 0 0 0 0 0 10 0 0 0 0 0 0 0 0 0 0 0 0 0 0 0 1 0 0 0 0 0 0 0 0 2 9 0 3 0 0 0 0 139 0 0 0 0 1 2 3 0 0 0 0 0 1 0 0 0 0 0 0 0 1 0 13 0 5 0 7 0 0 0 0 0 0 1 0 0 0 0 0 0 0 0 0 0 0 0 0 0 0 0 0 1 0 0 0 11 0 0 0 0 0 0 9 0 3 0 0 0 5 0 0 27 1 0 0 0 0 0 0 1 0 7 0 0 0 0 0 0 0 0 1 0 0 0 0 1 0 0 1 0 0 0 0 0 0 0 0 0 0 0 0 0 9 0 0 0 8 0 0 0 0 1 0 0 
142 336 0 0 0 0 0 0 0 0 0 0 0 0 0 0 0 0 0 0 0 0 35 0 0 0 0 22 0 0 0 0 0 0 0 0 0 0 0 0 1 0 1 0 0 0 0 0 0 2 0 0 0 0 0 1 0 0 0 0 0 0 1 0 0 0 2 3 0 0 0 0 0 0 0 0 0 2 5 1 0 0 0 0 0 0 1 2 1 0 0 0 0 0 0 0 6 0 0 0 0 0 1 0 0 0 0 0 0 0 0 0 0 0 0 0 0 0 0 0 1 0 3 0 3 0 0 0 0 95 0 0 0 0 2 8 3 0 0 0 0 0 0 0 0 0 0 0 0 1 0 1 32 0 7 0 3 0 0 0 0 0 0 1 2 0 0 0 0 0 0 0 0 0 0 0 0 0 0 0 0 0 0 0 0 9 0 0 0 0 0 0 8 0 1 0 0 0 5 0 0 37 0 0 0 0 0 0 0 0 0 3 0 0 0 0 0 0 0 0 0 0 0 0 0 0 0 0 0 0 0 0 0 0 2 0 0 0 0 0 0 0 5 1 0 0 6 0 1 2 2 2 0 0 
143 323 0 0 0 0 0 0 0 0 0 0 0 0 0 0 0 0 0 0 0 0 36 0 0 0 0 19 0 0 0 0 0 0 0 0 0 0 0 0 0 0 1 6 0 0 0 0 0 2 0 0 0 0 0 0 0 0 0 0 0 0 0 0 0 0 2 1 0 0 2 0 0 0 0 0 0 2 0 5 0 0 0 0 0 0 0 0 1 0 0 0 0 0 0 0 6 0 0 0 0 0 0 0 0 0 0 0 0 0 0 0 0 0 0 0 0 0 0 0 0 1 7 0 0 0 0 0 0 70 0 0 0 0 0 5 9 0 0 0 0 0 0 0 0 0 0 0 0 0 0 1 18 0 11 0 4 0 0 0 0 0 0 0 0 0 0 0 0 0 0 0 0 0 0 0 0 0 0 0 0 0 0 0 0 0 0 0 0 1 0 1 12 0 1 0 0 0 8 0 0 56 0 0 0 0 0 0 0 2 0 1 0 0 0 0 0 0 0 0 0 0 0 0 0 0 0 0 2 0 0 0 0 0 0 0 0 0 0 0 0 0 5 1 0 0 11 0 1 1 5 1 0 0 
144 294 0 0 0 0 0 0 0 0 0 0 0 0 0 0 0 0 0 0 0 0 51 0 0 0 0 25 0 0 0 0 0 0 1 0 0 0 0 0 0 0 0 3 0 0 0 0 0 3 0 0 0 0 0 0 0 0 1 0 0 0 0 0 0 0 0 1 0 0 1 0 0 0 0 0 0 0 0 2 0 0 0 0 0 0 3 3 1 0 0 0 0 0 0 1 4 0 0 0 0 0 0 0 0 0 0 0 0 0 0 0 0 0 0 0 0 0 0 0 0 1 2 0 1 0 0 0 0 59 0 0 0 0 0 3 5 0 0 0 0 0 1 0 0 0 0 0 0 0 1 1 22 0 13 0 4 0 0 1 0 0 0 0 0 0 0 0 0 0 0 0 0 0 1 0 0 0 0 0 0 2 0 0 0 0 0 0 0 0 0 2 6 0 0 0 0 0 3 0 0 34 0 0 0 0 0 0 0 0 0 3 0 0 0 0 0 0 0 0 1 0 0 0 0 0 0 0 2 0 0 0 0 0 0 0 0 0 0 0 0 0 4 0 0 0 9 0 0 0 3 1 0 0 
145 188 0 0 0 0 0 0 0 0 0 0 0 0 0 0 0 0 0 0 0 0 29 0 0 0 0 10 0 0 0 0 0 0 0 0 0 0 0 0 0 0 0 3 0 0 0 0 0 1 0 0 0 0 0 0 0 0 0 0 0 0 0 0 0 0 2 0 0 0 1 0 0 0 1 0 0 0 0 3 0 0 0 0 0 0 1 1 0 0 0 0 0 0 0 0 1 0 0 0 0 0 0 0 0 0 0 0 0 0 0 0 0 0 0 0 0 0 0 0 0 0 0 0 0 0 0 0 0 40 0 0 0 0 0 1 7 0 0 0 0 0 0 0 0 0 0 0 0 0 1 0 8 0 10 0 3 0 0 0 0 0 0 0 0 0 0 0 0 0 0 0 0 0 0 0 0 0 0 0 0 0 0 0 0 0 0 0 0 0 0 0 6 0 0 0 0 0 3 0 0 29 3 0 0 1 0 1 0 0 0 0 0 0 0 0 0 0 0 0 2 0 0 0 0 0 0 0 0 0 0 0 0 0 0 0 0 0 0 0 0 0 10 0 0 0 5 0 0 0 2 0 0 0 
146 311 0 0 0 1 1 0 0 0 0 0 0 0 0 0 0 0 0 0 0 0 49 0 0 0 0 22 0 0 0 0 0 0 0 1 0 0 1 0 0 0 0 3 0 0 0 0 0 1 0 0 0 0 0 0 0 0 0 0 0 0 0 1 0 0 2 0 0 0 0 0 0 0 0 0 0 1 1 6 0 0 0 0 0 0 0 2 0 0 4 0 0 0 0 0 1 0 0 1 0 0 0 0 0 0 0 0 1 0 0 0 0 0 0 0 0 0 0 0 0 1 8 0 1 0 0 0 0 60 0 0 0 0 0 2 4 0 0 0 0 0 0 0 1 0 0 0 0 0 1 1 26 0 7 0 2 0 0 0 0 0 0 2 0 1 0 0 0 0 0 0 2 0 0 0 0 0 0 0 0 0 0 0 0 0 0 0 0 0 0 1 17 0 0 0 0 0 2 0 0 36 0 0 0 0 0 1 0 0 0 2 2 0 0 0 0 0 0 0 3 0 0 0 0 0 0 0 0 0 0 0 0 0 0 0 0 0 0 0 0 0 7 0 1 0 8 0 0 0 6 5 0 0 
147 327 0 0 0 0 0 0 0 0 0 0 1 0 0 0 0 0 0 0 0 0 12 0 0 0 0 23 0 0 0 0 0 0 0 0 0 0 0 0 0 0 0 2 0 0 0 0 0 1 0 0 0 0 0 0 0 0 0 0 0 0 0 0 0 0 2 0 0 0 0 0 0 0 1 0 0 1 0 2 0 1 0 0 0 0 1 1 2 0 1 0 0 0 1 2 0 0 0 1 0 0 0 0 0 0 0 0 0 0 0 0 0 0 0 0 0 0 0 0 0 3 8 0 1 0 0 0 0 103 0 0 0 0 0 4 6 0 0 0 0 0 0 1 0 0 0 0 0 0 4 4 14 0 10 0 3 0 0 0 0 0 0 0 0 0 0 0 0 0 0 0 2 0 0 0 0 0 0 0 0 3 0 0 0 0 0 0 0 0 0 0 10 0 1 0 0 0 1 0 1 43 0 0 0 0 0 0 0 4 0 3 5 0 1 0 0 0 0 0 5 0 0 0 0 0 0 0 0 0 0 0 0 0 0 0 0 0 0 0 0 0 2 1 0 0 11 1 0 0 9 1 0 0 
148 424 0 1 0 1 0 0 0 0 0 0 0 0 0 0 0 0 0 0 0 0 17 0 0 0 0 24 0 0 0 0 0 0 1 0 0 0 0 0 0 0 0 2 0 0 0 0 0 1 0 0 0 0 0 0 2 0 0 0 0 0 0 2 0 0 0 0 0 0 0 0 0 0 0 0 0 0 0 9 0 1 0 0 0 0 0 3 0 1 1 0 0 0 0 0 1 0 0 0 0 0 0 0 0 0 0 0 1 0 0 0 1 1 0 0 0 0 0 0 0 3 1 0 4 0 0 0 0 196 0 0 0 0 0 6 4 0 0 0 0 0 0 0 0 0 0 0 0 0 0 1 13 0 9 0 1 0 0 0 0 1 0 0 0 0 0 0 0 0 0 0 3 0 0 0 1 0 0 0 0 2 0 0 0 3 0 0 0 0 0 0 9 0 0 0 0 0 11 0 0 37 0 0 0 1 0 0 0 1 0 3 2 0 0 0 0 0 0 0 2 0 0 0 0 0 0 0 3 0 0 0 0 0 0 3 0 0 0 0 0 0 4 1 0 0 15 3 1 0 3 1 0 0 
149 97 0 0 0 0 0 0 0 0 0 0 0 0 0 0 0 0 0 0 0 0 2 0 0 0 0 5 0 0 0 0 0 0 0 0 0 0 0 0 0 0 0 1 0 0 0 0 0 2 0 0 0 0 0 0 0 0 0 0 0 0 0 0 0 0 0 0 0 0 0 0 0 0 0 0 0 0 0 2 0 1 0 0 0 0 0 3 0 0 3 0 0 0 0 0 0 0 0 0 0 0 0 0 0 0 0 0 0 0 0 0 1 0 0 0 0 0 0 0 0 1 0 0 0 0 0 0 0 42 0 0 0 0 0 0 1 0 0 0 0 0 0 0 0 0 0 0 0 0 1 0 4 0 2 0 3 0 0 0 0 0 0 0 0 0 0 0 0 0 0 0 0 0 0 0 0 0 0 0 0 0 0 0 0 2 0 0 0 0 0 1 3 0 0 0 0 0 1 0 0 8 0 0 0 1 0 0 0 0 0 1 0 0 0 0 0 1 0 0 1 0 0 0 0 0 0 0 1 0 0 0 0 0 0 0 0 0 0 0 0 0 0 0 0 0 1 0 0 0 1 0 0 0 
150 366 0 0 0 0 0 0 0 0 0 0 0 0 0 0 0 0 0 2 0 0 12 0 0 1 0 16 0 0 0 0 0 0 0 1 0 0 0 0 0 0 0 8 0 0 0 0 0 1 0 0 0 0 0 0 0 0 1 0 0 0 0 4 0 0 0 0 0 0 0 0 0 0 0 0 0 0 0 3 0 0 0 0 0 0 2 11 0 2 1 0 0 0 0 0 3 0 0 0 0 0 0 0 0 0 0 0 0 0 1 0 0 0 0 0 0 0 0 0 0 1 1 0 0 0 0 0 0 199 0 0 0 0 0 4 4 0 0 0 0 0 1 0 0 0 0 0 0 0 1 0 14 0 6 0 1 0 0 0 0 0 0 0 0 0 0 0 0 0 0 0 0 0 0 0 0 0 0 0 0 4 0 0 0 0 0 0 0 0 0 1 11 0 0 0 0 0 2 0 0 18 1 0 0 0 0 1 0 8 0 1 0 0 0 0 0 0 0 0 2 0 0 0 0 0 0 0 2 0 0 0 0 0 0 0 0 0 0 0 0 0 2 0 0 0 3 1 0 0 2 2 0 0 
151 63 0 0 0 0 0 0 0 0 0 0 0 0 0 0 0 0 0 0 0 0 1 0 0 0 0 3 0 0 0 0 0 0 0 0 0 0 0 0 0 0 0 0 0 0 0 0 0 0 0 0 0 0 0 0 0 0 0 0 0 0 0 0 0 0 0 0 0 0 0 0 0 0 0 0 0 0 0 1 0 0 0 0 0 0 0 0 0 0 0 0 0 0 1 1 2 0 0 0 0 0 0 0 0 0 0 0 0 0 0 0 0 0 0 0 0 0 0 0 0 1 0 0 0 0 0 0 0 31 0 0 0 0 0 1 1 0 0 0 0 0 1 0 0 0 0 0 0 0 0 0 4 0 1 0 1 0 0 0 0 0 0 0 0 0 0 0 0 0 0 0 0 0 0 0 0 0 0 0 0 0 0 0 0 0 0 0 0 0 0 0 1 0 0 0 0 0 1 0 0 5 0 0 0 0 0 0 0 0 0 0 1 0 0 0 0 0 0 0 0 0 0 0 0 0 0 0 0 0 0 0 0 0 0 0 0 0 0 0 0 0 0 0 0 0 3 0 0 0 1 0 0 0 
152 297 0 0 0 0 0 0 2 0 0 0 0 0 0 0 0 0 0 0 0 0 11 0 0 0 0 11 0 0 0 0 0 0 1 1 0 0 0 0 1 0 0 5 0 0 0 0 0 2 0 0 0 0 0 0 0 0 0 0 0 0 0 0 0 0 1 0 0 0 0 0 0 0 0 0 0 0 0 4 0 0 0 0 0 0 1 4 0 2 0 0 0 0 1 0 0 0 0 0 0 0 0 0 0 0 0 0 0 0 0 0 0 0 0 0 0 0 0 0 0 2 0 0 8 0 0 0 0 153 0 0 0 0 0 5 4 0 0 0 0 0 1 0 0 0 0 0 0 0 1 0 6 0 4 0 3 0 0 0 0 0 0 0 0 0 0 0 0 0 0 0 1 0 0 0 0 0 0 0 0 1 0 1 1 0 0 0 0 0 0 0 9 0 0 0 0 1 2 0 0 14 0 0 0 0 0 1 0 0 0 2 5 0 0 0 0 2 0 0 0 0 0 0 0 0 0 0 1 0 0 0 0 0 0 0 0 0 0 0 0 0 0 0 0 0 10 0 0 1 5 0 0 1 
153 274 0 0 0 0 0 0 0 0 0 0 0 0 0 0 0 0 0 0 0 0 9 0 0 0 0 18 1 0 0 0 0 0 0 0 0 0 0 0 0 0 0 2 0 0 0 0 0 1 0 0 0 0 0 0 0 0 0 0 0 0 0 1 0 0 0 0 0 0 0 0 0 0 0 0 0 0 0 4 0 1 0 0 0 0 1 6 0 1 0 0 0 0 0 0 4 0 0 0 0 0 0 0 0 0 0 0 0 0 0 0 0 0 0 0 0 0 0 0 0 2 1 0 3 0 0 0 0 139 0 0 0 0 0 3 3 0 0 0 0 0 0 0 0 0 0 0 0 0 0 0 10 0 2 0 4 0 0 0 1 0 0 0 0 0 0 0 0 0 0 0 2 0 0 0 0 0 0 0 0 1 0 0 0 0 0 0 0 4 0 0 8 0 0 0 0 1 3 0 0 11 0 0 0 0 0 0 0 0 0 3 2 0 0 0 0 0 0 0 1 0 0 0 0 0 0 0 0 0 0 0 0 0 0 3 0 0 0 0 1 0 1 2 0 0 6 1 0 0 2 0 0 0 
154 292 0 0 0 0 0 0 0 0 0 0 0 0 0 0 0 0 0 0 0 0 9 0 0 0 0 13 0 0 0 0 0 0 0 0 0 0 0 0 1 0 0 2 0 0 0 1 0 6 0 0 0 0 0 0 0 0 0 0 0 0 0 0 0 0 1 0 0 0 0 0 0 0 0 0 0 0 1 2 0 0 0 0 0 1 0 3 0 0 0 0 0 0 0 0 2 0 0 1 0 0 0 0 0 0 0 0 0 0 0 0 1 0 0 0 0 0 0 0 0 0 0 0 5 0 0 0 0 176 0 0 0 0 0 5 4 0 0 0 0 0 1 0 0 0 0 0 0 0 0 0 9 0 2 0 1 0 0 0 0 3 0 0 1 0 0 0 0 0 0 0 2 0 0 0 0 0 0 0 0 2 0 0 0 0 0 0 0 1 0 0 5 0 0 0 0 0 2 0 0 10 1 0 0 0 0 0 0 0 0 2 0 0 0 0 0 0 0 0 1 0 0 0 0 0 0 0 0 0 0 0 0 0 0 0 0 0 0 0 0 0 1 2 0 0 4 1 0 0 5 2 0 0 
155 273 0 0 0 0 0 0 0 0 0 0 0 0 0 0 0 0 0 0 0 0 8 0 0 0 0 18 0 0 0 0 0 0 0 0 0 0 0 0 1 0 0 2 0 0 0 0 0 5 0 0 0 0 0 0 0 0 0 0 0 0 0 0 0 0 0 0 0 0 0 0 0 0 0 0 0 0 0 6 0 0 0 0 0 1 0 3 1 3 0 0 0 0 0 0 4 0 0 0 0 0 0 0 0 0 0 0 0 0 0 0 0 0 0 0 0 0 0 0 0 2 0 0 2 0 0 0 0 143 0 0 0 0 0 4 4 0 0 0 0 0 0 0 0 0 0 0 0 0 0 1 10 0 5 0 2 0 0 0 0 0 0 0 0 0 0 0 0 0 0 0 0 0 0 0 0 0 0 0 0 1 0 0 0 3 0 0 0 0 0 0 3 0 0 0 0 1 0 0 0 21 0 0 0 0 0 0 0 1 0 5 1 0 0 0 0 0 0 0 1 0 0 0 0 0 0 0 0 0 0 0 0 0 0 1 0 0 0 0 0 0 0 0 1 0 4 0 0 0 0 2 0 0 
156 233 0 1 0 0 0 0 0 0 0 0 0 0 0 0 0 0 0 0 0 0 10 0 0 0 0 17 0 0 0 0 0 0 1 0 0 0 0 0 2 0 0 4 0 0 0 0 0 4 0 0 0 0 0 0 0 0 0 0 0 0 0 0 0 0 0 0 0 0 0 0 0 0 0 0 0 0 0 2 0 0 0 0 0 0 1 1 0 3 0 0 0 0 0 0 4 0 0 0 0 0 0 0 0 0 0 0 0 0 0 0 0 0 0 0 0 0 0 0 1 1 1 0 1 0 0 0 0 116 0 0 0 0 0 1 3 1 0 0 0 0 0 0 0 0 0 0 0 0 1 0 8 0 4 0 3 0 0 0 0 0 0 0 0 0 0 0 0 0 0 0 0 0 0 0 0 0 0 0 0 1 0 0 0 1 0 0 0 0 0 0 4 0 0 0 0 0 1 0 0 12 0 0 0 0 0 0 0 1 0 3 1 0 0 0 0 1 0 0 2 0 0 0 0 0 0 0 1 0 0 0 0 0 0 0 0 0 0 0 0 0 1 0 0 0 6 1 1 0 0 1 0 0 
157 244 0 0 0 0 0 0 1 0 0 0 0 0 0 0 0 0 0 0 0 0 6 0 0 0 0 12 0 0 0 0 0 0 1 0 0 0 0 0 0 0 0 1 0 0 0 0 0 1 0 0 0 0 0 1 0 1 0 0 0 0 0 2 0 0 0 0 0 0 0 0 0 0 0 0 0 0 0 6 0 1 0 0 0 2 1 3 0 0 1 0 0 0 0 0 2 0 0 0 0 0 0 0 0 0 0 0 0 0 0 0 0 0 0 0 0 0 0 0 0 1 1 0 1 0 0 0 0 141 0 0 0 0 0 1 4 0 0 0 0 0 0 0 0 0 0 0 0 0 2 1 10 0 3 0 1 0 0 0 2 1 0 0 0 0 0 0 0 0 0 0 0 0 0 0 0 0 0 0 0 0 0 0 1 0 0 0 0 0 0 0 6 0 0 0 0 0 1 0 0 13 0 0 0 0 0 0 0 0 0 2 0 0 0 0 0 0 0 0 0 0 0 0 0 0 0 0 0 0 0 0 0 0 0 0 0 0 0 0 0 0 1 1 0 0 4 1 0 1 2 0 0 0 
158 262 0 0 0 0 0 0 2 0 0 0 0 0 0 0 0 0 0 0 0 0 8 0 0 0 0 14 0 0 0 0 0 0 1 0 0 0 0 0 1 0 0 3 0 0 0 0 0 2 0 0 0 0 0 0 0 0 0 0 1 0 0 0 0 0 0 0 0 0 1 0 0 0 0 0 0 0 1 3 0 0 0 0 0 0 0 2 0 0 2 0 0 0 0 0 5 0 0 0 0 0 0 0 0 0 0 0 0 0 0 0 0 0 0 0 0 0 0 0 0 1 2 0 0 0 0 0 0 136 0 0 0 0 0 1 2 0 0 0 0 0 1 0 0 0 0 0 1 0 0 0 6 0 4 0 2 0 0 0 0 0 0 0 0 0 0 0 0 0 0 0 0 0 0 0 0 0 0 0 1 2 0 0 1 0 0 0 0 0 0 0 8 0 0 0 0 0 0 0 0 16 0 0 0 0 0 0 0 1 0 3 1 0 1 0 0 0 0 0 1 0 0 0 0 0 0 0 0 0 0 0 0 0 0 1 0 1 0 0 0 0 3 0 0 0 11 1 0 0 1 3 0 0 
159 245 0 0 0 0 0 0 0 0 0 0 0 0 0 0 0 0 0 0 0 0 15 0 0 0 0 13 0 0 0 0 0 0 1 0 0 0 0 0 0 0 0 0 0 0 0 0 0 1 0 0 0 0 0 0 0 2 0 0 0 0 0 1 0 0 0 0 0 0 0 0 0 0 0 0 0 0 3 2 0 1 0 0 0 0 1 4 2 1 0 0 0 0 0 0 2 0 0 0 0 0 0 0 0 0 0 0 1 0 0 0 1 0 0 1 0 0 0 0 0 3 1 0 4 0 0 0 0 130 0 0 0 0 0 5 2 0 0 0 0 0 0 0 0 0 0 0 1 0 0 1 9 0 2 0 1 0 0 0 0 0 0 0 0 0 0 0 0 0 0 0 1 0 0 0 0 0 0 0 0 1 0 0 0 5 0 0 0 0 0 0 3 0 0 0 0 0 2 0 0 8 0 0 0 0 0 0 0 1 0 0 0 0 0 0 0 0 0 0 1 0 0 0 0 0 0 0 1 0 0 0 0 0 0 0 0 0 0 0 0 0 2 0 0 0 4 0 0 0 1 1 0 0 
160 277 0 0 0 0 0 0 0 0 0 0 0 0 0 0 0 0 0 0 0 0 13 0 0 0 0 11 0 0 1 0 0 0 1 0 0 0 0 0 1 0 0 2 0 0 0 0 0 1 0 0 0 0 0 2 0 0 0 0 0 0 0 0 0 0 1 0 0 0 1 0 0 0 0 0 0 0 0 4 0 0 0 0 0 0 2 4 0 2 0 0 0 0 0 0 0 0 0 1 0 0 0 0 0 0 0 0 0 0 0 0 2 0 0 0 0 0 0 0 1 1 3 0 3 0 0 0 0 159 0 0 0 0 0 0 3 0 0 0 0 0 0 0 0 0 0 0 0 0 0 0 8 0 1 0 5 0 0 0 0 0 0 0 0 0 0 0 0 0 0 0 1 0 0 0 0 0 0 0 0 0 0 0 0 3 0 0 0 1 0 0 7 0 0 0 0 0 0 0 0 16 0 0 0 0 0 0 0 0 0 1 0 0 0 0 0 0 0 0 1 0 0 0 0 0 0 0 0 0 0 0 0 0 0 0 0 0 0 0 0 0 1 0 1 0 6 3 0 0 1 1 0 0 
161 285 0 0 0 0 0 0 0 0 0 0 0 0 0 0 0 0 0 0 0 0 14 0 0 0 0 6 0 0 0 0 0 0 0 1 0 0 0 0 1 0 0 0 0 0 0 1 0 0 0 0 0 0 0 0 0 0 0 0 0 0 0 0 0 0 0 0 0 0 0 0 0 0 0 0 0 0 2 1 0 0 0 0 0 1 1 5 0 3 0 0 0 0 1 0 6 0 0 0 0 0 0 0 0 0 0 0 0 0 0 0 1 0 0 0 0 0 0 0 0 0 0 0 4 0 0 0 0 157 0 0 0 0 0 4 4 0 0 0 0 0 1 0 0 0 0 0 0 0 0 0 4 0 2 0 0 0 0 0 1 0 0 0 0 0 0 0 0 0 0 0 0 0 0 0 0 0 0 0 0 0 0 0 1 3 0 0 0 0 0 1 2 1 0 0 0 1 2 0 1 17 0 0 0 0 0 0 0 1 0 12 0 0 0 0 0 0 0 0 0 0 0 0 0 0 0 0 0 0 0 0 0 0 0 0 0 0 0 0 0 0 4 0 1 0 6 2 0 2 1 1 0 0 
162 306 0 0 0 0 0 0 0 0 0 0 0 0 0 0 0 0 0 0 0 0 5 0 0 0 0 8 0 1 0 0 0 0 2 0 0 0 0 0 3 0 0 0 0 0 0 0 0 3 0 0 0 0 0 0 0 0 0 0 0 0 0 0 0 0 0 0 0 0 0 0 0 0 0 0 0 0 0 0 0 0 0 0 0 0 0 4 0 1 0 0 0 0 0 0 5 0 1 0 0 0 0 0 0 0 0 0 0 0 0 0 2 0 0 0 0 0 0 0 0 0 5 0 3 0 0 0 0 201 0 0 0 0 0 1 1 0 0 0 0 0 0 0 0 0 0 0 0 0 0 0 8 0 1 0 3 0 0 0 0 1 0 0 0 0 0 0 0 0 0 0 0 0 0 0 0 0 0 0 0 0 0 0 1 0 0 0 0 0 0 0 4 1 0 0 0 2 2 0 0 16 0 0 0 0 0 0 0 0 0 7 0 0 0 0 0 0 0 0 0 0 0 0 0 0 0 0 0 0 0 0 0 0 0 0 0 0 0 0 0 0 1 2 0 0 6 0 0 0 0 1 0 0 
163 300 0 1 0 1 0 0 0 0 0 1 0 0 0 0 0 0 0 1 0 0 9 0 0 0 0 7 0 1 0 0 0 0 0 0 0 0 0 0 4 0 0 0 0 0 0 0 0 4 0 0 0 0 0 0 0 0 0 0 1 0 0 0 0 0 0 0 0 0 0 0 0 0 0 0 0 0 1 0 0 0 0 0 0 0 0 4 1 1 0 0 0 0 0 0 6 0 0 0 0 0 1 0 0 0 0 0 0 0 0 0 1 0 0 0 0 0 0 0 0 2 4 0 5 0 0 0 0 189 0 0 0 0 0 1 2 1 0 0 0 0 0 0 0 0 0 0 0 0 0 2 8 0 3 0 3 0 0 0 0 0 0 0 0 0 0 0 1 0 0 0 1 0 0 0 0 0 0 0 0 0 0 0 0 1 0 0 0 0 0 0 5 0 0 0 0 0 1 0 0 9 0 0 0 0 0 0 0 0 0 7 0 0 0 0 0 0 0 0 0 0 0 0 0 0 0 0 0 0 0 0 0 0 0 1 0 0 0 0 0 0 0 0 0 0 2 1 0 0 0 1 1 0 
164 223 0 0 0 0 0 0 0 0 0 0 1 0 0 0 0 0 0 0 0 0 13 0 0 0 0 11 0 0 0 0 0 0 0 0 0 0 0 0 0 0 0 0 0 0 0 0 0 3 0 0 0 0 0 0 0 0 0 0 0 0 0 0 0 0 8 0 0 0 2 0 0 0 0 0 0 0 1 2 0 0 0 0 0 0 1 4 1 3 0 0 0 0 0 0 3 0 0 0 0 0 0 0 0 0 0 0 0 0 0 0 2 0 0 0 0 0 0 0 0 0 2 0 6 0 0 0 0 90 0 0 0 0 0 5 2 0 0 0 0 0 1 0 0 0 0 0 1 0 0 1 9 0 2 0 2 0 0 0 0 0 0 1 0 0 0 0 0 0 0 0 0 0 0 0 0 1 0 0 0 0 0 0 0 0 0 0 0 0 0 0 2 0 1 0 0 0 4 0 0 16 0 0 0 0 0 0 0 0 0 8 0 0 0 0 0 0 0 0 0 0 0 0 0 0 0 0 1 0 0 0 0 0 0 0 0 0 0 0 0 0 3 0 0 0 4 0 0 0 0 1 0 0 
165 150 0 1 0 0 0 0 0 0 0 0 0 0 0 0 0 0 0 0 0 0 15 0 0 0 0 7 0 1 0 0 0 0 0 0 0 0 0 0 0 0 0 0 0 0 0 0 0 3 0 0 0 0 0 0 0 0 0 0 0 0 0 0 0 0 0 0 0 0 1 0 0 0 0 0 0 0 1 0 0 0 0 0 0 0 0 1 0 3 0 0 0 0 0 1 1 0 0 0 0 0 0 0 0 0 0 0 0 0 0 0 0 0 0 0 0 0 0 0 0 0 2 0 12 0 0 0 0 42 0 0 0 0 0 2 2 0 0 0 0 0 1 0 0 0 0 0 1 0 0 1 9 0 2 0 0 0 0 0 0 1 0 0 0 0 0 0 0 0 0 0 0 0 0 0 0 0 0 0 0 0 0 0 0 0 0 0 0 0 0 1 5 0 0 0 0 0 0 0 0 12 0 0 0 0 1 0 0 0 0 9 0 0 0 0 0 0 0 0 0 0 0 0 0 0 0 0 0 0 0 0 0 0 0 0 0 0 0 0 0 0 1 0 0 0 6 1 1 0 0 2 0 0 
166 149 0 0 0 0 0 0 0 0 0 0 0 0 0 0 0 0 0 0 0 0 22 0 0 0 0 11 0 0 0 0 0 0 0 0 0 0 0 0 1 0 0 4 0 0 0 0 0 4 0 0 0 0 0 0 0 0 0 0 0 0 0 1 0 0 1 0 0 0 0 0 0 0 0 0 0 0 1 1 0 0 0 0 0 0 1 3 2 0 0 0 0 0 0 0 1 0 0 0 0 0 0 0 0 0 0 0 0 0 0 0 0 0 0 0 0 0 0 0 0 0 0 0 1 0 0 0 0 35 0 0 0 0 0 4 4 0 0 0 0 0 0 1 0 0 0 0 0 0 0 2 9 0 1 0 0 0 0 0 0 0 0 0 0 0 0 0 0 0 0 0 0 0 0 0 0 0 0 0 0 0 0 0 0 0 0 0 0 0 0 0 4 0 0 0 0 2 2 0 0 17 1 0 0 0 0 0 0 0 0 2 0 0 0 0 0 0 0 0 1 0 0 0 0 0 0 0 0 0 0 0 0 0 0 0 0 0 0 0 0 0 1 0 0 0 1 0 1 0 2 4 0 0 
167 132 0 0 0 0 0 0 1 0 0 0 0 0 0 0 0 0 0 0 0 0 18 0 0 0 0 11 0 0 0 0 0 0 0 1 0 0 0 0 0 0 0 3 0 0 0 0 0 0 0 0 0 0 0 0 0 0 0 0 0 0 0 0 0 0 0 0 0 0 0 0 0 0 0 0 0 1 0 1 0 1 0 0 0 0 0 0 0 0 0 0 0 0 0 0 0 0 0 0 0 0 0 0 0 0 0 0 0 0 0 0 0 0 0 0 0 0 0 0 0 0 1 0 5 0 0 0 0 33 0 0 0 0 0 1 3 0 0 0 0 0 0 0 0 0 0 0 0 0 0 2 12 0 1 0 1 0 0 0 0 0 0 0 0 0 0 0 0 0 0 0 1 0 0 0 0 0 0 0 0 0 0 0 1 0 0 0 0 0 0 0 4 0 0 0 0 0 2 0 0 15 0 0 0 0 0 0 0 0 0 0 0 0 0 0 0 0 0 0 1 0 0 0 0 0 0 0 0 0 0 0 0 0 0 0 0 0 0 0 0 0 2 0 0 0 6 0 0 0 2 1 0 0 
168 143 0 0 0 0 0 0 0 0 0 0 0 0 0 0 0 0 0 0 0 0 29 0 0 0 0 10 0 0 1 0 0 0 0 0 0 0 0 0 0 0 0 1 0 0 0 0 0 1 0 0 0 0 0 0 0 0 0 0 0 0 0 0 0 0 0 0 0 0 0 0 0 0 0 0 0 0 0 1 0 0 0 0 0 0 3 1 2 0 1 0 0 0 0 0 0 0 0 0 0 0 0 0 0 0 0 0 0 0 0 0 0 0 0 0 0 0 0 0 0 1 3 0 2 0 0 0 0 22 0 0 0 0 0 2 2 0 0 0 0 0 0 0 0 0 0 0 0 0 0 1 10 0 5 0 2 0 0 0 0 0 0 0 0 0 0 0 0 0 0 0 0 0 0 0 0 0 0 0 0 0 0 0 0 2 0 0 0 0 0 0 6 0 0 0 0 0 2 0 0 17 0 0 0 0 0 0 0 1 0 1 0 0 0 0 0 0 0 0 0 0 0 0 0 0 0 0 0 0 0 0 0 0 0 0 0 0 0 0 0 0 3 0 0 0 2 0 0 0 3 1 0 0 
