day total blank BD BF BG BA BB BE BL BM BN BO BH BI BJ BT JM BV BW WS BQ BR BS JE BY BZ RU RW RS LT RE TM TJ RO TK GW GU GT GS GR GQ GP JP GY GG GF GE GD GB GA GN GM GL GI GH OM TN JO WF HR HT HU HK HN HM VE PR PS PW PT KN AF IQ PA PF PG PE PK PH PN PL PM ZM EH EE EG ZA EC IT VN SB ET SO ZW SA ES ER ME MD MG MF MA MC UZ MM ML MO MN MH MK MU MT MW MV MQ MP MS MR IM UG MY MX IL FR AW SH AX SJ FI FJ FK FM FO NI NL NO NA VU NC NE NF NG NZ NP NR NU CK XK CI CH CO CN CM CL CC CA CG CF CD CZ CY CX CR PY CW CV CU SZ SY SX KG KE SS SR KI KH SV KM ST SK KR SI KP KW SN SM SL SC KZ KY SG SE SD DO DM DJ DK DE YE DZ US UY YT UM LB LC LA TV TW TT TR LK LI LV TO TL LU LR LS TH TF TG TD TC LY VA VC AE AD AG VG AI VI IS IR AM AL AO AN AQ AS AR AU AT IO IN TZ AZ IE ID UA QA MZ 
0 1366 0 0 0 0 1 0 8 0 0 1 0 0 0 4 0 0 0 0 0 0 136 0 0 0 0 1 0 1 0 0 0 0 0 0 0 0 0 0 0 0 11 8 1 0 5 0 0 11 0 2 0 0 0 0 0 2 0 0 0 3 0 0 0 0 1 0 0 0 3 0 0 0 0 2 0 0 0 7 0 0 0 0 0 0 2 1 1 2 0 0 0 0 0 1 7 0 0 0 0 0 2 0 0 0 0 0 0 0 0 0 0 0 0 23 0 0 0 0 0 5 11 0 700 0 0 0 0 0 0 0 0 0 0 0 1 0 0 0 0 0 0 3 0 0 0 0 0 26 12 4 0 21 2 0 105 1 0 7 1 0 0 4 3 0 0 0 0 0 0 0 0 0 0 0 0 0 0 0 0 0 0 0 0 14 0 0 0 0 0 3 0 0 4 0 0 0 2 0 8 130 2 0 0 0 1 0 0 0 0 2 0 0 0 0 0 0 0 0 1 0 0 0 0 0 0 0 1 0 0 0 0 0 0 0 0 0 0 0 0 0 16 4 0 0 1 3 0 1 6 0 0 0 
1 1059 0 0 1 0 0 2 4 0 0 0 0 0 0 0 0 2 0 0 0 0 102 0 0 0 0 3 2 0 0 2 0 0 0 0 0 0 0 0 0 0 16 4 0 0 5 0 0 13 0 0 0 0 0 1 0 1 0 0 0 5 0 1 0 0 2 0 0 0 12 0 0 0 2 3 0 0 0 12 0 0 0 0 0 0 1 2 3 0 0 0 0 0 0 0 2 0 0 0 1 0 1 0 0 0 0 0 0 0 0 0 0 0 0 26 0 0 0 0 0 7 18 0 449 0 0 0 0 0 0 0 0 0 0 1 0 0 0 1 0 0 1 0 1 0 0 0 0 10 1 7 3 3 10 0 111 0 0 4 0 0 0 1 0 0 0 0 0 0 0 0 0 0 0 0 0 1 0 0 0 1 0 0 0 9 0 0 0 1 0 1 0 0 3 0 0 0 3 0 1 123 1 0 0 0 0 0 0 1 0 3 0 0 0 0 0 0 0 0 3 0 1 0 0 0 0 0 0 0 0 0 0 0 0 0 0 0 0 0 0 0 13 3 0 0 2 5 0 0 4 1 0 0 
2 849 0 0 1 0 0 1 5 0 0 0 1 0 0 0 0 1 0 0 0 0 65 0 0 0 0 1 0 0 0 2 0 0 0 0 0 0 0 0 0 0 36 9 0 0 5 0 0 5 0 0 0 0 0 0 0 3 0 0 0 5 0 0 0 0 5 0 0 0 1 0 0 0 1 0 0 0 0 11 0 1 0 0 0 0 0 3 0 1 5 0 0 0 0 0 1 0 0 0 0 0 0 0 0 0 0 0 0 0 0 0 0 0 0 26 0 0 0 0 0 1 25 0 263 0 0 0 0 1 0 0 0 0 1 0 0 0 0 1 0 0 0 0 1 0 0 0 0 5 7 7 0 1 5 0 108 1 0 1 0 0 0 2 1 0 0 0 0 0 0 0 2 0 0 0 0 0 0 0 0 0 0 0 0 3 0 0 0 0 0 1 0 0 3 0 0 0 14 0 0 134 1 0 0 0 0 0 0 0 0 1 0 0 0 0 0 0 0 0 6 0 0 0 0 0 0 0 0 0 0 0 0 0 0 0 0 0 0 0 0 0 18 4 0 0 3 6 0 0 8 0 0 1 
3 793 0 0 0 0 0 0 4 0 0 0 0 0 0 0 0 1 0 0 0 0 54 0 0 0 0 0 0 0 0 6 0 0 0 0 0 0 0 0 0 0 29 10 0 0 0 0 0 2 0 5 0 0 0 0 0 1 0 0 0 5 0 2 0 0 2 0 0 0 0 0 0 0 0 0 0 3 2 12 0 0 0 0 0 0 1 2 0 0 0 0 0 0 0 2 3 0 0 0 0 0 0 0 0 0 0 0 0 0 0 0 0 0 0 11 0 0 0 0 0 3 24 0 235 0 0 0 0 0 0 0 0 0 1 1 0 0 0 0 0 0 0 1 1 0 0 0 0 1 4 4 1 6 4 0 71 0 0 0 0 0 0 0 0 0 0 0 0 0 0 0 6 0 1 0 0 0 0 0 0 0 0 0 0 7 0 0 0 0 0 1 0 0 5 0 0 0 2 0 0 189 3 0 0 1 0 0 0 1 0 3 0 0 0 0 0 0 0 0 2 0 0 0 0 0 0 0 1 0 0 0 0 0 0 0 0 0 0 0 0 0 27 6 0 0 5 3 0 0 2 0 0 0 
4 987 0 0 0 0 0 0 16 0 0 0 0 0 0 3 0 0 0 0 0 0 51 0 0 0 0 0 0 0 0 1 0 0 0 0 0 0 1 0 1 0 4 9 0 0 0 0 0 3 4 1 0 0 0 0 0 0 0 0 0 1 0 4 0 0 1 0 0 0 1 0 0 0 1 2 0 0 0 13 0 0 0 0 0 1 0 5 2 2 4 0 0 0 0 1 4 0 0 0 1 0 1 1 0 1 0 0 0 0 0 2 0 0 0 10 0 0 0 0 0 7 30 0 441 0 0 0 0 2 0 0 0 0 0 1 1 0 0 1 0 0 3 2 0 0 0 0 0 1 6 1 2 4 0 0 49 0 0 2 0 0 0 1 0 0 0 0 0 0 0 0 3 0 0 0 0 0 0 0 0 0 0 0 0 7 0 0 0 1 0 0 0 0 0 0 1 0 11 0 6 196 3 0 0 0 0 0 0 1 0 3 0 0 0 0 0 0 0 0 5 0 0 0 0 0 0 0 0 0 0 0 0 0 0 0 0 0 0 0 0 0 11 3 2 0 12 2 0 0 3 0 0 0 
5 1915 0 0 0 0 0 0 36 0 0 0 0 0 1 4 0 0 0 2 0 0 19 0 0 0 0 0 3 0 0 10 0 0 0 0 0 0 1 0 0 0 3 4 0 0 0 0 0 2 0 0 0 0 0 0 0 1 1 0 0 1 1 0 0 0 1 0 0 0 4 0 0 0 0 1 0 0 1 23 0 0 0 0 0 0 1 0 0 11 7 0 0 0 0 0 29 0 0 0 5 0 5 0 0 0 0 0 0 0 0 1 1 0 1 4 0 0 0 0 0 4 8 2 1414 0 0 0 0 0 0 0 0 0 1 1 0 0 0 0 0 0 1 3 0 0 0 0 0 5 16 3 1 11 0 0 30 0 0 4 0 1 0 0 0 0 0 0 0 0 0 0 4 0 0 0 0 0 1 0 0 0 1 0 1 3 0 0 0 0 0 1 0 0 2 0 0 0 12 0 10 99 1 0 0 1 0 0 0 1 0 13 1 0 0 0 0 2 0 0 3 0 0 0 0 0 0 0 3 0 0 0 0 0 0 1 0 0 0 0 1 0 6 5 1 0 16 7 0 0 11 0 1 0 
6 2599 0 0 1 0 0 0 72 0 0 0 0 0 1 5 0 1 0 0 0 0 15 0 0 0 0 2 0 0 1 3 0 0 2 0 0 0 0 0 3 0 4 9 0 0 3 0 0 24 0 8 0 0 0 0 0 8 3 0 0 0 1 1 0 0 1 0 0 0 9 0 0 0 0 1 0 0 2 8 0 3 0 0 0 0 1 11 0 19 2 0 0 0 0 2 37 0 0 0 3 0 2 2 0 0 2 0 2 0 0 4 0 0 0 5 0 0 0 0 0 8 5 5 1953 0 0 0 0 0 0 0 0 0 0 2 2 1 0 0 0 0 1 1 1 0 0 0 0 10 31 3 4 33 1 0 33 4 0 2 1 1 0 1 0 0 0 0 0 0 0 0 4 0 0 0 0 0 1 0 0 2 0 0 3 5 0 0 0 0 0 1 1 0 0 0 0 1 10 0 11 89 0 0 0 2 0 0 0 2 0 1 0 0 5 0 0 4 0 0 5 0 0 0 0 0 0 0 2 0 0 0 0 0 0 0 0 0 0 0 1 0 5 8 0 0 6 6 0 1 8 0 0 1 
7 3391 0 0 0 1 0 0 53 0 0 0 0 1 8 2 0 1 0 0 0 0 13 0 0 0 0 6 0 0 1 13 0 0 0 0 0 0 0 0 4 0 0 22 0 0 2 0 0 34 2 2 0 0 0 1 0 4 1 0 0 0 0 1 0 0 0 0 0 0 15 0 0 0 0 1 0 1 1 21 0 1 0 0 0 0 3 40 0 24 7 0 0 0 1 1 34 0 2 0 6 0 17 4 0 0 7 0 0 0 0 0 0 0 1 2 0 0 1 0 0 7 1 2 2629 0 0 0 0 1 0 0 0 0 0 5 2 1 0 2 2 0 2 0 0 0 0 0 1 38 27 0 1 73 0 0 26 2 1 4 6 0 0 0 3 0 1 0 0 0 0 0 5 0 0 0 0 0 0 0 0 1 3 0 1 6 0 0 0 1 0 1 1 1 0 0 0 0 15 0 0 58 0 0 0 1 0 0 0 0 0 3 1 0 2 0 0 8 0 0 4 0 0 0 0 1 0 0 8 0 0 0 0 0 0 0 0 0 0 0 1 0 0 8 2 0 12 8 0 6 7 0 1 0 
8 4062 0 0 0 0 1 0 62 0 0 0 1 1 3 2 0 0 0 0 0 0 22 0 0 0 0 3 1 0 0 11 0 0 2 0 0 0 0 0 2 0 0 11 0 0 0 0 0 85 0 2 0 0 0 2 0 4 0 0 0 1 1 0 0 0 2 0 0 0 11 0 1 0 0 2 0 0 1 18 0 3 0 1 0 0 2 12 0 26 0 0 0 0 0 0 37 0 1 0 1 0 24 5 0 0 4 0 0 0 0 1 1 0 0 4 0 0 0 0 0 8 0 3 3288 0 0 0 0 1 0 0 0 0 0 11 0 0 0 1 0 0 2 3 0 0 0 0 0 22 40 4 2 40 1 0 33 17 0 15 4 0 0 0 0 0 0 4 0 0 0 0 3 0 0 0 0 0 0 0 0 1 4 0 1 5 0 0 0 0 0 0 1 0 0 0 0 1 18 0 9 45 0 1 0 2 0 0 0 0 0 6 4 0 0 0 0 13 0 0 2 0 3 0 0 0 0 0 4 1 0 0 0 0 0 0 0 0 0 0 0 0 1 4 5 0 9 5 0 4 12 0 1 0 
9 4347 0 0 0 0 1 0 57 0 0 0 0 0 1 12 0 0 0 0 0 0 20 0 0 0 0 3 1 0 0 8 0 0 3 0 0 0 0 0 8 0 5 29 0 0 2 0 0 69 0 2 0 0 0 1 0 8 1 0 0 0 1 4 0 0 0 0 0 0 8 0 0 0 0 0 0 1 7 22 0 1 0 0 0 1 2 10 0 24 0 0 1 0 1 3 43 0 1 0 2 0 28 3 0 0 3 0 0 0 0 0 1 0 0 7 0 0 1 0 0 15 0 0 3522 0 0 0 0 2 0 0 0 0 0 9 2 1 0 0 1 0 2 2 0 0 0 0 0 24 45 2 3 41 0 0 30 8 0 5 3 1 0 0 0 0 4 2 0 0 0 0 3 0 0 0 5 0 0 0 0 3 3 0 1 10 0 0 0 1 0 1 1 1 0 0 0 1 20 0 12 40 1 0 0 3 0 0 0 0 0 6 1 0 0 0 0 14 0 0 14 0 1 0 0 0 0 0 4 3 0 0 0 0 0 0 0 2 0 0 1 0 2 8 2 0 5 6 0 7 10 0 0 0 
10 4462 0 0 4 0 3 0 55 0 0 0 0 0 1 1 0 0 0 0 0 0 33 0 0 0 0 2 3 1 0 4 0 0 1 0 0 0 0 0 3 0 5 14 0 0 1 0 0 63 1 6 0 0 0 0 0 13 0 0 0 1 0 4 0 0 1 0 0 0 11 0 0 3 0 0 0 0 1 24 0 1 0 0 0 0 4 5 0 16 0 0 0 0 0 0 48 0 0 0 0 0 20 6 0 0 6 0 0 0 0 1 1 0 0 4 0 0 0 0 0 2 2 0 3582 0 0 0 0 3 0 0 0 0 0 12 1 0 0 1 0 0 4 0 0 0 0 0 1 42 49 1 2 40 3 0 75 5 1 8 5 2 0 1 0 0 1 0 0 0 0 0 2 0 0 0 0 0 0 0 1 9 0 0 0 24 0 0 0 0 0 3 1 2 0 0 0 7 23 0 19 47 0 2 0 4 0 0 0 4 0 3 1 0 1 0 0 13 0 0 5 0 0 0 0 0 0 0 8 1 0 0 0 0 0 0 0 0 0 0 0 0 2 16 0 0 7 9 0 3 12 1 1 0 
11 3789 0 0 0 0 0 0 66 0 0 0 0 0 3 7 0 0 0 0 0 0 31 0 0 1 0 5 1 0 0 3 0 0 0 0 0 0 0 0 2 0 11 13 0 0 3 0 0 52 1 5 0 0 0 1 4 6 8 0 0 5 1 0 0 0 0 0 0 0 6 0 0 2 0 0 0 1 1 22 0 3 1 0 0 1 4 5 0 19 1 0 1 0 0 2 44 0 0 0 3 0 22 10 0 2 7 1 0 0 0 0 0 0 0 4 1 0 0 0 0 9 2 1 2957 0 0 0 0 1 0 0 0 0 0 9 2 0 0 0 4 0 4 0 0 0 0 0 0 27 24 8 2 19 2 0 70 10 0 5 2 0 0 0 2 0 0 0 0 0 0 0 4 0 0 0 0 0 1 0 0 2 0 0 0 19 0 0 0 0 0 1 2 1 2 0 0 0 6 0 16 85 0 0 0 2 0 0 0 1 1 2 1 0 1 0 0 6 0 0 7 0 0 4 0 0 0 0 9 3 0 0 0 0 0 0 0 0 0 0 1 0 5 13 4 0 8 1 0 6 15 0 0 0 
12 3396 0 0 1 0 0 1 70 0 0 0 0 0 1 3 0 0 0 0 0 0 31 0 0 0 0 0 2 0 0 15 0 0 1 0 0 0 0 0 2 0 21 12 0 0 3 2 0 60 2 3 0 0 0 3 1 5 2 0 0 6 2 1 0 0 2 0 0 0 6 0 0 1 0 0 0 0 1 28 0 1 0 1 0 0 1 10 1 20 2 0 0 0 0 0 49 0 0 0 1 0 20 10 0 0 4 1 0 0 0 0 4 0 0 11 0 0 0 0 0 6 7 2 2529 0 0 0 0 2 0 0 0 0 0 8 5 0 0 1 0 0 1 0 1 0 0 0 0 37 27 1 2 15 1 0 100 13 1 6 1 0 0 1 1 0 0 0 0 0 0 0 4 0 1 0 0 0 1 0 0 3 0 0 2 12 0 0 0 1 0 3 0 0 0 0 0 0 12 0 3 76 0 0 0 2 0 0 0 2 0 3 0 0 0 0 0 7 0 0 8 0 1 0 0 0 0 0 4 0 0 0 0 0 2 0 1 0 0 0 2 0 6 5 0 0 4 4 0 8 8 0 0 0 
13 3122 0 0 1 0 0 1 67 0 0 0 1 0 1 1 0 0 0 0 0 0 54 0 0 0 0 5 0 0 0 13 0 0 3 0 0 0 0 0 0 0 11 17 0 0 3 0 0 51 0 1 0 0 0 1 0 11 2 0 0 3 1 2 0 0 1 0 0 0 8 0 0 0 0 1 0 4 11 28 0 1 0 0 0 0 2 10 0 20 1 0 0 0 0 1 40 0 0 0 2 0 10 0 0 2 5 0 0 0 0 1 0 0 0 16 0 0 0 0 0 9 9 2 2236 0 0 0 0 2 0 0 0 0 0 11 2 0 0 0 0 0 4 0 1 0 0 0 0 21 16 3 1 18 1 0 117 7 0 8 3 0 0 0 0 0 1 1 0 0 0 0 1 0 0 0 0 1 1 0 0 6 1 0 4 7 0 0 0 0 0 2 1 1 2 0 0 2 10 0 4 90 0 0 0 0 0 0 0 0 0 1 0 0 0 0 0 7 1 0 4 0 6 1 0 0 0 0 3 0 3 1 0 0 0 0 0 0 0 0 2 0 18 8 0 0 9 6 0 5 2 1 0 1 
14 2993 0 0 0 0 0 1 83 0 0 0 1 0 1 2 0 2 0 0 0 0 56 0 0 0 0 2 0 0 0 3 0 0 0 0 0 0 0 0 4 0 14 17 0 0 4 0 0 41 1 0 0 0 0 0 1 11 0 0 0 2 1 2 0 0 0 0 0 0 7 0 0 0 0 0 0 1 7 18 0 7 0 0 0 0 2 4 1 27 1 0 0 0 0 4 47 0 0 0 1 0 8 1 0 2 2 0 0 0 0 1 1 0 0 19 0 0 0 0 0 6 8 2 2082 0 0 0 0 0 3 0 0 0 1 8 0 0 0 0 1 0 3 0 0 0 0 0 0 22 28 5 2 29 6 0 124 3 1 2 2 1 0 0 0 0 0 0 0 0 0 0 5 0 0 0 2 1 1 0 0 3 0 0 1 24 0 0 0 0 0 3 0 0 3 0 0 4 8 0 6 99 2 0 0 1 0 0 0 2 0 8 0 0 0 0 0 4 0 0 9 0 1 2 0 0 0 0 3 0 1 0 0 0 0 0 2 0 1 0 0 0 12 1 3 0 6 5 0 3 8 0 0 1 
15 3170 0 0 1 0 0 0 66 0 0 0 1 0 0 1 0 0 0 0 0 0 46 0 0 0 0 7 0 0 1 11 0 0 0 0 0 0 2 0 5 0 15 9 0 0 14 0 0 42 2 4 0 1 0 1 1 8 0 0 0 5 0 4 0 0 5 0 0 0 10 0 0 0 2 0 0 1 0 20 0 1 0 0 0 0 0 4 0 15 0 0 0 0 0 2 36 0 0 0 3 0 13 0 0 0 6 0 0 0 0 0 1 0 0 9 0 0 0 0 0 9 11 1 2348 0 0 0 0 1 0 0 0 0 0 13 1 0 0 0 8 0 4 0 0 0 0 0 0 12 31 6 5 27 1 0 93 0 0 4 4 0 0 2 1 0 1 0 0 1 0 0 1 0 0 0 0 0 0 0 1 5 0 0 0 18 0 0 1 0 0 2 2 1 0 1 1 1 9 0 2 98 1 1 0 1 0 1 0 1 0 6 0 0 1 0 0 7 0 0 4 0 1 0 0 0 0 0 2 0 0 0 0 0 0 0 2 0 0 0 1 0 9 2 0 0 5 3 0 4 2 0 0 0 
16 3456 0 0 0 0 1 0 50 0 0 0 2 0 0 1 0 0 0 0 0 0 41 0 0 0 0 3 0 1 0 12 0 0 1 0 0 0 1 0 3 0 7 0 0 0 5 0 0 48 1 2 0 0 0 1 0 2 11 0 0 2 0 2 0 0 3 0 0 0 7 0 0 0 0 1 0 0 2 11 0 0 0 0 0 0 2 8 1 19 1 0 0 0 0 0 46 0 0 0 0 0 17 6 0 0 0 0 0 0 1 0 3 0 0 31 0 0 1 0 0 3 7 0 2609 0 0 0 0 2 0 0 0 0 0 6 0 0 0 0 1 0 0 0 0 0 0 0 0 16 31 8 2 27 3 0 122 3 1 3 2 1 0 2 0 0 1 0 0 0 0 0 2 0 0 0 0 1 0 0 0 2 0 0 0 8 0 0 1 0 0 2 2 0 1 0 0 0 11 0 16 134 2 0 0 0 0 0 0 1 0 4 0 0 1 0 0 9 0 0 3 0 1 0 0 0 0 0 5 1 0 0 0 0 2 0 2 0 0 0 0 0 9 0 0 0 7 1 1 3 3 0 1 0 
17 3902 0 0 0 1 0 0 91 0 0 0 0 0 0 2 0 0 0 0 0 0 49 0 0 0 0 1 0 1 0 13 0 0 0 0 0 0 1 0 0 0 9 0 0 0 7 0 0 49 7 2 0 0 0 0 0 11 4 0 0 4 2 0 0 0 1 0 0 0 14 0 0 0 1 0 0 2 0 4 0 0 0 0 0 0 1 7 0 18 4 0 0 0 0 3 47 0 0 0 3 0 8 4 0 0 2 0 0 0 0 2 0 0 0 17 0 0 1 0 0 1 11 1 3101 0 0 0 0 2 0 0 0 0 0 9 0 0 0 0 0 0 2 0 0 0 0 0 1 12 20 3 3 22 2 0 101 1 0 1 1 0 0 3 0 0 1 0 0 0 0 0 1 0 0 0 2 0 0 0 0 1 1 0 1 12 0 0 1 0 0 0 0 0 2 0 0 0 11 0 15 111 0 0 0 1 0 0 0 0 0 3 0 0 0 0 0 8 0 0 1 0 0 0 0 0 0 0 3 0 1 0 0 0 0 0 0 0 0 0 0 0 9 1 1 0 7 1 0 5 1 1 1 0 
18 4158 0 1 1 1 0 0 80 0 0 0 0 3 0 4 0 0 0 0 0 0 44 0 0 0 0 3 0 0 1 17 0 0 1 0 0 0 2 0 3 0 6 0 0 0 4 1 0 44 0 2 0 0 0 2 0 5 11 0 0 1 3 0 0 0 0 0 0 0 16 0 2 3 0 1 0 2 0 5 0 1 0 0 0 0 1 3 0 27 1 0 0 0 0 1 37 0 0 0 3 0 15 2 0 0 0 0 0 0 0 0 1 0 2 15 0 0 0 0 0 6 13 2 3249 0 0 0 0 0 0 0 0 0 0 7 0 0 0 1 0 0 2 3 0 0 0 0 0 24 32 2 0 29 0 0 119 2 0 6 3 0 0 2 1 0 0 2 0 0 0 0 5 0 0 0 0 0 1 0 0 0 2 0 1 30 0 0 1 0 0 0 6 0 0 0 0 0 10 0 10 117 1 0 0 2 0 0 0 0 0 5 0 0 0 0 0 4 0 0 1 0 3 0 0 1 0 0 5 2 0 0 0 0 0 0 1 0 0 0 0 0 9 1 0 0 26 8 0 4 2 0 1 0 
19 4181 0 0 0 0 1 0 96 0 0 0 0 0 0 4 0 0 0 0 0 0 57 0 0 0 0 4 0 0 0 6 0 0 0 0 0 0 0 0 7 0 4 2 0 0 4 0 0 51 5 3 0 1 0 3 1 5 2 0 0 2 0 2 0 0 1 0 0 0 18 0 0 0 0 1 0 1 1 0 0 8 0 0 0 0 0 9 0 31 0 0 0 0 0 1 55 0 0 0 0 0 11 1 0 0 2 0 2 0 0 1 0 1 0 9 0 0 0 0 0 1 7 2 3208 0 0 0 0 1 0 0 0 0 0 8 2 0 0 0 4 0 1 10 0 0 0 0 1 32 25 4 0 50 2 0 110 8 1 13 0 0 0 0 0 0 0 2 0 0 0 0 2 0 0 0 0 0 1 0 0 0 0 0 1 31 0 0 2 0 0 0 3 0 4 0 0 2 18 0 15 121 1 0 0 5 0 0 0 0 0 4 0 0 0 0 0 6 0 0 1 0 2 0 0 0 1 0 3 0 0 0 0 0 0 0 3 0 0 0 0 0 10 4 4 0 9 4 0 8 0 0 0 0 
20 4307 0 0 0 0 0 0 95 0 0 0 0 4 0 2 0 1 0 0 0 0 45 0 0 0 0 3 0 0 0 2 0 0 0 0 0 0 0 0 7 0 7 1 0 0 12 0 0 55 1 3 0 0 0 4 0 11 0 0 0 4 1 0 0 0 0 0 0 0 13 0 0 0 0 5 0 0 0 6 0 5 0 0 0 0 0 6 1 19 0 0 0 0 0 3 39 0 0 0 5 0 18 0 0 0 2 0 0 0 0 0 1 0 0 11 0 0 0 0 1 2 8 1 3357 0 0 0 0 0 0 0 0 0 0 10 0 1 0 1 6 0 2 0 0 0 0 0 1 29 30 3 2 39 3 0 136 8 0 6 0 0 0 0 2 0 0 2 0 0 0 0 0 0 0 0 0 0 0 0 0 0 2 0 0 27 0 0 1 1 0 0 2 0 0 0 0 0 10 0 25 122 1 0 0 5 0 0 0 0 0 10 0 0 2 0 0 4 0 0 0 0 1 0 0 1 0 0 6 0 0 0 0 0 1 1 0 0 0 0 0 0 8 8 3 0 2 5 1 3 0 0 0 0 
21 4052 0 0 1 0 0 1 64 0 0 0 1 0 0 0 0 0 0 0 0 0 69 0 0 0 0 2 0 2 0 5 0 0 0 0 0 0 0 0 4 0 24 4 0 0 8 0 0 52 1 1 0 0 0 0 0 7 0 0 1 2 3 2 0 0 2 0 0 0 53 0 0 0 1 1 0 1 0 4 0 2 0 0 0 2 0 3 1 17 0 0 0 0 0 3 49 0 2 0 0 0 22 0 0 1 3 0 0 0 1 0 0 0 0 8 0 0 0 0 0 0 4 3 3110 0 0 0 0 0 0 0 0 0 1 4 0 0 1 1 0 0 5 2 1 0 0 0 0 27 27 5 1 36 2 0 130 4 0 3 14 0 0 2 0 0 1 0 0 0 0 0 1 0 0 0 0 0 0 0 0 1 1 0 4 14 0 0 0 0 0 1 1 0 2 0 0 2 10 0 17 125 2 0 0 1 0 0 0 0 0 5 0 0 0 0 0 1 0 0 0 0 0 1 0 0 0 0 2 0 1 0 0 0 0 0 1 0 0 0 0 0 13 5 0 0 1 4 0 6 0 0 4 0 
22 3269 0 0 2 0 0 0 55 0 0 0 1 1 0 1 0 0 0 0 0 0 60 0 0 0 0 0 0 0 0 0 0 0 1 0 0 0 2 0 1 0 19 4 0 0 7 0 0 43 0 3 0 0 0 1 0 3 0 0 0 6 1 0 0 0 2 0 0 0 17 0 0 0 0 3 0 2 17 4 0 1 0 0 0 0 0 3 0 11 0 0 0 0 0 0 21 0 0 0 0 0 20 0 0 0 0 0 1 0 0 0 0 0 0 26 0 0 0 0 0 2 10 0 2512 0 0 0 0 0 0 0 0 0 0 7 0 0 0 0 0 0 1 0 0 0 0 0 0 21 20 5 0 33 3 0 96 3 0 4 1 0 0 5 0 0 0 0 0 0 0 0 0 0 0 0 0 0 0 0 0 2 0 0 0 16 0 0 0 0 0 0 1 0 0 0 0 0 13 0 9 117 2 0 0 1 0 0 0 2 0 4 0 0 1 0 0 1 0 0 1 0 0 0 0 0 0 0 2 0 0 0 0 0 0 0 1 0 0 0 0 0 16 6 0 0 0 3 0 2 0 0 1 1 
23 2477 0 0 5 0 3 0 23 0 0 0 0 0 0 10 0 0 0 0 0 0 91 0 0 0 0 1 0 0 0 5 0 0 0 0 0 0 0 0 0 0 22 10 0 0 8 0 1 44 0 0 0 0 0 1 0 5 0 0 0 4 1 0 1 0 1 0 0 0 7 0 0 0 0 2 0 2 2 8 0 0 0 0 0 0 2 3 0 7 0 0 0 0 0 1 13 0 0 0 0 0 16 0 0 0 3 0 0 0 0 0 0 1 0 25 0 0 0 0 0 2 7 0 1667 0 0 0 0 0 0 0 0 0 0 6 0 0 0 1 2 0 2 0 0 0 0 0 0 38 12 5 1 28 2 0 151 2 0 2 1 0 0 0 0 0 0 0 0 0 0 0 0 0 0 0 0 0 0 0 0 3 0 0 1 23 0 0 0 1 0 1 1 0 4 0 0 2 4 0 15 126 0 0 0 0 0 0 0 1 1 2 0 0 0 0 0 0 0 0 0 0 0 0 0 1 0 0 0 0 0 0 0 0 0 0 0 0 0 0 0 0 9 7 0 0 1 2 0 1 6 0 0 0 
24 1653 0 0 0 0 0 0 24 0 0 0 0 0 0 2 0 0 0 0 0 0 96 0 0 0 0 1 0 0 0 1 0 0 0 0 0 0 0 0 0 0 22 3 0 0 3 0 0 32 1 4 0 0 0 0 0 3 0 0 0 2 1 1 0 0 1 0 0 0 4 0 0 0 0 2 0 1 0 5 0 0 0 0 0 0 1 1 1 1 0 0 0 0 0 0 10 0 0 0 0 0 9 0 0 0 0 0 0 0 0 0 0 0 0 22 0 0 0 0 0 3 17 1 916 0 0 0 0 0 0 0 0 0 0 0 0 0 0 0 0 0 1 2 0 0 0 0 0 32 4 11 0 5 3 0 169 2 0 5 0 0 0 1 0 0 0 0 0 0 0 0 0 0 0 0 1 0 0 0 0 2 0 0 1 17 0 0 0 0 0 1 2 0 2 0 0 0 2 0 4 143 1 0 0 0 0 0 0 0 0 3 0 0 0 0 0 0 0 0 1 0 0 0 0 0 0 0 0 0 0 0 0 0 0 0 0 0 1 0 0 0 17 5 0 0 2 1 0 2 0 0 1 0 
25 1171 0 0 0 0 0 0 13 0 0 0 0 0 0 0 0 0 0 0 0 0 94 0 0 0 0 1 0 0 1 0 0 0 0 0 0 0 0 0 0 0 11 2 1 0 1 0 0 3 0 0 0 0 0 1 0 7 0 0 0 0 0 1 0 0 6 0 0 0 2 0 0 0 1 1 0 2 0 12 0 0 0 0 0 0 2 1 0 2 1 0 0 0 0 0 4 0 0 0 0 0 2 0 0 2 0 0 0 0 0 0 0 0 0 22 0 0 0 0 0 3 6 0 565 1 0 0 0 0 0 0 0 0 1 4 0 0 0 1 0 0 0 0 0 0 0 0 0 32 9 6 4 1 4 0 132 2 0 5 0 0 0 2 1 0 0 0 0 0 0 0 0 0 0 0 0 0 0 0 0 0 0 0 0 13 0 0 0 0 0 1 0 0 2 0 0 0 0 0 4 138 2 0 0 0 0 0 0 2 0 0 0 0 0 0 0 0 0 0 2 0 0 0 0 0 0 0 0 0 0 0 0 0 0 0 0 0 0 0 0 0 17 1 0 0 2 3 0 1 1 0 0 0 
26 858 0 0 0 0 0 0 6 0 0 0 0 0 0 0 0 0 0 0 0 0 84 1 0 0 0 1 0 0 0 7 0 0 0 0 0 0 0 0 1 0 11 3 0 0 6 0 0 6 0 0 0 0 0 0 0 1 0 0 0 0 0 0 0 0 1 0 0 0 0 0 0 0 1 0 0 0 0 15 0 0 0 0 0 0 0 0 1 0 0 0 0 0 0 0 5 0 0 0 0 0 1 0 0 0 1 0 1 0 0 0 0 0 0 13 0 0 0 0 0 3 11 0 300 0 0 0 0 0 0 0 0 0 0 3 0 0 0 0 0 0 0 2 2 0 0 0 0 4 3 4 0 0 2 0 132 1 0 0 0 0 0 0 1 0 0 0 0 0 0 0 0 0 0 0 0 0 0 0 0 2 0 0 0 10 0 0 0 0 0 1 0 0 0 0 0 0 12 0 0 134 4 0 0 0 0 0 0 0 0 0 0 0 0 0 0 0 0 0 5 0 0 0 0 1 0 0 0 0 0 0 0 0 0 0 0 0 0 0 0 0 15 8 0 0 10 2 0 2 4 0 0 0 
27 856 0 0 0 0 0 0 4 0 0 0 0 0 0 1 0 0 0 0 0 0 53 0 0 0 0 3 0 0 0 5 0 0 0 0 0 0 1 0 0 0 5 10 0 0 3 0 0 1 0 1 0 0 0 2 0 1 0 0 0 0 0 0 0 0 1 0 0 0 2 0 0 0 3 1 0 1 0 17 0 0 0 0 0 0 0 0 0 1 2 0 0 0 0 0 2 0 0 0 0 0 0 1 0 0 0 0 0 0 0 0 0 0 0 22 0 0 0 0 0 8 9 0 354 1 0 0 0 0 0 0 0 0 1 1 1 0 0 0 0 0 1 0 0 0 0 0 0 7 5 4 1 0 2 0 77 2 0 2 0 0 0 0 0 0 0 0 0 0 0 0 0 0 0 0 1 0 0 0 0 1 0 0 0 5 0 0 0 0 0 0 0 0 0 0 0 0 2 0 1 145 4 0 0 0 0 0 0 0 0 1 0 0 0 0 0 0 0 0 5 0 0 0 0 0 0 0 7 0 0 0 0 0 0 0 0 0 0 0 1 0 12 13 0 0 8 5 0 2 2 0 0 0 
28 1088 0 0 3 0 0 0 15 0 0 0 0 0 0 4 0 0 0 0 0 0 35 0 0 0 0 4 0 0 0 8 0 0 0 0 0 0 1 0 0 0 7 4 0 0 3 0 0 4 0 0 0 0 0 0 0 0 0 0 0 0 0 1 1 0 2 0 0 0 1 0 0 0 0 0 0 4 0 23 0 0 0 1 0 0 1 2 0 3 1 0 0 0 0 0 6 0 0 0 0 0 0 0 0 0 0 0 0 0 0 1 0 0 0 11 0 0 1 0 0 11 16 0 585 0 0 0 0 2 0 0 0 0 0 1 0 0 0 0 0 0 0 0 1 0 0 0 0 0 13 8 1 1 1 0 83 0 0 1 1 0 0 2 0 0 0 0 0 0 0 0 1 0 0 0 0 0 0 0 2 0 0 0 0 6 0 0 0 1 0 2 2 1 3 0 0 0 6 0 2 106 3 0 0 0 0 0 0 0 0 1 0 0 0 0 0 2 0 0 2 0 0 0 0 0 0 0 0 0 0 0 0 0 0 0 0 0 0 0 1 0 12 13 0 0 18 7 0 0 8 0 0 0 
29 1854 0 0 0 0 0 0 39 0 0 0 0 1 1 1 0 0 0 0 0 0 13 0 0 0 0 3 1 0 0 11 0 0 0 0 0 0 0 0 2 0 3 3 0 0 4 0 0 6 1 0 0 0 0 0 0 1 0 0 0 0 0 1 1 0 0 0 0 0 3 0 0 0 0 5 1 2 0 21 0 3 0 0 0 1 0 2 1 6 2 0 0 0 0 0 23 0 0 0 3 0 0 0 0 0 0 0 0 0 0 1 0 0 0 4 0 0 0 0 0 5 8 1 1363 0 0 0 0 0 0 0 0 0 0 1 0 1 0 0 0 0 1 2 0 0 0 0 0 3 30 4 1 5 3 0 22 2 0 10 1 0 0 2 0 0 0 0 0 0 0 0 0 0 0 0 0 0 2 0 0 0 6 0 0 1 0 0 1 0 0 1 1 0 0 0 0 0 10 0 3 126 1 0 0 1 0 0 0 0 0 0 0 0 0 0 0 2 0 0 8 0 4 0 0 0 0 0 2 0 0 0 0 0 0 0 0 0 0 0 0 0 4 7 0 0 10 11 0 1 7 0 0 0 
30 2764 0 0 0 0 0 0 56 0 0 0 0 0 4 5 0 0 0 0 0 0 15 0 0 0 0 1 0 0 0 4 0 0 0 0 0 0 1 0 2 0 4 14 0 0 0 0 0 35 0 0 0 0 0 3 0 0 0 0 2 0 0 2 2 0 1 0 0 0 16 0 0 0 0 1 0 1 2 21 0 4 0 0 0 0 1 4 0 16 0 0 0 0 0 1 33 0 0 0 4 0 12 1 0 0 0 0 0 0 0 1 1 0 0 0 0 0 0 0 0 9 5 2 2144 0 0 0 0 2 0 0 0 0 0 3 1 1 0 0 0 0 5 1 0 0 0 0 0 32 20 3 3 12 0 0 21 5 3 2 1 0 0 1 0 0 0 0 0 0 0 0 5 0 0 0 0 0 1 0 0 1 1 0 2 6 0 0 0 0 0 4 2 1 0 0 0 1 16 0 1 88 1 0 0 0 0 0 0 0 0 3 0 0 0 0 0 6 0 0 2 0 4 0 0 0 0 0 11 0 0 0 0 0 0 0 0 0 0 0 1 0 8 11 1 0 11 5 0 1 7 0 0 0 
31 3706 0 0 0 0 2 0 45 0 0 0 1 0 1 7 0 0 0 0 0 0 10 0 0 0 0 4 1 0 0 3 0 0 0 0 0 1 0 0 5 0 4 11 0 0 2 0 0 30 1 2 0 0 0 1 0 2 0 0 3 1 0 0 0 0 0 0 0 0 14 0 0 0 0 1 0 0 0 20 0 1 0 0 0 2 6 7 0 18 1 0 0 0 1 1 37 0 0 0 2 0 17 1 0 0 0 0 0 0 0 0 1 0 0 17 0 0 0 0 0 4 2 2 2932 0 0 0 0 1 0 0 0 0 0 76 0 0 0 0 5 0 6 2 0 0 0 0 0 99 44 0 3 36 0 0 16 3 0 3 2 0 0 1 0 0 0 0 0 0 0 0 1 0 0 0 0 0 1 0 0 0 1 0 0 7 0 0 0 0 0 1 1 0 0 0 0 1 12 0 4 55 0 0 0 5 0 0 0 0 0 1 0 0 0 0 0 5 0 0 5 0 0 0 0 1 0 0 5 0 0 0 0 0 0 0 0 0 0 0 0 0 4 12 3 0 12 3 0 7 10 1 2 0 
32 4029 0 1 1 2 0 0 63 0 0 0 0 0 3 2 0 0 0 0 0 0 27 0 0 0 0 2 0 0 1 12 0 0 1 0 0 0 0 0 1 0 0 7 0 0 1 0 0 63 1 4 0 0 0 1 0 3 0 0 1 0 0 0 0 0 1 0 0 0 12 0 0 0 0 5 0 1 0 14 0 3 0 0 0 0 5 6 1 15 0 0 0 0 0 0 53 0 0 0 3 0 21 0 0 0 1 0 0 0 1 1 0 0 0 1 0 0 0 0 0 6 1 4 3319 0 0 0 0 0 0 0 0 0 0 7 1 0 0 0 0 0 3 3 0 0 0 0 0 53 41 6 3 19 1 0 18 3 0 3 0 3 0 0 0 0 0 0 0 0 0 0 2 0 0 0 0 0 0 0 0 3 2 0 0 10 0 0 0 0 0 2 7 0 1 0 0 0 18 0 18 49 0 1 0 2 0 0 0 0 0 1 1 0 0 0 0 11 0 0 1 0 6 0 0 0 0 0 1 0 0 0 0 0 0 1 0 0 0 0 1 0 1 7 3 0 10 7 0 1 6 0 1 0 
33 4706 0 0 1 0 4 0 62 0 0 0 0 0 3 5 0 0 0 0 0 0 15 0 0 0 0 3 1 1 1 6 0 0 2 0 0 0 0 0 3 0 2 10 0 0 1 0 0 65 1 3 0 0 0 1 0 7 0 0 0 0 0 0 0 0 0 0 0 0 11 0 0 0 0 0 0 0 2 17 0 4 0 0 0 1 2 4 0 25 0 0 0 0 0 2 55 0 0 0 3 0 22 4 0 0 6 0 0 0 0 0 0 0 0 3 0 0 0 0 0 2 0 3 3940 0 0 0 0 6 0 0 0 0 0 6 2 0 0 1 4 0 3 0 1 0 0 0 0 24 43 1 2 35 1 0 24 12 1 4 3 0 0 0 0 0 0 0 0 0 0 0 2 0 0 0 0 0 0 0 2 0 2 0 0 10 0 0 0 1 0 2 3 0 0 0 0 0 25 0 15 63 1 0 0 0 0 0 0 2 0 5 0 0 0 0 0 6 0 0 11 0 0 0 0 0 0 0 3 0 0 0 0 0 0 0 2 0 0 0 0 0 2 11 2 0 13 4 0 3 13 0 0 0 
34 4315 0 0 1 1 1 0 75 0 0 0 0 1 2 3 0 0 0 1 0 0 27 0 0 1 0 2 0 0 0 14 0 0 2 0 0 0 0 0 6 0 8 5 0 0 4 0 0 59 4 5 0 0 0 1 0 7 0 0 0 1 0 0 0 0 4 0 0 0 9 0 0 0 1 1 0 0 0 23 0 2 0 0 0 0 5 18 0 22 0 0 0 0 1 3 56 0 0 0 1 0 17 0 0 0 3 0 0 0 0 1 1 0 0 1 0 0 0 0 0 10 0 3 3457 0 0 0 0 0 0 0 0 0 0 5 1 0 0 1 5 0 6 0 2 0 0 0 0 20 41 0 6 25 0 0 51 3 1 3 1 0 0 1 1 0 4 0 0 0 0 0 3 0 0 0 0 0 0 0 0 1 0 0 1 48 0 0 0 0 0 0 5 0 1 0 0 0 23 0 8 57 1 2 0 0 0 0 0 1 0 7 2 0 0 0 0 16 0 0 4 0 6 0 0 1 1 0 3 0 0 0 0 0 1 0 0 0 0 0 1 0 6 14 4 0 11 6 1 1 15 1 1 0 
35 3693 0 0 1 0 0 0 76 0 0 0 0 0 0 8 0 0 0 0 0 0 35 0 0 0 0 4 0 0 0 12 0 0 2 0 0 0 0 0 3 0 18 5 0 0 11 0 0 62 0 4 0 0 0 0 1 7 1 0 0 9 0 1 0 0 1 0 0 0 9 0 0 0 0 0 1 0 0 27 0 0 1 0 0 1 4 12 0 19 2 0 0 0 0 2 49 0 1 0 2 0 21 2 0 0 7 0 0 0 0 0 2 0 0 16 0 0 6 0 1 6 5 4 2767 0 0 0 0 0 0 0 0 0 0 4 1 0 0 1 1 0 3 0 1 0 0 0 0 33 41 4 4 27 1 0 100 13 1 5 2 0 0 0 0 0 0 0 0 0 0 0 2 0 0 0 1 0 1 0 0 1 0 0 0 18 0 0 0 1 0 1 4 0 1 0 0 1 12 0 17 67 2 1 0 4 0 0 0 2 0 7 0 0 0 0 0 4 0 0 12 0 3 0 0 0 0 0 3 1 0 0 0 0 3 0 0 1 1 0 0 0 4 9 2 0 8 7 0 3 7 0 1 0 
36 3325 0 0 1 0 0 0 63 0 0 0 0 0 0 0 0 0 0 0 0 0 34 0 0 0 0 4 0 0 1 10 0 0 0 0 0 0 0 0 1 0 11 26 0 0 8 0 0 43 0 2 0 0 0 2 0 2 0 0 0 5 0 0 0 0 0 0 0 0 9 0 0 0 0 0 0 0 0 23 0 0 0 0 0 0 1 2 1 16 1 0 0 0 0 0 47 0 0 0 1 0 19 0 0 0 0 0 0 0 0 0 1 0 1 13 0 0 0 0 0 9 6 3 2526 0 0 0 0 1 0 0 0 0 0 3 2 0 0 0 0 0 2 0 0 0 0 0 0 16 35 8 1 22 4 0 114 4 3 3 1 0 0 0 1 0 2 0 0 3 0 0 2 0 0 0 3 0 0 0 0 2 0 0 0 18 0 0 0 0 0 0 0 0 2 0 0 0 11 0 10 69 1 0 0 2 0 0 0 1 0 3 0 0 0 0 0 6 0 0 7 0 1 1 0 0 0 0 1 2 0 0 0 0 2 0 0 0 0 0 0 0 4 8 1 0 7 3 0 8 10 0 0 0 
37 2990 0 0 1 1 0 0 69 0 0 0 0 0 1 2 0 0 0 0 0 0 43 0 0 0 0 0 0 0 0 4 0 0 1 0 0 0 0 0 1 0 18 8 0 0 1 2 0 50 0 1 0 0 0 2 0 8 0 0 0 2 1 0 0 0 0 0 0 0 7 0 0 0 1 0 0 1 0 30 0 2 0 0 0 0 6 4 0 19 0 0 0 0 0 0 63 1 0 0 1 0 15 2 0 0 0 0 0 0 0 0 0 0 0 13 0 0 0 0 0 7 20 2 2093 0 0 0 0 0 1 0 0 0 1 10 2 0 0 0 1 0 5 0 0 0 0 0 0 30 23 0 3 30 3 0 125 4 4 4 1 0 0 1 2 0 0 0 0 0 0 0 0 0 0 0 0 0 2 0 0 0 0 0 0 13 0 0 0 0 0 1 2 1 2 0 0 0 15 0 4 126 1 0 0 0 0 0 0 0 0 3 0 0 2 0 0 5 0 1 4 0 1 0 0 2 0 0 5 1 0 0 0 0 0 0 1 0 0 0 0 0 8 8 1 0 9 2 0 6 1 0 0 0 
38 3047 0 0 1 0 0 0 53 0 0 0 0 0 2 1 0 0 0 0 0 0 54 0 0 0 0 2 1 0 0 10 0 0 0 0 0 0 0 0 8 0 11 10 0 0 10 0 0 53 2 3 0 0 0 0 0 5 1 0 0 4 0 0 0 0 0 0 0 0 13 0 0 0 0 0 0 5 2 27 0 1 0 0 0 0 1 3 0 15 3 0 0 0 0 0 51 0 0 0 1 0 17 0 0 0 2 0 0 0 0 1 2 0 0 28 0 0 0 0 0 4 6 5 2194 0 0 0 0 0 0 0 0 0 0 6 1 0 0 0 1 0 5 0 0 0 0 0 0 18 34 5 2 22 2 0 108 5 0 4 1 0 0 2 0 0 2 0 0 0 0 0 2 0 0 0 0 0 0 0 0 2 0 0 0 14 0 0 0 0 0 1 0 0 2 0 0 0 16 0 7 90 0 0 0 0 0 0 0 2 0 6 0 0 0 0 0 7 0 0 11 0 1 0 0 0 1 0 3 3 0 0 0 0 1 0 0 3 0 0 0 0 6 8 5 0 3 1 0 1 1 0 0 0 
39 3031 0 0 0 0 0 0 55 0 0 0 1 0 1 1 0 0 0 1 0 0 59 0 0 0 0 0 0 0 0 7 0 1 0 0 0 0 0 0 6 0 7 8 0 0 8 0 0 45 1 2 0 0 1 1 0 10 0 0 0 5 0 0 0 0 1 0 0 0 15 0 0 0 1 0 0 0 2 12 0 5 0 0 0 0 3 8 0 20 3 0 0 0 0 0 33 0 0 0 1 0 8 1 0 0 4 0 0 0 0 0 0 0 1 12 0 0 0 0 0 6 13 0 2212 0 0 0 0 0 0 0 0 0 0 6 0 0 0 0 1 0 1 0 0 0 0 0 0 14 34 7 1 21 3 0 114 3 0 17 0 1 0 1 0 0 0 0 1 0 0 0 2 0 0 0 0 0 0 0 0 2 2 0 3 15 0 0 0 0 0 0 2 0 0 0 0 0 16 0 7 105 2 0 0 0 0 0 0 0 0 9 1 0 0 0 0 0 0 0 5 0 0 0 0 0 1 0 4 0 0 0 0 0 1 0 1 0 1 0 1 0 13 0 0 0 3 2 0 9 8 0 0 0 
40 3334 0 0 1 0 0 0 69 0 0 0 1 0 0 3 0 0 0 0 0 0 36 0 0 0 0 4 0 0 0 9 0 0 0 0 0 0 0 0 1 0 14 2 0 0 14 0 0 49 0 2 0 0 0 1 0 3 1 0 1 4 0 0 1 0 0 0 0 0 10 0 0 5 1 0 0 1 0 8 0 2 0 0 0 1 1 7 0 22 0 0 0 0 0 0 40 0 0 0 0 0 13 2 0 0 1 0 0 0 0 0 1 0 1 17 0 0 0 0 0 5 11 0 2529 0 0 0 0 1 0 0 0 0 0 4 0 0 0 1 1 0 1 0 0 0 0 0 0 21 20 4 6 32 3 0 105 0 0 6 0 0 0 1 4 0 0 0 0 0 0 0 3 0 0 0 2 0 0 0 0 0 0 0 0 12 0 0 0 0 0 2 2 0 1 0 0 1 19 0 11 105 1 3 0 2 0 0 0 0 0 9 0 0 0 0 0 1 0 0 2 0 1 1 0 0 1 0 0 0 0 0 0 0 0 0 0 0 0 0 0 0 11 0 3 0 9 2 0 7 7 0 0 0 
41 3608 0 0 0 1 0 0 100 0 0 0 0 0 1 3 0 0 0 0 0 0 39 0 0 0 0 1 2 0 1 9 0 0 0 0 0 0 1 0 5 0 3 1 0 0 6 0 0 57 3 1 0 0 0 1 0 6 0 0 2 4 1 0 0 0 3 0 0 0 12 0 0 0 0 0 0 1 2 10 0 1 0 0 0 0 1 2 0 27 0 0 0 0 0 1 34 0 0 0 0 0 11 0 0 0 2 0 0 0 0 1 2 0 0 14 0 0 0 0 0 9 7 1 2729 0 0 0 0 6 0 0 0 0 1 4 2 0 0 0 0 0 2 0 0 0 0 0 0 32 32 6 3 28 1 0 117 8 0 9 4 2 0 3 0 0 0 0 0 0 0 0 1 0 0 0 1 1 1 0 0 0 0 0 2 11 0 0 0 1 0 0 1 1 0 1 0 0 11 0 18 118 1 0 0 2 0 1 0 0 0 9 0 0 0 0 0 2 0 0 0 0 0 0 0 0 0 0 1 0 0 0 0 0 1 0 0 0 0 0 0 0 12 0 4 0 7 3 0 4 1 0 0 0 
42 3935 0 0 0 1 0 0 104 0 0 0 0 0 0 4 0 0 0 0 0 0 46 0 0 0 0 2 0 0 4 6 0 0 0 0 0 0 0 0 4 0 12 9 0 0 4 0 0 42 6 3 0 0 0 0 0 2 0 0 0 2 1 0 0 0 1 0 0 0 24 3 0 1 1 4 0 3 2 6 0 2 0 0 0 0 2 6 0 36 0 0 0 0 0 1 45 0 0 0 1 0 13 2 0 0 2 0 0 0 0 0 2 0 0 9 0 0 0 0 0 6 12 1 2956 0 0 0 0 1 0 0 0 0 2 8 0 0 0 0 5 0 5 1 0 0 0 0 0 53 19 4 1 29 1 0 114 6 0 5 6 0 0 2 0 0 2 0 0 0 0 0 4 0 0 0 1 1 0 0 0 1 0 0 3 6 0 0 0 0 0 0 3 0 4 0 0 2 11 0 22 149 0 0 0 3 0 1 0 1 0 8 2 0 0 0 0 3 0 0 1 0 0 0 0 0 0 0 4 1 0 0 0 0 1 0 1 3 0 0 0 0 12 3 1 0 8 3 0 1 2 0 1 0 
43 4152 0 0 1 0 0 0 89 0 0 0 0 0 0 2 0 2 0 0 0 0 51 0 0 0 0 1 0 0 0 11 0 0 2 0 0 0 2 0 0 0 22 11 0 0 4 0 0 59 3 1 0 0 0 0 0 17 0 0 0 8 0 0 0 0 4 0 0 0 18 0 0 0 0 1 0 1 0 5 0 2 0 1 0 0 2 10 0 30 0 0 0 0 0 0 36 0 0 0 4 0 14 1 0 0 2 0 0 0 0 1 0 0 0 28 0 0 0 0 0 2 11 3 3152 0 0 0 0 0 0 0 0 0 0 7 1 0 0 1 4 0 4 0 0 0 0 0 0 30 42 0 0 47 1 0 113 2 0 1 3 0 0 2 0 0 0 0 1 2 0 0 3 0 0 0 1 0 0 0 0 1 1 0 0 33 0 0 1 0 0 1 6 0 5 1 0 5 13 0 12 109 2 0 0 2 0 0 0 1 0 5 0 0 0 0 0 1 0 1 1 0 3 10 0 0 1 0 4 0 1 0 0 0 2 0 4 0 0 0 1 0 6 0 1 0 10 2 0 6 0 1 2 0 
44 4152 0 0 1 0 0 1 97 0 0 0 0 0 1 7 0 0 0 1 0 0 57 0 0 1 0 1 0 0 1 12 0 0 1 0 0 0 0 0 7 0 35 12 0 0 6 1 0 61 1 4 0 0 0 2 0 22 2 0 2 0 0 0 0 0 2 0 0 0 19 0 0 1 0 2 0 0 1 3 0 10 0 0 0 0 3 8 0 37 0 0 0 0 0 1 47 0 0 0 0 0 18 0 0 0 3 0 0 0 0 1 0 0 0 14 0 0 0 0 0 1 6 1 3138 0 0 0 0 1 0 0 0 0 0 5 0 1 0 1 2 0 6 0 0 0 0 0 0 25 31 3 0 47 3 0 95 5 0 2 5 0 0 1 1 0 0 0 0 0 0 0 2 0 0 0 0 0 0 0 0 0 1 0 0 16 0 0 1 1 0 0 4 1 2 0 0 1 10 0 21 129 0 0 0 0 0 0 0 0 0 6 0 0 0 0 0 6 0 0 0 0 9 1 0 0 0 0 5 0 0 0 0 0 0 0 0 0 0 0 1 0 9 4 3 0 2 4 0 4 0 0 1 0 
45 3697 0 0 0 1 0 0 88 0 0 0 0 2 0 4 0 0 0 1 0 0 59 0 0 0 0 2 0 4 1 4 0 0 0 0 0 0 0 0 1 0 12 3 0 0 7 0 0 53 2 3 0 0 0 2 0 7 0 0 0 6 1 0 0 0 0 0 0 0 17 1 0 0 0 1 1 0 0 2 0 5 0 0 0 0 3 3 1 23 0 0 0 0 0 0 53 0 0 0 0 0 14 2 0 0 9 0 0 0 0 0 1 0 0 25 0 0 1 0 0 0 12 1 2731 0 0 0 0 2 0 0 0 0 0 6 0 0 0 0 0 0 4 0 0 0 0 0 2 39 36 17 0 32 4 0 119 8 0 2 1 0 0 1 4 0 0 0 0 2 0 0 1 0 0 0 2 0 0 0 0 0 0 0 0 15 0 0 0 0 0 0 2 3 2 0 0 0 9 0 15 125 2 0 0 1 0 0 0 1 0 9 0 0 1 0 0 3 0 0 0 0 2 0 0 1 0 0 5 0 0 0 0 0 0 0 1 0 0 0 0 0 2 5 0 0 7 3 0 8 2 0 0 0 
46 3110 0 0 0 1 0 0 34 0 0 0 0 1 0 2 0 0 0 4 0 0 75 0 0 0 0 2 0 0 0 0 0 0 0 0 0 0 0 0 2 0 11 5 0 0 5 0 0 56 2 2 0 0 0 1 0 3 0 0 0 15 0 0 0 0 1 0 0 0 10 0 0 0 0 0 0 2 2 5 0 1 0 0 0 0 0 5 1 17 0 0 0 0 0 0 51 0 0 0 0 0 14 0 0 0 7 0 0 0 0 0 0 0 0 20 0 0 0 0 1 1 5 1 2296 0 0 0 0 1 0 0 0 0 0 5 1 0 0 0 0 0 2 0 0 0 0 0 0 38 27 3 0 19 4 0 97 2 0 3 14 0 0 1 0 0 1 2 0 0 0 0 0 0 0 0 1 0 0 0 0 0 0 0 0 29 0 0 0 0 0 1 1 0 3 0 0 4 7 0 11 118 0 0 0 3 0 0 0 1 0 7 0 0 0 0 0 1 0 0 0 0 0 0 0 0 0 0 2 0 0 0 0 0 1 0 1 0 0 0 1 0 7 6 1 0 1 2 0 1 0 0 0 1 
47 2377 0 0 0 0 0 0 43 0 0 0 0 0 0 0 0 0 0 0 0 0 89 0 0 0 1 1 0 0 0 5 0 0 0 0 0 0 1 0 2 0 18 4 0 0 5 0 0 42 2 1 0 0 0 3 0 16 1 0 0 5 3 0 0 0 4 0 0 0 12 0 0 0 1 0 0 0 0 7 0 2 0 0 0 0 3 0 1 5 1 0 0 0 0 0 43 0 0 0 1 0 9 0 0 0 7 0 0 0 0 0 0 0 0 24 0 0 0 0 0 0 14 0 1573 0 0 0 0 0 0 0 0 0 0 4 0 0 0 0 1 0 4 2 0 0 0 0 0 28 17 2 1 21 3 0 100 4 0 3 1 0 0 3 2 0 0 0 0 0 0 0 1 0 0 0 0 0 0 0 0 2 0 0 0 25 0 0 0 0 0 0 0 0 3 0 0 3 7 0 15 117 2 0 0 0 0 0 0 0 0 8 0 0 0 0 0 0 0 0 4 0 0 0 0 0 0 0 1 0 0 0 0 0 0 0 0 0 1 0 0 0 18 2 1 0 1 2 0 1 5 0 0 0 
48 1650 0 0 0 0 0 0 29 0 0 0 0 0 2 0 0 0 0 0 0 0 89 0 0 0 0 0 1 1 0 0 0 0 0 0 0 0 0 0 3 0 17 7 0 0 3 0 0 25 1 0 0 0 0 0 0 7 0 0 0 1 0 0 0 0 6 0 0 0 5 0 0 0 1 0 0 2 0 16 0 0 0 0 0 0 2 1 0 6 0 0 0 0 0 0 26 0 0 0 0 0 6 0 0 0 1 0 1 0 0 0 0 0 0 34 0 0 0 0 0 1 10 0 968 0 0 0 0 0 0 0 0 0 0 6 0 0 0 0 0 0 0 0 0 0 0 0 0 14 13 6 0 8 3 0 98 1 0 4 0 0 0 1 0 0 0 0 0 0 0 0 0 0 0 0 1 0 0 0 0 0 1 0 0 14 0 0 0 0 0 0 1 0 1 0 0 1 2 0 4 144 2 0 0 0 0 0 0 1 0 1 0 0 0 0 0 0 0 0 1 0 0 1 0 0 0 0 0 0 0 0 0 0 0 0 0 0 0 0 1 0 17 2 0 0 2 4 0 1 10 1 0 0 
49 1172 0 0 0 0 0 1 16 0 0 0 1 0 0 0 0 1 0 0 1 0 78 0 0 0 0 0 0 0 0 0 0 0 0 0 0 0 1 0 0 0 15 16 0 0 1 0 0 4 0 0 0 0 0 0 0 6 0 0 0 2 0 2 0 0 2 0 0 0 4 0 0 0 2 0 0 1 1 14 0 1 0 0 0 0 0 0 0 7 0 0 0 0 0 1 12 0 0 0 0 0 0 0 0 0 0 0 0 0 0 0 0 0 0 18 0 0 0 0 0 3 14 0 545 0 0 0 0 0 0 0 0 0 2 5 0 0 0 1 0 0 4 0 0 0 0 0 0 14 11 10 1 8 6 0 106 0 0 1 6 0 0 2 0 0 0 0 0 0 0 0 0 0 0 0 0 0 0 0 0 2 0 0 0 16 0 0 0 0 0 1 0 1 1 0 0 0 1 0 5 157 2 0 0 1 0 0 0 0 0 1 1 0 0 0 0 0 0 0 1 0 1 0 0 0 0 0 0 0 0 0 0 0 0 0 0 0 0 0 1 0 17 1 0 0 0 2 0 0 1 0 0 0 
50 925 0 0 0 0 0 0 39 0 0 0 0 0 0 0 0 0 0 0 0 0 77 0 0 0 0 0 0 0 0 2 0 0 0 0 0 0 1 0 0 0 13 9 0 0 0 0 0 13 0 0 0 0 0 0 0 3 0 0 0 2 0 0 0 0 1 0 0 0 8 0 0 0 3 0 0 1 0 15 0 0 0 0 0 0 0 2 1 0 0 0 0 0 0 0 4 0 0 0 0 0 3 0 0 0 0 0 0 0 0 0 0 0 0 15 0 0 0 0 0 5 10 0 295 1 0 0 0 0 0 0 0 0 1 1 0 0 0 0 0 0 0 1 0 0 0 0 0 7 3 7 0 1 7 0 91 0 0 1 2 0 0 0 0 0 0 0 0 0 0 0 0 0 1 0 2 1 0 0 0 0 0 0 0 9 0 0 0 0 0 0 2 0 2 0 0 0 10 0 0 175 3 0 0 0 1 0 0 3 0 1 1 0 0 0 0 0 0 0 3 0 1 0 0 1 0 0 1 0 0 0 0 0 2 1 0 0 0 0 2 0 14 8 0 0 4 6 1 2 7 0 0 1 
51 797 0 0 0 0 0 0 4 0 0 0 0 0 0 0 0 1 0 0 0 0 60 0 0 0 0 2 0 0 0 6 0 0 0 0 0 0 1 0 0 0 14 9 0 0 1 0 0 12 1 1 0 1 0 0 1 1 0 0 0 10 0 1 0 0 3 0 0 0 4 0 0 0 0 0 0 2 0 14 0 1 0 0 0 0 0 2 0 2 0 0 0 0 0 0 5 0 0 0 0 0 1 1 0 0 0 0 0 0 0 0 0 0 0 23 0 0 0 0 0 9 14 0 295 0 0 0 0 1 0 0 0 0 0 0 0 0 0 0 0 0 0 1 0 0 0 0 0 11 8 2 1 2 2 0 60 0 0 2 0 0 0 1 0 0 0 0 0 0 0 0 0 0 0 0 0 0 0 0 0 0 0 0 0 2 0 0 0 0 0 1 0 0 1 0 0 0 2 0 0 138 3 0 0 0 0 0 0 0 1 0 0 0 0 0 0 1 0 0 2 0 0 0 0 0 0 0 2 0 0 0 0 0 0 0 0 0 0 0 1 0 13 6 1 0 4 2 0 0 3 0 0 0 
52 785 0 0 0 0 0 0 4 0 0 0 0 0 0 0 0 0 0 1 0 0 44 0 0 0 0 1 0 0 0 9 0 0 0 0 0 0 1 0 2 0 3 4 0 0 0 0 0 4 0 0 0 0 0 2 0 0 0 0 0 1 0 1 0 0 3 0 0 0 2 0 0 0 0 1 0 6 0 13 0 0 0 0 0 0 0 3 1 3 1 0 0 0 0 0 7 0 0 0 1 0 0 1 0 0 0 0 1 0 0 1 0 0 0 13 0 0 0 0 0 4 10 1 346 0 0 0 0 0 0 0 0 0 0 2 0 0 0 0 0 0 0 2 0 0 0 0 0 9 5 4 3 6 4 0 41 0 0 4 0 0 0 1 0 0 0 0 0 0 0 0 0 0 0 0 0 0 0 0 0 1 0 0 0 11 0 0 0 1 0 0 0 0 0 0 0 0 8 0 0 126 3 0 0 0 0 0 0 0 0 1 0 0 0 0 0 1 0 0 4 0 0 0 0 0 0 0 3 0 0 0 0 0 0 0 0 0 0 0 1 0 12 4 1 0 5 1 0 0 8 0 1 0 
53 1090 0 3 0 0 0 0 28 0 0 0 0 0 0 0 0 0 0 0 0 0 39 0 0 0 0 0 0 0 0 8 0 0 0 0 0 0 1 0 1 0 5 11 0 0 2 0 0 10 0 0 0 0 0 0 0 2 1 0 0 1 0 0 0 0 2 0 0 0 6 0 0 0 0 3 0 2 0 26 0 0 0 0 0 0 2 2 1 9 1 0 0 0 0 0 11 0 0 0 1 0 4 0 0 0 0 0 0 0 0 0 1 0 0 7 0 0 0 0 0 4 8 1 611 0 0 0 0 0 0 0 0 0 0 1 0 0 0 2 0 0 3 0 0 0 0 0 0 5 8 1 5 15 2 0 39 0 0 2 1 0 0 1 1 0 0 0 0 0 0 0 0 0 0 0 1 0 0 0 0 0 2 0 0 0 0 0 1 0 0 2 0 0 0 0 0 0 7 0 7 98 0 0 0 1 0 0 0 0 1 0 0 0 0 0 0 0 0 0 4 0 0 0 0 0 0 0 4 0 0 0 0 0 0 0 1 0 0 0 1 0 12 8 0 0 14 5 0 0 6 0 0 0 
54 1697 0 0 0 0 0 0 35 0 0 0 0 0 0 6 0 0 0 0 0 0 19 0 0 0 0 0 1 0 0 14 0 0 0 0 0 0 0 0 3 0 11 11 0 0 0 0 0 21 2 0 0 0 0 1 0 2 0 0 1 0 0 1 0 0 1 0 0 0 12 0 0 0 0 0 0 2 0 16 0 0 0 0 0 0 1 10 0 18 2 0 0 0 1 0 36 0 0 0 2 0 10 3 0 0 1 0 0 0 0 1 0 0 0 7 0 0 0 0 0 9 4 0 1164 0 0 0 0 0 0 0 0 0 0 8 0 0 0 0 0 0 6 1 1 0 0 0 0 5 17 2 3 11 0 0 15 5 0 9 0 0 0 1 0 0 0 0 0 0 0 0 4 0 0 0 1 0 0 0 0 2 1 1 1 0 0 0 0 2 0 1 4 1 0 0 0 0 20 0 4 69 0 0 0 2 0 0 0 0 0 4 0 0 1 0 0 1 0 0 4 0 2 0 0 1 0 0 7 0 0 0 0 0 0 0 0 0 0 0 1 0 3 6 2 0 13 4 0 1 7 0 0 1 
55 5703 0 0 2 0 0 0 121 0 0 2 0 0 5 3 0 1 0 1 0 0 21 0 0 0 0 6 0 1 0 28 0 0 0 0 0 0 0 0 7 0 8 26 0 0 2 0 0 51 4 2 0 0 0 1 0 4 0 0 0 0 1 0 0 0 0 0 0 0 30 0 0 0 0 1 0 3 2 24 0 4 0 0 0 1 5 8 1 35 6 0 0 0 0 1 67 0 0 0 2 0 7 1 0 0 5 1 0 0 0 1 2 0 0 11 0 0 0 0 0 19 3 1 4579 0 0 0 0 2 0 0 0 0 0 23 1 0 0 2 1 0 6 4 1 0 0 0 0 21 50 4 5 54 1 0 34 1 0 8 1 0 0 3 0 0 0 0 0 0 0 0 3 0 0 0 2 0 2 0 0 6 1 0 3 6 0 0 0 1 0 5 4 1 0 0 0 1 49 0 17 120 1 0 0 5 0 0 0 8 0 10 1 0 0 0 0 4 0 0 6 0 4 0 0 0 0 0 4 0 0 0 0 0 0 1 1 0 0 0 1 0 15 11 2 0 11 11 0 4 8 0 2 0 
56 6945 4 0 0 0 0 0 173 1 0 0 0 0 5 3 0 0 0 0 0 0 25 0 0 0 0 4 0 1 0 16 0 0 0 0 0 0 1 0 14 0 11 12 0 0 3 0 0 111 4 5 0 1 0 2 0 9 0 0 0 0 0 3 0 0 1 0 0 0 41 0 0 0 0 4 0 1 5 42 0 2 0 0 0 0 7 12 0 41 7 0 0 0 1 2 67 0 0 0 4 0 34 3 0 0 4 0 0 0 1 1 1 0 0 7 0 0 0 0 1 28 4 4 5477 0 0 0 0 0 0 0 0 0 0 28 0 0 0 2 7 0 6 2 0 0 0 0 0 42 45 7 8 77 1 0 43 6 1 13 1 1 0 0 0 0 0 0 0 0 0 0 5 0 0 0 2 0 1 0 0 3 0 0 4 10 0 0 0 1 0 1 3 1 0 0 0 0 27 0 46 113 1 1 0 5 0 1 0 2 0 12 1 0 0 0 0 10 1 0 13 0 12 0 0 0 0 0 13 2 0 0 0 0 0 0 3 0 0 0 1 0 11 18 5 0 19 21 0 13 26 3 2 0 
57 8099 2 0 2 0 0 0 155 0 0 0 0 0 7 3 0 0 0 0 0 0 40 0 0 0 0 3 0 0 0 18 0 0 1 0 0 0 1 0 20 0 5 17 0 0 3 0 0 116 12 8 0 0 0 4 0 43 0 0 1 0 4 0 0 0 0 0 0 0 29 0 0 0 0 0 0 1 2 34 0 7 0 0 0 0 1 12 0 37 3 0 1 0 0 4 76 0 1 0 3 0 36 5 0 1 3 0 0 0 0 3 1 0 0 6 0 0 0 0 0 11 3 2 6542 0 0 0 0 1 0 0 0 0 0 27 2 0 0 2 19 0 7 2 2 0 0 0 2 64 70 3 4 67 0 0 54 18 1 10 1 1 0 0 0 0 3 0 0 1 0 0 5 0 0 0 3 0 0 0 3 10 2 0 2 18 0 0 0 0 0 2 4 0 0 0 0 3 34 0 35 112 1 0 0 3 0 1 0 3 0 12 2 0 0 0 0 16 0 0 10 0 10 0 0 1 0 0 6 2 0 0 0 0 6 1 0 0 0 0 2 0 7 16 1 0 23 19 0 9 18 1 0 0 
58 8278 2 0 2 0 0 0 198 0 0 0 1 1 4 12 0 0 0 0 0 0 43 1 0 0 0 6 1 0 0 10 0 0 3 0 0 0 0 0 12 0 7 27 0 0 1 0 0 141 14 2 0 2 0 1 2 22 2 0 0 5 2 0 0 0 1 0 0 0 77 0 0 0 0 1 0 0 1 35 0 10 0 0 0 1 4 17 1 41 7 0 0 0 1 2 99 0 0 0 14 0 29 9 0 1 2 0 0 0 0 1 0 1 0 6 0 0 0 0 0 20 2 3 6564 0 0 0 0 2 0 0 0 0 0 13 1 0 0 0 6 0 7 1 0 0 0 0 0 62 93 7 3 71 1 0 71 13 2 39 4 1 0 0 1 0 0 0 0 0 0 0 4 0 0 0 1 0 0 0 0 14 0 1 0 37 0 0 4 0 0 3 2 0 2 0 0 0 23 0 16 121 1 2 0 3 1 1 0 0 0 7 0 0 2 0 0 6 0 0 9 0 8 0 0 0 0 0 8 0 0 0 0 0 5 0 1 0 3 0 0 0 6 8 4 0 26 12 0 5 17 0 1 0 
59 7725 2 2 2 1 0 0 242 0 0 0 0 1 3 2 0 0 0 1 0 0 71 0 0 0 0 3 0 2 1 9 0 0 0 0 0 0 0 0 16 0 7 29 0 0 8 0 0 147 4 6 0 0 0 5 0 18 1 0 0 9 1 1 0 0 4 0 0 0 32 0 0 1 0 0 0 1 3 62 0 8 1 0 0 0 1 19 0 53 3 1 0 0 0 1 87 0 0 0 5 0 25 5 0 0 5 0 1 0 0 3 1 0 1 12 0 0 0 0 1 16 4 6 5866 0 0 0 0 0 0 0 0 0 0 30 1 2 0 1 2 0 7 4 2 0 0 0 0 76 86 4 4 61 10 0 93 4 0 42 11 0 0 0 0 0 0 0 0 0 0 0 5 0 0 0 1 0 2 0 0 5 1 0 1 28 0 0 2 1 0 7 4 0 1 0 0 9 32 0 19 138 1 1 0 1 0 0 0 0 0 11 1 0 0 0 0 9 0 0 7 0 18 0 0 0 0 0 16 0 0 0 0 0 3 0 1 0 0 0 1 0 8 18 3 0 14 15 0 14 21 2 1 0 
60 6842 3 0 1 0 0 0 163 0 0 2 2 0 0 4 0 1 0 1 0 0 91 1 0 0 0 2 2 1 0 9 0 0 2 0 0 0 0 0 11 0 21 16 0 0 12 0 0 150 4 10 0 1 0 4 0 8 0 0 0 4 1 3 0 0 4 0 0 0 23 0 0 0 0 0 0 1 1 44 0 4 0 1 0 1 7 9 0 50 3 0 0 0 0 1 112 0 0 0 0 0 62 6 0 0 8 0 0 0 0 0 1 0 0 29 0 0 2 0 0 23 7 7 4989 0 0 0 0 0 0 0 0 0 1 12 8 1 0 2 1 0 23 6 0 0 0 0 1 62 63 9 7 48 4 0 181 6 0 10 3 1 0 0 1 0 1 0 1 1 0 0 3 0 0 0 0 0 0 0 0 4 0 0 5 35 0 0 0 0 0 1 4 1 4 0 0 12 34 0 26 168 1 0 0 2 0 0 0 1 1 13 1 0 0 0 0 10 0 0 5 0 5 0 0 0 0 0 9 1 0 0 0 1 5 0 0 0 0 0 1 1 8 9 2 0 7 15 1 14 22 1 1 3 
61 5907 3 1 0 0 1 0 130 0 0 0 0 0 0 4 0 1 0 1 0 0 104 0 0 0 0 6 1 0 0 10 0 0 4 0 0 0 0 0 6 0 25 8 1 0 6 0 0 123 1 6 0 0 0 2 0 14 0 0 0 9 1 2 0 0 5 0 0 0 37 0 0 0 0 0 0 4 2 38 0 3 0 0 0 0 1 17 2 26 2 0 0 1 0 1 77 0 0 1 1 0 33 0 0 0 10 0 0 0 0 3 2 0 1 30 0 0 0 0 1 20 9 1 4218 0 0 0 0 2 0 0 0 0 0 14 1 1 0 0 2 0 9 0 0 0 0 0 0 59 40 7 7 52 6 0 201 13 0 7 2 1 0 2 1 0 0 0 0 2 0 0 2 0 0 0 3 0 0 0 2 8 0 0 5 41 1 0 0 1 0 2 2 1 1 0 0 0 25 0 20 194 0 0 0 2 0 1 0 0 1 8 0 0 0 0 0 6 0 0 7 0 4 3 0 0 0 0 7 1 0 0 0 0 3 0 0 0 0 0 0 0 15 11 3 0 12 16 0 11 16 1 0 0 
62 5300 1 0 2 0 0 0 115 0 0 0 0 0 0 6 0 1 0 1 0 0 95 0 0 0 0 1 0 1 0 7 0 0 3 0 0 0 1 0 6 0 29 21 0 0 6 0 0 115 3 1 0 0 0 1 0 14 1 0 0 2 2 2 1 0 7 1 0 0 23 0 0 0 0 0 0 0 2 35 0 4 0 1 0 1 2 11 2 25 3 0 0 0 0 3 72 0 0 0 2 0 18 6 0 0 2 1 0 0 0 3 1 0 0 31 0 0 0 0 0 21 10 1 3727 0 0 0 0 2 0 0 0 0 2 11 2 0 0 0 0 0 9 0 1 0 0 0 0 64 48 6 4 27 7 0 203 1 0 8 2 0 0 3 1 0 0 0 0 1 0 1 4 0 0 0 0 0 0 0 0 10 1 0 1 40 0 0 0 0 0 7 5 0 0 0 0 1 27 0 13 196 3 0 0 3 0 0 0 1 0 12 0 0 0 0 0 3 0 0 5 0 1 2 0 1 0 0 8 1 0 0 0 0 0 2 0 0 0 0 0 0 12 4 4 0 12 9 0 10 16 1 0 0 
63 5595 2 0 2 0 0 0 109 0 0 0 0 0 0 3 0 0 0 0 0 0 126 0 0 0 0 5 0 0 1 6 0 0 2 0 0 0 0 0 9 0 31 27 0 0 5 0 0 108 5 0 0 1 0 5 2 15 2 0 1 5 0 4 0 0 5 0 0 0 19 0 0 0 1 0 0 3 2 23 0 6 0 0 0 0 2 12 1 34 1 0 0 0 1 0 71 0 0 0 6 0 16 5 0 0 6 0 0 0 0 1 1 0 1 38 0 0 0 0 0 13 13 1 3912 0 0 0 0 4 0 0 0 0 1 14 0 0 0 1 2 0 8 1 0 0 0 0 1 46 72 14 7 23 7 0 198 5 1 15 10 0 0 0 1 0 0 1 0 0 0 0 3 0 0 0 0 0 2 0 1 3 2 0 3 37 0 0 0 0 0 4 6 0 3 0 1 0 18 0 16 241 2 0 0 2 0 1 0 2 0 12 2 0 0 0 0 6 0 0 3 0 0 0 0 0 0 0 8 0 0 0 0 0 0 0 0 1 0 0 1 0 29 2 0 0 12 9 0 3 20 0 4 0 
64 4382 1 0 1 1 0 0 103 0 0 1 0 0 2 4 0 0 0 2 0 0 40 1 0 0 0 2 0 1 0 11 0 0 0 0 0 0 0 0 4 0 12 7 0 0 7 0 0 64 3 3 0 0 0 0 0 8 0 0 0 4 1 0 1 0 2 0 0 0 8 0 0 1 0 0 0 2 0 16 0 2 0 0 0 0 2 9 0 39 1 0 0 0 0 1 53 0 0 0 3 0 21 9 0 0 5 0 0 0 1 1 1 0 0 15 0 0 0 0 0 11 21 0 3227 0 0 0 0 0 0 0 0 0 2 12 1 1 0 0 0 0 7 1 0 0 0 0 0 27 48 13 2 32 3 0 165 1 0 9 1 0 0 0 1 0 2 0 0 1 0 0 1 0 0 0 0 0 1 0 0 2 0 0 1 9 0 0 0 0 0 1 2 0 5 0 0 0 10 0 14 147 1 0 0 1 0 0 0 2 0 9 2 0 0 0 0 8 0 0 3 0 2 8 0 0 0 0 6 0 0 0 0 0 3 0 0 1 0 0 0 0 12 5 1 0 8 5 1 12 8 1 1 0 
65 6421 2 0 6 0 3 0 119 0 0 0 1 0 1 7 0 0 0 0 0 0 86 0 0 1 0 1 0 2 0 13 0 0 2 0 0 0 1 0 6 0 18 16 0 0 5 0 0 101 0 7 0 0 0 1 0 9 1 0 2 7 1 0 1 0 2 0 0 0 15 0 0 1 3 2 0 3 1 15 0 5 0 0 0 0 4 18 1 64 4 0 0 0 0 1 69 0 0 0 4 0 44 2 0 0 0 0 0 0 0 1 0 0 1 46 0 0 0 0 0 19 24 1 4664 0 0 0 0 2 0 0 0 0 0 26 2 1 0 0 3 0 7 0 2 0 0 0 0 51 42 13 0 42 6 0 211 3 0 13 4 1 0 1 4 0 0 0 0 0 0 0 1 0 0 0 0 0 0 0 0 8 1 0 1 25 0 0 0 0 0 0 0 1 2 0 0 4 31 0 24 273 2 0 0 6 0 2 0 2 0 23 2 0 0 0 0 2 0 0 5 0 3 3 1 0 0 0 19 0 0 0 0 0 1 1 0 0 0 0 0 0 22 3 1 0 21 11 0 10 9 0 1 1 
66 6790 3 1 1 1 0 0 136 0 0 0 0 1 0 10 0 0 0 0 0 0 103 0 0 0 0 4 3 2 0 11 0 0 1 0 0 0 1 0 8 0 28 3 0 0 9 0 0 156 8 7 0 0 0 2 0 6 2 0 0 8 0 0 1 0 3 0 0 0 17 0 0 0 1 0 0 3 3 4 0 4 0 0 0 1 10 15 0 59 0 0 0 0 0 3 96 0 0 0 3 1 38 5 0 0 3 0 1 0 1 1 1 0 0 44 0 0 1 0 1 10 12 4 4901 1 0 0 0 3 0 0 0 0 0 14 2 0 0 0 0 0 9 1 0 0 0 0 1 58 66 18 1 48 7 0 248 3 1 9 1 2 0 7 1 0 1 0 0 0 0 0 2 0 1 0 0 0 2 0 0 5 0 0 0 22 0 0 0 0 0 0 2 0 1 0 0 0 26 0 22 259 3 1 0 2 0 0 0 1 1 27 3 0 0 0 0 6 0 0 3 0 5 2 0 0 0 0 12 1 0 0 0 0 0 2 6 2 1 0 2 0 29 5 1 0 8 10 1 9 7 0 1 0 
67 7678 0 0 0 1 0 1 157 0 0 0 0 2 0 4 0 2 0 1 0 0 130 0 0 0 0 3 0 1 0 5 0 0 1 0 0 0 1 0 13 0 29 2 0 0 12 1 0 115 1 1 0 0 0 3 2 18 1 0 0 3 1 0 0 0 5 0 0 0 22 0 0 1 0 1 0 0 5 7 0 9 0 1 0 0 11 22 0 39 1 0 0 0 0 9 84 0 0 0 3 0 52 5 0 0 4 0 0 0 0 2 2 0 0 39 0 0 0 0 0 4 30 5 5734 0 0 0 0 0 0 0 0 0 1 21 0 1 0 0 0 0 10 1 0 0 0 0 0 76 49 12 1 57 10 0 224 11 0 19 2 1 0 3 0 0 1 0 0 0 0 0 2 0 1 0 0 0 0 0 0 0 0 0 1 40 0 0 0 0 0 1 6 0 2 0 0 0 38 1 41 312 1 0 0 1 0 0 0 5 1 20 0 0 0 0 0 5 0 0 0 0 0 3 0 0 0 0 11 0 0 0 0 0 0 0 0 0 0 0 1 0 17 2 0 0 8 12 0 10 1 0 4 0 
68 7679 0 0 1 0 2 0 153 0 0 0 1 0 0 8 0 1 0 1 0 0 116 0 0 0 0 5 0 0 0 17 0 0 1 0 0 0 2 0 23 0 28 0 0 0 21 1 0 114 4 7 0 0 0 6 1 26 0 0 1 4 2 1 0 0 8 0 0 0 43 0 0 1 1 1 0 1 44 5 0 13 0 0 0 1 5 17 0 45 1 0 3 0 0 6 109 0 0 0 1 0 46 8 0 0 9 1 0 0 0 1 0 0 0 32 0 0 1 0 0 4 28 1 5647 0 0 0 0 1 0 0 0 0 0 12 2 0 0 0 2 0 8 1 0 0 0 0 2 70 42 7 1 82 5 0 199 22 0 20 5 0 0 3 4 0 1 0 0 0 0 0 4 0 0 0 0 0 0 0 0 21 1 0 0 32 0 0 2 0 0 1 5 0 3 0 0 1 30 0 25 286 6 0 0 10 0 0 0 0 2 13 0 0 0 0 0 9 0 0 3 0 2 0 0 0 0 0 12 0 1 0 0 2 3 0 0 0 1 0 0 0 24 6 1 0 4 13 0 8 2 1 0 0 
69 7564 0 0 1 0 1 0 199 1 0 0 0 0 0 12 0 0 0 0 0 0 136 0 0 0 0 3 2 1 0 7 0 0 1 0 0 0 4 0 9 1 39 2 0 0 16 0 0 101 6 5 0 0 0 2 0 20 2 0 0 4 2 0 0 0 3 0 0 0 30 0 0 0 0 3 0 4 6 2 0 12 0 0 0 0 3 8 2 51 0 0 0 0 0 5 86 0 0 0 0 0 45 6 0 0 8 0 1 0 0 0 1 0 0 32 0 0 0 0 2 3 18 3 5561 1 0 0 0 1 0 0 0 0 0 8 1 0 0 0 1 0 5 2 0 0 0 0 0 62 43 4 3 112 7 0 234 3 1 11 6 1 0 4 2 0 3 0 0 0 0 0 0 0 1 0 0 0 1 0 0 32 2 0 1 45 0 0 0 0 0 1 4 1 3 0 1 7 21 0 26 287 3 0 0 10 0 0 0 0 0 17 0 0 0 0 0 5 0 0 0 0 5 0 0 0 0 0 11 0 0 0 0 0 1 0 0 0 0 0 0 0 23 6 3 0 5 10 0 5 8 1 2 0 
70 6158 0 0 0 4 0 0 116 1 0 0 0 0 0 2 0 0 0 1 0 0 134 0 0 0 0 4 0 0 1 4 0 1 1 0 0 0 0 0 13 3 20 4 0 0 13 0 0 96 7 5 0 1 0 7 0 20 0 0 0 5 0 0 0 0 1 0 0 0 30 0 0 0 0 5 0 3 15 3 0 2 0 0 0 0 5 8 0 63 0 0 0 0 0 0 54 0 0 0 1 0 38 3 0 0 1 0 0 0 0 0 0 0 0 47 0 1 0 0 0 1 32 1 4345 0 0 0 0 3 0 0 0 0 1 16 3 0 0 0 0 0 5 1 0 0 0 0 0 41 43 6 3 63 22 0 218 2 0 12 2 0 0 1 2 0 1 1 0 0 0 0 0 0 0 0 0 0 0 0 0 31 0 0 1 44 0 0 0 0 0 2 6 0 5 0 0 7 28 0 16 311 2 1 0 2 0 0 0 0 0 7 0 0 0 0 0 5 0 0 3 0 1 0 0 0 0 0 9 0 0 0 0 0 2 0 0 0 1 0 0 0 25 10 1 0 2 10 2 10 3 2 1 0 
71 4651 0 0 1 0 0 1 95 0 0 0 0 0 0 0 0 2 0 0 0 0 126 1 0 0 0 1 0 0 0 6 0 0 0 0 0 0 1 0 0 0 27 8 0 0 8 0 0 73 0 3 0 0 0 1 0 7 0 0 1 5 2 3 0 0 7 0 0 0 27 0 0 0 1 3 1 2 3 4 0 6 0 0 0 0 2 11 1 22 1 0 0 0 0 3 41 0 0 0 0 0 18 3 0 0 2 0 0 0 0 0 0 0 0 46 0 0 0 0 0 2 27 4 2992 2 0 0 0 7 1 0 0 0 2 10 1 0 0 0 0 0 3 0 0 0 0 0 0 59 24 14 0 31 10 0 260 3 0 4 0 0 0 3 3 0 1 0 0 0 0 0 0 0 0 0 0 0 0 0 0 9 0 0 0 26 0 0 0 1 0 1 1 0 5 0 0 0 16 0 23 392 2 0 0 5 0 0 0 0 0 3 0 0 0 0 0 7 0 0 2 0 3 1 0 0 0 0 11 0 1 0 0 0 3 0 0 0 1 0 1 0 31 5 0 0 1 13 0 4 1 2 2 0 
72 3521 0 1 0 0 0 0 49 0 0 0 0 0 1 2 0 1 0 0 0 0 145 0 0 0 0 5 0 0 0 2 0 0 1 0 0 0 3 0 0 0 28 14 0 0 13 0 0 57 2 0 0 0 0 3 0 10 0 0 1 6 0 0 0 0 6 0 0 0 13 0 0 0 0 4 0 8 0 17 0 2 0 0 0 0 2 1 1 7 0 0 0 0 0 0 30 0 0 0 0 0 17 1 0 0 0 0 0 0 0 0 0 0 0 64 0 0 2 0 0 6 32 2 2047 0 0 0 0 1 0 0 0 0 0 2 0 0 0 0 0 0 1 1 0 0 0 0 0 43 17 10 1 28 10 0 226 1 0 5 1 1 0 5 3 0 1 1 0 0 0 0 0 0 0 0 0 1 0 0 0 15 0 0 0 26 0 0 0 0 0 0 0 0 7 0 0 0 14 1 8 343 6 0 0 0 0 0 0 0 0 1 0 0 0 1 0 2 0 0 8 0 2 0 0 0 0 0 1 0 0 0 0 0 1 0 0 0 0 0 1 0 32 16 1 0 5 10 0 2 16 0 2 1 
73 2764 0 0 0 0 0 1 23 0 1 0 0 0 0 2 0 1 0 0 0 0 171 0 0 0 0 2 0 0 0 1 0 0 2 0 0 0 2 0 0 0 69 15 0 0 1 0 0 26 0 0 0 0 0 2 0 2 0 0 0 7 0 1 0 0 11 1 0 0 7 0 0 0 1 0 0 1 1 35 0 0 0 0 0 0 1 2 1 5 1 0 0 0 0 0 26 0 0 0 1 0 16 0 0 0 2 0 0 0 0 0 0 0 0 53 0 0 3 0 0 12 30 1 1389 0 0 0 0 0 0 0 0 0 0 6 0 0 0 2 0 0 1 1 1 0 0 0 0 11 26 10 6 20 9 0 227 3 0 8 4 0 0 4 3 0 0 0 0 0 0 0 0 0 0 0 0 2 0 0 0 1 0 0 1 24 0 0 0 0 0 1 0 0 5 0 0 0 18 0 1 327 6 0 0 0 0 0 0 4 1 6 0 0 0 0 0 2 0 0 8 0 0 1 0 0 0 0 0 0 0 0 0 0 5 0 0 0 0 0 2 0 26 7 0 0 2 10 0 3 9 0 0 0 
74 1973 0 1 0 0 0 0 27 0 0 0 1 0 0 0 0 1 0 0 0 0 156 0 0 0 0 0 0 0 0 3 0 0 0 0 0 0 1 0 1 0 45 7 0 0 7 0 0 9 0 4 0 1 0 2 1 5 0 0 0 8 0 1 1 0 5 0 0 0 8 0 0 1 1 1 1 0 0 25 0 0 0 0 0 0 0 1 2 3 2 0 0 0 0 0 15 0 0 0 1 0 4 1 0 0 2 0 0 0 0 0 0 0 0 49 0 0 0 0 0 10 26 0 789 0 0 0 0 0 0 0 0 0 0 2 0 0 0 0 0 0 0 1 1 0 0 0 0 8 4 17 1 9 14 0 153 1 0 2 4 0 0 4 5 0 0 0 0 0 0 0 0 0 0 0 0 0 0 0 0 14 1 0 0 32 0 0 0 0 0 3 0 1 0 0 0 0 8 0 9 309 4 0 0 0 0 0 0 0 1 24 0 0 0 0 0 0 0 0 2 0 0 1 0 0 0 0 4 2 0 0 0 0 1 0 0 0 0 0 1 0 37 13 0 0 4 13 0 1 6 0 1 0 
75 1663 0 0 0 0 0 0 13 0 0 0 0 0 0 0 0 1 0 0 0 0 129 0 0 0 0 1 0 0 0 29 0 0 0 0 0 0 3 0 2 0 20 16 0 0 3 0 0 7 0 1 0 0 0 0 0 0 1 0 0 8 0 1 1 0 7 0 0 0 2 0 0 1 0 2 0 3 1 35 0 1 0 0 0 0 0 1 3 0 1 0 0 0 0 3 4 0 0 0 2 0 3 0 1 1 2 0 0 0 0 0 0 0 0 79 0 0 0 0 0 12 35 1 584 0 0 0 0 0 0 0 0 0 2 9 0 0 0 0 0 0 2 1 1 0 0 0 0 21 13 13 4 8 9 0 132 0 0 5 0 0 0 3 2 0 0 0 0 0 0 0 0 0 0 0 0 0 0 0 0 7 0 0 1 6 0 0 0 0 0 2 1 0 5 0 0 0 8 0 2 277 3 0 0 0 0 0 0 1 0 9 0 0 0 0 0 1 0 0 5 0 1 0 0 0 0 0 1 0 0 0 0 0 0 0 0 0 0 0 0 0 30 8 0 0 12 9 0 0 3 0 0 1 
76 1705 0 1 1 0 0 0 12 0 0 0 1 0 0 0 0 1 0 0 0 0 106 0 0 0 0 0 0 1 0 16 0 0 0 0 0 0 1 0 1 0 16 10 0 0 6 0 0 9 0 1 0 0 0 0 0 2 1 0 1 2 0 2 0 0 8 0 0 0 1 0 0 0 1 4 0 4 5 43 0 1 0 0 0 0 1 2 1 4 7 0 0 0 0 2 9 0 0 0 9 0 2 0 0 0 1 0 0 0 0 1 0 0 1 44 0 0 0 0 0 12 33 4 674 0 0 0 0 0 0 0 0 0 0 4 1 0 0 0 0 0 1 1 0 0 0 0 0 5 12 10 5 6 4 0 114 1 0 7 0 0 0 0 3 0 0 0 0 0 0 0 0 0 0 0 2 0 0 0 0 17 1 0 1 19 0 0 0 0 0 3 1 1 1 0 0 0 7 0 0 246 2 1 0 1 0 0 0 0 1 3 0 0 0 0 0 1 0 0 13 0 0 0 0 0 0 0 1 0 0 0 0 0 0 0 0 0 0 0 0 0 34 9 0 0 14 12 2 1 15 0 0 0 
77 2029 0 0 0 0 0 0 34 0 0 0 0 1 0 3 0 0 0 0 0 0 69 0 0 0 0 4 1 0 0 25 0 0 0 0 0 0 4 0 7 0 4 19 0 0 2 0 0 2 1 1 0 0 0 0 0 1 0 0 1 2 0 4 1 0 3 0 0 0 1 0 0 0 0 2 0 3 4 42 0 0 0 0 0 0 4 6 1 8 5 0 0 0 0 4 14 0 0 0 8 0 1 0 0 0 0 0 0 0 0 0 0 0 1 15 0 0 0 0 0 18 23 1 1090 1 0 0 0 0 0 0 0 0 0 9 1 0 0 0 1 0 3 5 0 0 0 0 0 3 18 12 5 14 0 0 73 1 0 7 1 2 0 3 0 0 0 0 0 0 0 0 0 0 0 0 0 0 0 0 0 32 0 0 2 4 0 0 0 1 0 1 0 1 1 0 0 0 18 0 9 199 2 0 0 3 0 0 0 0 0 2 2 0 0 0 0 1 0 0 11 0 0 0 0 0 0 0 4 0 0 0 0 0 0 0 0 0 0 0 0 0 20 16 3 0 14 17 0 1 25 0 0 0 
78 2872 0 1 0 1 0 0 51 0 0 1 0 1 1 3 0 0 0 1 0 0 52 0 0 0 0 4 0 0 0 21 0 0 0 0 0 0 0 0 5 0 9 14 0 0 3 0 0 24 2 2 0 0 0 1 0 2 1 0 1 3 0 1 0 0 0 0 0 0 11 0 0 1 0 4 0 2 6 32 0 1 0 0 0 0 3 15 2 25 4 0 0 0 0 1 35 0 0 0 2 0 5 2 0 0 0 0 0 0 0 5 0 0 0 19 0 0 0 0 0 14 15 3 1917 0 0 0 0 2 0 0 0 0 0 4 0 0 0 0 0 0 2 6 0 0 0 0 0 11 33 5 6 23 1 0 46 1 0 6 3 2 0 3 0 0 0 1 0 0 0 0 1 0 0 0 0 0 0 0 0 10 1 0 5 3 0 0 0 1 0 0 2 0 0 0 0 0 32 0 8 160 4 2 0 3 0 0 0 2 0 5 1 0 0 0 0 4 0 0 15 0 0 0 0 0 0 0 16 0 1 0 0 0 0 1 0 0 0 0 1 0 22 13 2 0 18 7 0 0 15 1 0 0 
79 4616 0 1 1 1 0 0 78 0 0 0 0 0 0 1 0 0 0 1 0 0 50 0 0 1 0 5 3 1 2 17 0 1 0 0 0 0 1 0 10 0 6 17 0 0 0 0 0 38 1 2 0 0 0 2 1 7 0 0 0 0 1 3 0 0 3 0 0 0 12 0 0 0 0 2 0 2 6 36 0 2 0 1 0 0 5 6 1 48 2 0 0 0 0 6 68 0 0 0 9 0 17 3 0 1 0 0 1 0 0 0 3 0 1 3 0 0 0 0 0 22 9 5 3403 0 0 0 0 3 0 0 0 0 0 18 1 1 0 0 0 0 8 3 1 0 0 0 0 25 51 5 7 31 1 0 38 1 0 21 2 0 0 2 0 0 0 0 0 0 0 0 4 0 0 0 2 1 0 0 1 6 5 1 4 10 0 0 0 0 0 2 1 0 0 0 0 1 44 0 16 158 2 0 0 4 0 1 0 3 0 9 1 0 0 0 0 5 0 0 9 0 6 1 0 0 0 0 15 0 0 0 0 0 2 1 4 0 0 0 0 0 13 27 3 0 21 12 0 3 22 0 1 0 
80 6446 0 1 4 0 2 0 129 0 0 0 0 3 1 3 0 1 0 1 0 0 33 0 0 0 0 2 2 1 0 25 0 0 2 0 0 0 1 0 4 0 4 36 0 0 2 0 0 73 1 2 0 0 0 1 0 9 0 0 0 1 0 0 2 0 0 0 0 0 18 0 0 0 0 4 0 3 16 38 0 7 0 0 0 0 10 8 0 25 7 0 0 0 0 1 71 0 0 0 4 0 7 0 0 1 1 0 2 0 0 2 0 0 1 8 0 0 0 0 0 21 10 1 5155 0 0 0 0 2 0 0 0 0 0 12 2 0 0 1 1 0 13 1 0 0 0 0 0 40 59 2 12 92 1 0 51 11 0 16 2 1 0 0 1 0 0 0 0 0 0 0 3 0 0 0 1 0 2 0 1 3 3 0 2 17 0 0 0 1 0 4 2 0 1 0 0 0 28 0 10 109 0 1 0 6 0 0 0 1 0 7 1 0 0 0 0 6 0 0 7 0 2 2 0 0 0 0 9 0 0 0 0 0 2 1 4 0 1 0 0 0 11 20 2 0 20 11 0 10 14 1 3 1 
81 7872 0 2 2 0 0 0 251 0 0 0 0 1 0 2 0 0 0 1 0 0 20 0 0 0 0 5 3 0 2 19 1 0 2 0 0 0 0 0 2 0 1 34 0 2 2 0 0 104 3 3 0 0 0 2 1 6 1 0 0 1 2 3 0 0 1 0 0 0 25 0 0 0 0 9 0 0 3 48 0 10 0 2 0 0 1 18 1 46 17 0 0 0 0 2 82 0 0 0 1 0 41 5 0 1 6 0 0 0 0 0 2 0 1 2 0 0 1 0 0 20 4 3 6367 0 0 0 0 3 0 0 0 0 0 20 2 0 0 1 3 0 9 4 0 0 0 0 0 38 65 12 6 55 0 0 28 8 1 16 7 1 0 0 2 0 0 0 0 0 0 0 6 0 0 0 0 0 0 0 0 4 1 0 2 7 0 0 0 0 0 2 6 0 1 0 0 2 27 0 12 138 1 0 0 2 0 0 0 6 0 14 1 0 1 1 0 12 0 0 14 0 3 0 0 0 0 0 3 3 0 0 0 0 3 0 2 0 0 0 1 0 4 15 3 0 17 16 1 10 18 1 1 0 
82 8433 0 0 1 1 0 0 224 0 0 0 2 0 0 2 0 0 0 0 0 0 37 0 0 0 0 2 3 1 0 18 0 0 1 0 0 1 0 0 14 0 6 23 0 0 12 0 0 151 5 5 0 2 0 3 2 12 0 0 1 3 0 0 0 0 3 0 0 0 37 0 0 1 0 2 0 0 2 45 0 6 0 0 0 0 3 13 1 46 5 0 0 0 0 3 94 0 0 0 7 0 38 1 0 0 0 0 1 0 0 0 0 1 0 6 0 0 2 0 0 19 1 1 6799 0 0 0 0 0 0 0 0 0 0 15 1 1 0 0 1 0 7 0 0 0 0 0 0 42 70 4 7 109 2 0 37 6 0 11 18 2 0 0 1 0 2 0 0 0 0 0 1 0 0 0 1 0 2 0 1 4 0 0 3 12 0 0 0 1 0 3 7 3 1 0 1 5 33 0 25 134 2 2 0 5 0 0 0 3 0 17 4 0 1 0 0 6 0 0 11 0 3 0 0 0 1 0 12 0 0 0 0 0 3 0 4 0 0 0 1 0 8 17 0 0 19 7 0 7 22 0 3 0 
83 8169 0 0 2 1 0 0 184 0 0 0 0 0 0 9 0 0 0 0 0 0 56 1 0 0 0 2 1 0 1 19 0 0 4 0 0 1 0 0 12 0 25 31 0 0 10 1 0 144 5 8 0 0 0 2 1 16 0 0 0 13 1 4 0 0 1 0 0 0 29 0 0 0 0 1 0 0 3 41 0 6 2 1 0 0 2 17 0 40 2 0 0 0 0 0 99 0 0 0 7 0 32 15 0 0 3 0 0 0 0 2 0 0 0 17 0 0 4 0 0 22 3 2 6374 0 0 0 0 2 0 0 0 0 0 10 2 1 0 2 0 0 9 2 0 0 0 0 1 62 118 9 5 109 2 0 80 7 0 8 9 3 0 0 0 0 0 1 0 0 0 0 5 0 0 0 0 0 0 0 0 4 1 0 0 29 0 0 0 0 0 0 2 0 1 0 0 1 62 0 31 92 1 0 0 5 1 0 0 1 0 8 3 0 0 0 0 10 0 0 7 0 5 2 0 2 0 0 5 2 0 0 0 0 0 0 0 0 0 0 1 0 7 18 1 0 21 15 0 14 18 1 4 1 
84 6561 0 0 2 0 0 0 152 0 0 0 0 0 0 5 0 0 0 0 0 0 71 1 0 0 0 2 0 0 0 30 0 0 1 0 0 0 2 0 6 0 27 18 0 0 11 0 0 83 3 2 0 0 0 1 0 3 0 0 1 7 1 1 0 0 7 0 0 0 21 0 0 3 0 0 0 5 2 49 0 9 0 0 0 0 8 13 1 33 7 0 0 0 0 0 84 0 0 1 5 0 35 7 0 0 2 0 0 0 0 0 0 0 0 23 0 0 0 0 0 13 7 8 5019 0 0 0 0 3 0 0 0 0 0 19 2 1 0 2 2 0 4 2 1 0 0 0 0 46 44 6 8 68 4 0 116 8 0 6 7 0 0 0 1 0 0 0 0 0 0 0 2 0 0 0 0 0 0 0 0 3 0 0 2 34 0 1 0 0 0 3 5 1 1 0 0 0 58 0 8 138 1 1 0 1 0 1 0 2 0 6 1 0 0 0 0 11 0 0 8 0 4 0 0 1 0 0 11 0 0 0 0 0 3 0 0 0 0 0 1 0 4 14 1 0 15 13 0 7 18 0 3 0 
85 6791 0 0 3 0 1 0 173 0 0 2 0 0 0 3 0 1 0 0 0 0 129 1 0 0 0 6 0 0 0 13 0 0 1 0 0 0 0 0 4 0 35 27 0 0 10 1 0 114 1 4 0 0 0 2 2 8 1 0 0 12 2 2 0 0 2 0 0 0 24 0 0 0 0 0 0 5 0 56 0 5 0 0 0 0 3 17 0 32 31 0 0 0 0 1 77 0 0 0 0 0 29 2 0 0 2 0 1 0 0 0 0 0 1 41 0 0 0 0 0 18 10 6 4977 0 0 0 0 0 0 0 0 0 0 25 2 0 0 0 0 0 12 0 0 0 0 0 0 75 62 8 25 55 5 0 151 5 0 11 2 1 0 2 0 0 1 0 1 0 0 0 5 0 0 0 0 0 1 0 0 3 0 0 3 28 0 0 0 0 0 3 3 2 2 0 0 1 42 0 13 164 1 0 0 3 0 0 0 1 0 26 5 0 0 0 0 4 0 0 15 0 3 1 0 0 0 0 4 0 0 0 0 0 0 0 0 0 0 0 1 0 12 6 3 0 16 13 0 15 21 1 2 0 
86 6568 0 0 1 0 0 0 135 0 0 0 0 2 0 6 0 0 0 0 0 0 104 0 0 0 0 12 0 2 0 21 0 0 1 0 0 1 0 0 3 0 75 11 0 0 11 0 0 131 1 5 0 0 0 5 0 9 0 0 0 8 2 0 0 0 4 0 0 0 21 0 0 0 1 0 0 2 15 42 0 3 0 0 0 0 4 9 1 38 11 0 0 0 0 1 62 0 0 0 3 0 15 1 0 0 4 0 0 0 0 5 2 0 2 34 0 0 0 0 0 22 13 9 4758 0 0 0 0 2 0 0 0 0 0 9 1 2 0 0 2 0 16 0 0 0 0 0 3 77 60 7 8 34 10 0 165 2 0 4 1 1 0 1 1 0 0 0 0 0 0 0 8 0 0 0 1 0 0 0 0 7 1 0 3 37 0 0 0 0 0 2 6 1 4 0 0 1 28 0 13 198 3 2 0 4 0 0 0 10 0 18 3 0 0 0 0 8 0 0 11 0 1 0 0 0 0 0 10 0 0 0 0 0 1 1 0 0 0 0 1 0 19 8 3 0 16 9 1 20 20 0 6 0 
87 4245 0 0 0 1 0 0 119 0 0 0 0 0 0 3 0 0 0 0 0 0 59 0 0 0 0 3 2 1 0 12 0 0 0 0 0 0 0 0 4 0 48 15 0 0 3 3 0 60 1 5 0 0 0 4 0 4 0 0 0 3 2 0 0 0 1 1 0 0 9 0 0 0 1 0 0 1 0 25 0 0 0 0 0 0 4 12 0 25 3 0 0 0 0 5 39 0 0 0 1 0 19 1 0 0 5 0 0 0 0 0 0 1 0 18 0 0 0 0 0 10 9 1 3048 1 0 0 0 4 0 0 0 0 0 6 2 1 0 0 2 0 3 2 1 0 0 0 0 33 50 9 3 21 23 0 161 8 1 9 4 0 0 3 1 0 1 0 0 1 0 0 2 0 0 0 0 0 0 0 0 3 3 0 0 25 0 0 0 0 0 1 2 0 1 0 0 0 23 0 11 130 0 0 0 1 0 0 0 3 0 5 3 0 0 0 0 4 0 0 9 0 0 0 0 0 1 0 10 1 0 0 0 0 0 0 0 0 0 0 1 0 15 3 1 0 12 7 0 13 4 2 0 0 
88 4325 0 0 0 0 0 0 93 0 0 0 0 0 0 2 0 0 0 0 0 0 62 0 0 0 0 2 2 0 0 9 0 0 1 0 0 0 1 0 2 0 32 4 0 0 6 0 0 66 0 9 0 0 1 3 0 5 1 0 0 6 0 0 0 0 3 0 0 0 8 0 0 2 2 0 0 1 3 22 0 2 0 0 0 0 1 4 0 34 1 0 0 0 0 1 47 0 0 0 0 0 20 2 0 0 7 0 0 0 0 0 0 0 0 30 0 0 0 0 0 5 14 4 3205 1 0 0 0 3 0 0 0 0 0 15 4 0 0 0 1 0 1 0 0 0 0 0 0 33 36 9 2 20 8 0 117 0 0 4 0 1 0 2 0 0 1 2 0 0 0 0 0 0 11 0 0 0 0 0 0 1 2 0 0 16 0 0 0 0 0 2 1 0 4 0 0 2 16 0 21 156 1 0 0 3 0 0 0 2 1 6 5 0 0 0 0 3 0 0 7 0 0 0 0 0 1 0 7 1 0 0 0 0 0 0 0 0 0 0 0 0 11 5 1 0 9 5 0 9 11 1 1 0 
89 7495 0 1 0 1 0 0 173 0 0 0 0 0 1 3 0 0 0 0 0 0 100 0 0 0 0 6 0 1 0 14 0 0 1 0 0 0 1 0 0 0 47 7 0 0 8 0 0 107 2 3 0 0 0 3 0 20 0 0 1 9 2 1 0 0 5 0 0 0 18 0 0 0 1 0 0 2 6 7 0 4 0 0 0 0 3 15 5 60 4 0 0 0 0 2 95 0 0 1 4 2 24 4 0 0 1 0 0 0 0 2 0 0 0 36 0 0 0 0 0 8 19 2 5613 0 0 0 0 2 0 0 0 0 1 17 0 0 0 1 0 0 14 0 0 0 0 0 0 42 58 9 0 54 6 0 212 4 1 8 3 1 0 3 1 0 0 1 0 0 0 0 2 0 10 0 0 0 1 0 0 4 4 0 2 45 0 0 0 0 0 1 2 1 0 0 0 5 25 0 22 305 2 2 0 3 0 1 0 0 0 26 2 0 2 0 0 7 0 0 3 0 3 2 0 0 0 0 17 0 0 0 0 0 1 0 0 0 1 0 0 0 21 0 2 0 12 16 1 2 8 0 1 2 
90 7660 0 0 3 0 1 0 158 0 0 0 0 2 0 1 0 1 0 0 0 0 94 1 0 2 0 4 1 1 0 20 0 0 0 0 0 0 0 0 7 1 58 5 0 0 8 0 0 120 3 2 0 0 0 3 0 18 0 0 0 5 3 1 0 0 3 0 0 0 42 0 0 0 1 0 0 2 1 6 0 6 0 0 0 1 6 10 1 44 3 0 0 0 0 2 96 0 0 0 4 1 35 8 0 1 6 0 0 0 0 0 4 0 0 33 0 0 0 0 1 0 22 10 5788 0 0 0 0 5 0 0 0 0 0 19 1 0 0 2 4 0 7 5 0 0 0 0 0 52 63 10 3 34 5 0 202 6 0 16 3 1 0 4 1 0 1 0 0 0 0 0 1 0 1 0 0 0 0 0 0 3 1 0 0 25 0 0 1 1 0 2 4 1 4 0 0 3 23 0 13 306 3 0 0 8 0 0 0 1 1 17 3 0 1 0 0 15 0 0 2 0 2 0 0 0 1 0 14 0 0 0 0 0 3 1 1 0 0 0 2 0 24 6 2 0 7 14 0 7 3 1 1 0 
91 8952 1 0 1 0 2 0 164 0 0 0 0 1 0 1 0 0 0 0 0 0 151 0 0 0 0 3 1 1 0 17 0 0 5 0 0 0 1 0 15 0 72 11 0 0 9 0 0 144 5 7 0 0 0 0 0 35 0 0 0 2 0 0 0 0 5 0 0 0 30 0 0 3 0 0 0 10 2 3 0 5 0 0 0 0 7 10 3 40 10 0 0 0 0 0 95 0 0 0 4 0 49 5 0 0 8 0 0 0 2 0 5 0 0 53 0 0 1 1 1 2 20 12 6800 0 0 0 0 2 0 0 0 0 1 9 5 2 0 0 1 0 4 1 0 0 0 0 0 69 68 15 4 49 9 0 200 3 1 10 5 0 0 4 2 0 1 0 0 0 0 0 1 0 0 0 0 0 0 0 0 3 0 0 0 43 0 0 0 0 0 0 10 0 3 0 0 2 49 0 25 325 5 0 0 0 0 0 0 10 1 30 1 0 0 0 0 25 0 0 2 0 0 2 0 0 0 0 15 0 0 1 0 0 3 1 1 0 0 0 3 0 22 2 1 0 8 13 0 4 2 1 2 0 
92 11491 0 0 4 0 10 0 196 0 0 0 0 0 0 4 0 0 0 0 0 0 203 2 0 0 0 1 1 1 0 12 0 0 2 0 0 0 1 0 18 0 99 6 0 0 20 1 0 150 11 5 0 0 0 3 0 28 0 0 0 16 2 1 0 0 6 0 0 0 43 0 0 3 2 0 0 2 0 2 0 4 0 0 0 0 2 17 4 47 9 0 0 0 2 1 118 0 0 0 2 1 53 6 0 0 9 0 0 0 0 0 0 0 1 111 0 0 0 1 0 1 21 16 9039 0 0 0 0 2 0 0 0 0 0 44 5 1 0 0 0 0 6 1 0 0 0 0 1 76 59 14 5 89 7 0 246 9 0 4 3 3 0 2 1 0 1 0 0 2 0 0 3 0 0 0 0 0 1 0 0 1 0 1 1 85 0 0 0 0 0 0 7 0 1 0 0 5 14 0 26 288 1 0 0 1 0 0 0 11 0 21 0 0 0 0 0 8 0 0 1 0 3 0 0 1 0 0 15 0 0 0 0 0 5 1 0 0 0 0 1 0 30 11 2 0 8 8 1 9 2 1 0 0 
93 9675 3 0 1 0 7 0 227 0 0 0 0 0 0 1 0 1 0 0 0 0 188 0 0 0 0 3 0 0 0 12 0 0 1 0 0 0 2 0 3 0 53 23 0 0 9 0 0 138 4 3 0 0 0 7 0 35 2 0 0 14 0 0 0 0 3 0 0 0 56 0 0 0 5 0 0 4 0 7 0 7 1 0 0 0 11 13 3 56 0 0 0 0 0 2 82 0 0 0 0 0 39 2 0 0 20 0 0 0 0 0 2 0 0 55 0 0 0 1 1 0 26 10 7444 1 0 0 0 2 0 0 0 0 1 18 1 0 0 2 5 0 4 2 0 0 0 0 0 92 46 6 5 57 6 0 221 14 0 11 0 0 0 1 1 0 0 0 0 1 0 0 4 0 0 0 0 0 0 0 0 1 0 1 3 80 0 0 1 0 0 1 3 0 1 0 1 3 23 0 20 284 1 0 0 2 0 0 0 0 0 23 0 0 1 0 0 10 0 0 0 0 0 0 0 0 0 0 17 1 0 0 0 1 1 0 0 0 0 0 0 0 23 11 1 0 20 12 0 4 1 3 13 0 
94 7343 0 0 1 4 5 1 272 0 0 0 0 0 0 0 0 1 0 0 0 0 142 0 0 0 0 3 0 1 0 9 0 0 0 0 0 0 2 0 2 0 33 17 0 0 12 1 0 96 4 2 0 0 0 1 0 10 0 0 0 7 0 0 2 0 7 0 0 0 36 0 0 0 2 0 0 6 0 10 0 4 0 0 0 0 14 5 0 46 0 0 0 0 0 1 52 0 0 0 0 0 27 1 0 0 9 0 0 0 0 0 0 0 0 61 0 0 0 0 0 3 28 3 5356 2 0 0 0 1 0 0 0 0 1 6 1 0 1 3 0 0 2 1 0 0 0 0 1 77 59 10 19 77 9 0 248 4 0 9 2 0 0 2 4 0 1 0 0 0 0 0 0 0 1 0 0 0 0 0 0 0 1 0 0 63 0 0 0 0 0 0 3 0 5 0 0 0 22 0 21 284 0 0 0 1 0 0 0 0 0 4 0 0 0 0 0 3 0 0 1 0 1 0 0 0 0 0 2 0 0 0 0 0 2 0 0 0 0 0 0 0 31 6 2 0 2 8 0 1 8 0 1 0 
95 5327 1 0 0 1 0 0 130 0 0 0 0 0 0 4 0 0 0 0 0 0 161 0 0 0 0 1 0 0 0 0 0 0 0 0 0 0 0 0 2 0 50 10 0 0 7 0 0 77 1 3 0 0 0 0 0 15 0 0 0 4 3 0 1 0 8 0 0 0 14 0 0 0 2 3 0 3 13 22 0 2 0 0 0 0 2 3 2 13 0 0 0 0 0 1 48 0 0 0 0 1 37 0 0 0 2 0 0 0 0 0 2 0 0 52 0 0 0 0 0 4 23 3 3627 0 0 0 0 1 0 0 0 0 1 1 0 0 0 0 0 0 4 2 0 0 0 0 0 65 27 15 3 41 6 0 246 3 0 16 4 0 0 3 0 0 1 1 0 0 0 0 1 0 0 0 0 1 0 0 0 13 0 0 0 43 0 0 0 0 0 1 2 0 5 0 0 0 13 0 17 288 3 0 0 2 0 0 0 2 0 7 0 0 0 0 0 8 0 0 4 0 1 0 0 0 0 1 1 0 0 0 0 0 1 1 1 0 0 0 0 0 39 8 0 0 2 11 0 3 10 0 2 0 
96 3633 3 0 0 0 0 0 68 0 0 0 0 0 0 3 0 2 0 0 0 0 189 1 0 0 0 1 0 0 0 3 0 0 0 0 0 0 3 0 1 0 56 7 0 0 9 0 0 37 0 2 0 0 0 1 0 10 0 0 0 5 0 0 0 0 7 0 0 0 14 0 0 0 0 1 0 12 3 14 0 0 0 1 0 0 0 1 1 7 0 0 0 0 0 0 19 0 0 0 0 0 17 0 0 0 1 0 1 0 0 0 0 0 0 52 0 0 0 0 1 4 26 1 2101 0 0 0 0 0 0 0 0 0 0 0 0 0 0 1 1 0 2 0 0 0 0 0 1 34 32 9 3 15 17 0 345 2 0 5 4 0 0 0 3 0 1 0 0 1 0 0 0 0 0 0 1 0 0 0 0 5 0 0 1 25 0 0 0 0 1 1 1 0 2 0 0 0 4 0 13 276 3 1 0 0 0 0 0 6 0 2 0 0 0 0 0 0 0 0 3 0 0 0 0 0 0 0 1 0 0 0 0 0 0 0 0 0 0 0 0 0 51 13 0 0 2 15 0 1 8 0 0 0 
97 2450 1 5 0 0 0 0 26 0 0 0 0 1 0 2 0 1 0 0 0 0 175 0 0 1 0 2 0 0 0 1 0 0 0 0 0 1 3 0 0 0 28 9 0 0 4 0 0 23 0 8 0 0 0 0 0 5 0 0 0 4 1 3 0 0 3 0 0 0 5 0 0 0 1 0 0 1 1 29 0 1 0 0 0 0 1 0 3 1 3 0 0 0 0 1 11 0 0 0 0 0 2 0 0 1 5 0 0 0 0 0 0 0 0 74 0 0 0 0 1 9 26 0 1163 0 0 0 0 0 0 0 0 0 1 1 0 0 0 0 0 0 1 1 0 0 0 0 0 13 7 17 9 7 6 0 278 0 0 7 3 0 0 1 4 0 0 1 0 0 0 0 0 0 0 0 0 0 0 0 0 1 0 0 0 18 0 0 0 2 0 2 1 2 4 0 0 1 2 0 8 282 1 0 0 0 0 0 0 2 0 4 1 0 0 0 0 1 0 0 4 0 0 0 0 0 0 0 1 0 1 0 0 0 0 0 0 0 0 0 1 0 51 8 0 0 3 10 0 2 4 0 0 0 
98 1721 0 0 0 1 0 0 16 0 0 0 0 0 0 0 0 1 0 0 0 0 154 0 0 0 0 1 0 0 0 18 0 0 0 0 0 0 0 0 0 0 49 8 0 0 2 0 0 5 1 0 0 0 0 0 0 2 0 0 0 5 0 0 0 0 9 0 0 0 1 0 0 0 1 0 0 6 0 22 0 0 0 0 0 0 0 0 4 1 1 0 0 0 0 0 6 0 0 0 0 0 1 0 0 0 0 0 0 0 0 0 1 0 0 77 0 0 0 0 0 6 30 0 514 0 0 0 0 0 0 0 0 0 1 1 0 0 0 3 0 0 1 3 0 0 0 0 0 13 5 11 8 5 6 0 275 3 0 3 0 0 0 5 1 0 0 0 0 0 0 0 0 0 0 0 1 0 0 0 0 4 0 0 0 10 0 0 0 0 0 1 0 0 1 0 0 1 6 0 8 285 7 0 0 0 0 0 0 0 0 7 0 0 0 0 0 0 0 0 5 0 0 1 0 0 0 0 1 0 0 0 0 0 1 0 0 0 0 0 0 0 36 8 0 0 5 8 1 0 8 0 1 0 
99 1551 1 1 0 0 0 0 7 0 0 1 0 0 0 0 0 1 0 0 0 0 120 0 0 0 0 3 0 1 0 16 0 0 3 0 0 0 0 0 0 0 42 15 0 0 5 0 0 4 0 3 0 1 0 0 0 0 0 0 0 5 0 0 1 0 4 0 0 0 4 0 0 0 2 1 0 7 1 29 0 1 0 0 0 0 1 3 2 2 2 0 0 0 0 1 6 0 0 0 4 0 0 1 0 0 0 0 0 0 0 1 2 0 0 66 0 0 0 0 0 13 32 0 439 0 0 0 0 0 0 0 0 0 0 1 0 1 0 0 4 0 0 4 0 0 0 0 0 14 7 17 11 6 7 0 146 0 0 10 0 0 0 2 0 0 0 0 0 0 1 0 0 0 0 0 0 1 0 0 0 1 0 0 0 16 0 0 1 0 0 2 1 0 3 0 0 0 9 0 2 290 3 1 0 1 0 0 0 2 0 14 3 0 2 0 0 0 0 0 6 0 0 0 0 0 0 0 4 0 0 0 0 0 5 0 0 0 1 0 2 0 42 7 0 0 6 13 0 0 10 0 1 0 
100 1603 1 0 0 0 0 0 12 0 0 1 0 0 0 2 0 0 0 1 0 0 46 0 0 0 0 0 3 0 0 17 0 0 1 0 0 0 4 0 1 0 25 25 0 0 0 0 0 2 1 1 0 1 0 0 0 2 0 0 0 3 0 0 1 0 3 0 0 0 4 0 0 0 0 3 0 3 1 33 0 1 0 0 0 0 2 7 2 2 2 0 0 0 0 1 8 0 0 0 0 0 0 0 0 0 2 0 0 0 0 1 0 0 0 17 0 0 0 0 0 13 39 0 684 0 0 0 0 0 0 0 0 0 0 1 2 1 0 3 0 0 0 0 0 0 0 0 0 3 11 9 2 9 4 0 74 0 0 4 1 0 0 1 1 0 0 0 0 0 0 0 0 0 0 0 1 0 0 0 0 5 0 0 0 7 0 0 0 0 0 2 1 0 2 0 0 0 13 0 6 310 3 1 0 0 0 1 0 2 0 9 2 0 0 0 0 3 0 0 10 0 0 0 0 0 0 0 5 0 0 0 0 0 1 0 0 0 0 0 2 0 31 12 0 0 11 11 0 2 12 0 2 3 
101 2749 0 0 0 1 6 1 38 0 0 0 1 0 0 2 0 1 0 0 0 0 52 0 0 0 0 3 0 0 3 10 0 0 0 0 0 0 3 0 7 0 5 17 0 0 0 0 0 6 0 5 0 0 0 1 0 4 0 0 0 1 1 3 1 0 1 0 0 0 5 0 0 0 0 2 0 2 1 39 0 2 0 1 0 0 1 13 0 12 1 0 0 0 0 1 40 0 0 0 13 0 2 2 0 0 0 0 0 0 0 1 0 1 0 8 0 0 0 0 0 14 27 7 1743 0 0 0 0 2 0 0 0 0 0 8 1 0 0 0 1 0 3 1 0 0 0 0 0 18 32 9 11 16 2 0 42 3 0 3 1 0 0 1 0 0 0 0 0 0 0 0 9 0 0 0 1 0 1 0 0 4 3 0 1 3 0 0 0 0 0 1 1 1 2 0 0 2 21 0 11 272 2 0 0 2 0 0 0 0 0 8 0 0 0 0 0 0 0 0 11 0 2 0 0 0 0 0 7 0 0 0 0 0 0 0 1 0 0 0 1 1 13 7 0 0 20 19 0 1 9 1 0 0 
102 4382 0 1 1 1 2 0 112 0 0 0 0 0 7 9 0 0 0 0 0 0 19 0 0 0 0 8 1 4 4 25 0 0 0 0 0 0 3 0 5 0 3 7 0 0 1 0 0 30 4 6 0 0 0 1 1 3 0 0 0 1 0 2 1 0 2 0 0 0 26 0 0 8 1 7 0 0 3 38 0 5 0 0 0 0 1 9 0 29 0 0 1 0 0 5 49 0 0 0 36 0 35 2 0 0 0 0 0 0 0 7 0 0 0 8 0 0 0 0 0 10 15 5 3150 0 0 0 0 0 0 0 0 0 0 9 0 1 0 0 11 0 4 0 0 0 0 0 0 36 59 7 7 37 4 0 21 4 0 14 1 0 0 1 0 0 0 0 0 0 0 0 4 0 0 0 3 0 1 0 0 5 3 0 2 2 0 0 1 1 0 1 3 0 0 0 0 4 26 0 10 195 2 0 0 2 0 0 0 2 0 14 1 0 1 1 0 8 0 0 14 0 3 0 0 0 0 0 8 6 0 0 0 0 1 0 0 0 1 0 2 0 10 15 2 0 26 11 0 2 14 0 0 1 
103 5692 0 1 1 0 3 0 123 0 0 0 1 0 15 9 0 0 0 0 0 0 22 0 0 0 0 3 0 1 2 32 0 0 1 0 0 0 2 0 7 0 2 8 0 0 0 0 0 61 7 7 0 0 0 2 2 6 2 0 0 0 2 2 0 0 0 0 0 0 16 0 0 2 0 5 0 2 2 31 0 3 0 1 0 0 4 23 0 34 4 0 0 0 1 1 45 0 1 0 10 0 36 4 0 0 1 0 0 0 0 8 1 1 0 7 0 0 1 0 0 17 8 2 4479 0 0 0 0 2 0 0 0 0 0 13 6 0 0 2 2 0 5 1 0 0 0 1 0 41 36 7 6 44 2 0 27 11 0 4 2 0 0 1 0 0 0 0 0 0 0 1 6 0 0 0 2 0 0 0 0 5 3 0 2 17 0 0 1 0 0 1 4 3 0 0 1 0 27 0 12 142 0 0 0 3 0 0 0 3 0 11 2 0 1 0 0 5 0 0 12 0 0 0 0 0 0 0 13 0 0 0 0 0 1 0 1 0 0 0 1 0 7 12 1 0 17 16 0 3 14 0 4 0 
104 6975 0 0 2 0 0 0 183 0 0 0 0 1 1 5 0 0 0 0 0 0 45 0 0 0 1 7 1 1 0 18 0 0 0 0 0 0 0 0 5 0 2 16 0 0 1 0 0 91 1 10 0 0 0 5 0 9 1 0 1 0 0 1 0 0 0 0 0 0 18 0 0 0 0 4 0 0 0 33 0 8 1 0 0 0 6 18 0 50 5 0 3 0 2 2 59 0 2 0 1 0 34 3 0 2 1 0 2 0 0 3 0 1 0 15 0 0 0 1 0 22 5 5 5533 0 0 0 0 5 0 0 0 0 0 18 4 0 0 0 1 0 5 6 0 0 0 0 0 52 69 2 6 52 1 0 31 6 0 12 1 0 0 0 0 0 0 0 0 1 0 0 6 0 0 0 3 0 1 0 1 15 4 0 3 12 0 0 1 1 0 3 6 0 0 0 3 1 31 0 24 137 0 5 0 6 0 0 0 1 0 11 1 0 0 0 0 18 0 0 11 0 3 0 0 0 0 0 17 2 0 0 0 0 1 0 0 0 0 0 2 0 2 30 4 0 17 18 0 3 9 1 2 0 
105 8281 0 0 1 1 0 0 140 0 0 0 0 0 6 14 0 0 0 0 0 0 39 0 0 0 0 5 2 1 0 8 0 0 4 0 0 1 0 0 5 0 7 17 0 0 4 0 1 113 4 8 0 0 0 6 1 6 1 0 1 1 2 10 0 0 0 0 0 0 11 0 0 0 0 3 0 0 3 41 0 6 2 0 0 0 3 15 0 41 0 0 2 0 0 1 86 0 0 0 6 0 66 7 0 0 8 0 0 0 0 4 0 0 0 4 0 0 0 0 0 13 1 3 6719 0 0 0 0 1 0 0 0 0 0 21 1 0 0 0 1 0 11 2 0 0 0 0 0 47 86 7 13 83 3 0 60 10 0 21 2 1 0 0 0 0 1 0 0 0 0 0 2 0 0 0 1 0 1 0 2 5 1 0 4 25 0 0 0 0 0 3 2 1 0 0 0 5 56 0 18 145 0 0 0 5 0 0 0 2 0 10 1 0 0 0 0 7 0 0 30 0 3 0 0 0 1 0 8 0 0 0 0 0 1 0 0 0 2 0 1 0 6 18 5 0 17 11 0 6 12 1 1 0 
106 8663 0 1 2 2 0 0 181 0 0 0 0 0 0 6 0 0 0 0 0 0 68 0 0 0 0 2 1 1 0 56 0 0 3 0 0 0 0 0 8 0 22 18 0 0 20 0 0 114 8 5 0 1 0 4 1 16 0 0 0 2 0 1 0 0 1 0 0 0 15 0 0 0 0 0 0 0 2 53 0 12 0 1 0 1 7 20 0 37 8 0 0 0 0 2 87 0 0 1 3 0 43 8 0 0 10 0 0 0 0 3 2 2 0 16 0 0 4 0 1 15 9 13 6830 0 0 0 0 0 0 0 0 0 0 20 2 1 0 0 0 0 6 1 0 0 0 0 0 51 66 1 10 95 1 0 108 8 0 11 0 1 0 2 1 0 0 0 0 1 0 0 5 0 0 0 0 0 0 0 0 9 3 0 4 32 0 0 0 0 0 5 5 2 1 0 0 0 26 0 58 160 0 0 0 3 0 0 0 1 1 6 1 0 0 0 0 35 0 0 6 0 6 2 0 0 0 0 8 8 0 0 0 0 1 2 0 0 0 0 1 0 11 18 0 0 27 11 0 17 17 1 1 0 
107 8227 0 0 2 0 2 0 141 0 0 0 0 1 0 1 0 2 0 0 0 0 54 0 0 0 0 10 2 0 0 32 0 0 3 0 0 1 2 0 2 0 35 17 0 0 3 0 0 154 5 8 0 0 0 3 0 11 0 0 0 10 2 1 0 0 5 0 0 0 19 0 0 0 1 0 0 1 3 55 0 2 1 1 0 0 5 19 0 51 0 0 1 0 0 3 83 0 0 0 2 0 41 13 0 1 4 0 0 0 0 2 2 0 0 24 0 0 1 0 0 11 5 14 6386 2 0 0 0 1 0 0 0 0 0 9 1 2 0 0 1 0 6 0 0 0 0 0 0 56 112 3 4 77 2 0 150 3 1 12 8 1 0 0 2 0 1 2 0 0 0 0 8 0 0 0 1 0 1 0 0 10 1 0 2 37 0 0 1 0 0 2 6 0 1 0 1 3 28 0 53 153 0 0 0 1 0 0 0 4 1 6 0 0 0 0 0 12 0 0 8 0 3 1 0 1 0 0 3 0 0 0 0 0 1 0 1 0 0 0 1 0 11 18 2 0 32 17 0 15 23 0 1 0 
108 6860 0 0 1 1 1 0 118 0 0 0 0 0 4 6 0 0 0 1 0 0 66 1 0 0 0 5 2 1 0 15 0 0 0 0 0 0 3 0 2 0 30 23 0 0 4 1 0 95 3 6 0 0 0 1 1 8 0 0 1 9 1 2 0 0 3 0 0 0 21 0 0 0 0 1 0 0 0 44 0 7 0 0 0 0 3 14 0 33 2 0 0 0 1 2 72 0 0 0 3 0 52 9 1 0 4 1 1 0 0 0 2 0 0 33 1 0 4 0 1 16 12 11 5099 0 0 0 0 4 0 0 0 0 0 21 4 0 0 1 2 0 5 0 1 0 0 0 0 70 50 10 5 69 5 0 187 3 4 8 2 2 0 0 3 0 0 1 0 0 0 0 2 0 0 0 0 0 0 0 0 14 2 0 0 38 0 0 2 0 0 1 3 0 1 0 0 1 31 0 24 204 1 0 0 3 0 0 0 4 0 16 1 0 0 0 0 27 0 0 12 0 3 0 0 0 0 0 2 0 1 0 0 0 0 0 0 0 0 0 0 0 18 9 2 0 23 11 0 16 14 2 1 0 
109 5771 0 0 0 0 0 0 131 0 0 0 0 2 4 5 0 0 0 2 0 0 64 0 0 0 0 5 1 0 1 12 0 0 2 0 0 0 3 0 0 0 39 29 0 0 3 1 0 74 0 6 0 0 0 0 0 13 1 0 0 6 3 3 0 0 1 0 0 0 17 0 1 0 0 0 0 3 1 48 0 1 0 0 0 0 1 16 0 39 5 0 0 0 1 3 76 0 0 0 1 0 35 5 0 4 5 0 0 0 0 1 0 0 0 23 0 0 1 0 0 14 14 3 4065 0 0 0 0 4 0 0 0 0 0 21 1 0 0 2 1 0 7 1 1 0 0 0 1 31 51 10 6 73 4 0 244 0 1 15 2 0 0 1 1 0 1 0 0 0 0 0 2 0 0 0 0 0 0 0 1 11 0 0 3 32 0 0 0 0 0 0 4 0 6 0 0 1 33 0 24 205 1 0 0 4 0 0 0 1 0 8 6 0 0 0 0 16 0 0 8 0 3 0 0 1 0 0 6 1 0 0 0 0 0 0 0 0 0 0 0 0 16 7 1 0 29 11 0 6 11 1 9 0 
110 5816 0 1 1 1 0 1 141 0 0 0 0 0 1 2 0 0 0 0 0 0 96 1 0 0 0 4 1 0 0 25 0 0 3 0 0 0 2 0 5 0 18 9 0 0 5 0 0 139 3 2 0 1 0 0 0 10 0 0 1 7 1 2 0 0 1 1 0 0 30 0 0 0 1 1 0 5 11 39 0 3 0 0 0 2 4 22 3 29 3 0 0 0 1 2 63 0 0 0 4 0 26 0 0 0 5 0 0 0 0 2 1 1 0 15 0 0 0 0 1 12 13 8 4045 0 0 0 0 1 0 0 0 0 1 14 0 0 0 0 3 0 9 0 0 0 0 0 0 47 56 6 3 78 3 0 222 2 0 7 2 0 0 0 2 0 1 1 0 0 0 0 5 0 0 0 1 1 0 0 0 12 2 0 3 31 0 0 0 0 0 1 4 0 2 0 0 0 46 0 15 229 2 0 0 3 0 2 0 5 0 8 9 0 0 0 0 8 0 0 10 0 6 3 0 1 1 0 5 0 0 0 0 0 2 0 0 0 0 0 1 0 18 0 1 0 21 11 1 7 18 1 1 0 
111 6099 0 0 1 1 2 0 125 0 0 0 0 0 0 1 1 0 0 0 0 0 100 0 0 0 0 4 0 1 0 28 0 0 3 0 0 0 3 0 27 0 65 13 0 0 4 0 0 70 0 2 0 0 1 1 0 15 5 0 0 6 0 1 1 0 1 0 0 0 17 0 0 1 1 3 0 2 4 27 0 5 1 0 0 0 0 8 0 31 4 0 0 0 0 3 60 0 0 0 5 0 112 4 0 0 5 0 0 0 0 1 0 0 0 35 0 0 0 0 0 17 23 8 4375 0 0 0 0 2 0 0 0 0 0 23 1 0 0 0 2 0 4 0 0 0 0 0 0 32 54 9 2 27 3 0 178 8 0 12 7 0 0 0 4 0 2 0 0 0 0 0 5 0 0 0 0 1 0 0 0 7 1 1 1 27 0 0 0 0 1 1 3 2 2 1 0 4 24 0 10 235 2 1 0 6 0 1 0 4 0 13 6 0 0 0 0 9 0 0 12 0 9 2 0 0 0 0 6 1 0 0 0 0 1 0 1 0 0 0 1 0 21 2 0 0 14 11 0 10 16 0 1 0 
112 7064 0 1 1 0 0 0 151 0 0 1 0 1 2 4 0 0 0 0 0 0 106 0 0 0 0 4 2 2 0 21 0 0 2 0 0 0 0 0 5 0 21 8 0 0 2 2 0 112 0 4 0 0 0 1 1 13 1 0 0 6 3 1 0 0 1 0 0 0 9 0 0 0 0 1 0 0 2 31 0 7 0 0 0 0 3 17 1 31 1 0 2 0 0 1 78 0 0 2 6 1 22 9 0 0 0 0 0 0 1 0 4 0 0 26 0 0 0 1 0 12 21 6 5323 0 0 0 0 1 0 0 0 0 0 14 2 0 0 0 1 0 2 0 0 0 0 0 0 33 65 8 3 39 4 0 263 5 1 10 9 0 0 3 0 0 0 0 0 1 0 0 1 0 0 0 3 0 1 0 0 13 1 1 0 28 0 0 0 0 0 3 4 1 0 0 0 0 32 0 15 255 0 0 0 2 0 0 0 1 0 13 2 0 1 0 0 12 0 0 10 0 5 0 0 0 3 0 7 0 0 0 0 0 3 0 2 0 0 0 1 0 15 3 2 0 17 10 0 10 9 0 1 0 
113 7736 0 3 3 1 3 0 197 0 0 0 0 0 0 8 0 2 0 0 0 0 90 0 0 0 0 8 1 0 0 27 0 0 2 0 0 0 0 0 4 0 49 8 0 0 1 2 0 104 3 3 0 0 0 3 0 16 1 0 0 5 1 0 0 0 3 0 0 0 18 0 0 3 1 3 0 1 2 14 0 6 0 0 0 0 1 18 2 35 1 0 0 0 0 2 64 0 0 0 4 1 41 5 0 0 4 0 0 0 0 1 0 0 1 31 0 0 1 0 0 6 22 4 5763 0 0 0 0 1 0 0 0 0 1 15 1 0 0 0 1 0 3 3 0 0 0 0 0 32 85 8 4 78 4 0 293 2 0 15 0 0 0 2 0 0 1 0 0 0 0 0 1 0 0 0 0 0 0 0 0 7 0 1 0 40 0 0 0 0 0 0 7 0 4 0 0 1 25 0 29 305 0 0 0 8 0 0 0 0 1 23 0 0 0 1 0 9 0 0 7 0 0 0 0 0 1 0 9 2 0 0 0 0 0 0 1 0 0 0 1 0 23 2 2 0 12 11 0 14 3 1 1 0 
114 8664 0 2 0 0 0 2 194 1 0 1 0 2 0 5 0 1 0 3 0 0 114 1 0 0 0 7 2 0 0 17 0 0 2 0 0 0 2 0 8 0 19 6 0 0 4 0 0 108 2 4 0 0 0 5 0 16 1 0 2 5 3 0 0 0 4 0 0 0 18 0 0 0 1 2 0 1 1 10 0 13 0 0 0 0 6 25 2 45 0 0 1 0 0 3 78 0 0 0 7 0 46 1 0 0 4 0 0 0 0 0 4 0 0 23 0 0 0 0 1 9 22 3 6647 0 0 0 0 1 0 0 0 0 0 15 4 0 0 0 0 0 8 3 0 0 0 0 1 84 103 11 1 77 8 0 266 14 0 10 1 0 0 2 1 0 0 0 0 0 0 0 3 0 0 0 0 1 1 0 0 0 1 2 6 41 0 0 0 0 0 0 4 0 1 0 0 3 24 0 26 261 3 0 1 6 0 0 0 1 0 14 0 0 0 0 0 8 0 0 5 1 2 3 0 0 0 0 12 0 0 0 0 0 3 0 3 0 0 0 0 0 21 3 4 0 11 11 0 8 2 1 3 0 
115 8877 0 0 1 2 1 1 218 0 0 0 0 1 0 4 0 0 0 0 0 0 122 1 0 0 0 7 2 1 2 5 0 0 3 0 0 0 3 0 5 0 15 6 0 0 3 0 0 137 6 6 0 0 0 4 0 17 0 0 0 7 1 0 0 0 2 0 0 0 38 0 0 0 2 1 0 0 5 4 0 5 0 1 0 0 7 22 5 46 0 0 0 0 0 1 92 0 0 0 7 0 51 1 0 0 4 0 0 0 0 1 4 0 0 13 0 0 0 0 1 0 20 7 6836 0 0 0 0 3 0 0 0 0 0 16 10 1 0 0 1 0 13 0 0 0 0 0 0 76 90 14 1 84 3 0 243 7 0 10 0 0 0 1 0 0 0 0 0 0 0 0 3 0 0 0 0 1 0 0 0 1 0 7 0 38 0 0 2 0 0 1 6 0 3 0 0 5 29 0 36 272 3 0 0 3 0 0 0 0 0 23 1 0 1 0 0 9 0 0 6 0 4 0 0 0 0 0 8 1 0 0 0 0 0 0 2 1 1 0 0 0 17 1 2 0 7 11 0 7 2 0 5 0 
116 8961 0 1 0 6 0 0 207 1 0 0 0 0 0 3 0 0 0 0 0 0 123 0 0 0 0 3 0 0 0 8 0 0 5 0 0 0 2 0 13 0 30 8 0 0 12 1 0 120 1 4 1 0 0 8 0 14 0 0 0 11 1 0 0 0 2 0 0 0 40 0 0 0 0 5 0 2 2 5 0 4 0 0 0 0 6 19 2 58 1 0 0 0 0 3 85 0 0 0 0 0 29 9 0 0 7 0 0 0 0 0 2 0 0 11 0 0 0 0 0 1 11 4 7019 2 0 0 0 3 0 0 0 0 0 20 5 0 0 4 1 0 7 2 0 0 0 0 0 60 68 7 0 67 3 0 239 6 0 15 1 0 0 1 1 0 0 2 0 0 0 0 0 0 1 0 0 0 0 0 0 0 0 0 0 37 0 0 0 0 0 0 5 1 4 0 0 1 49 0 27 231 4 0 0 5 0 0 0 1 0 33 0 0 2 0 0 14 0 0 4 0 0 0 0 0 0 0 11 1 0 0 0 0 2 0 1 0 1 0 1 0 25 7 8 0 1 8 0 10 3 0 0 0 
117 8127 0 0 0 0 1 0 204 0 0 0 0 2 0 3 0 1 0 0 0 0 137 0 0 0 0 5 1 1 0 7 0 0 2 0 0 1 0 0 3 0 30 18 0 0 7 0 0 153 7 7 0 0 0 2 0 9 0 0 0 10 2 0 0 0 5 0 0 0 38 0 0 1 1 1 0 4 4 11 0 11 0 0 0 1 2 11 2 36 2 0 1 0 0 3 87 1 0 0 0 1 36 1 0 0 5 0 0 0 1 0 1 0 0 31 0 0 0 0 1 1 22 4 6240 0 0 0 0 1 0 0 0 0 0 14 5 0 0 1 1 0 8 0 0 0 0 0 0 72 41 10 1 73 4 0 213 8 0 11 1 0 0 1 1 0 1 1 0 0 0 0 1 0 0 0 0 0 0 0 0 1 0 0 2 48 0 0 0 0 0 0 1 0 8 0 0 1 34 0 17 229 3 0 0 4 0 0 0 0 0 17 0 0 0 0 0 10 0 0 2 0 1 2 0 0 0 0 7 0 0 0 0 0 2 0 3 0 0 0 2 0 19 14 3 0 1 13 1 10 1 1 0 0 
118 6938 0 0 1 0 6 1 122 0 0 0 0 0 0 1 0 0 0 0 0 0 140 0 0 0 0 5 0 2 0 4 0 0 0 0 0 0 2 0 0 0 45 15 0 0 11 0 0 74 2 2 0 0 0 4 0 11 1 0 0 3 0 0 0 0 2 0 0 0 29 0 0 0 0 1 0 5 14 9 0 4 1 1 0 0 3 9 2 22 0 0 0 0 0 2 105 0 0 0 0 0 33 0 0 0 2 0 0 0 0 0 0 0 0 65 0 0 1 0 0 0 16 2 5202 0 0 0 0 0 0 0 0 0 0 23 6 0 0 1 2 0 5 5 0 0 0 0 0 76 54 11 1 24 4 0 255 11 0 12 1 0 0 2 3 0 1 0 0 0 0 0 0 0 0 0 0 0 0 0 0 13 0 0 1 54 0 0 1 1 0 1 4 0 4 0 0 0 17 0 24 244 3 0 0 9 1 0 0 0 0 4 0 0 1 0 0 1 0 0 0 0 0 2 0 1 0 0 4 3 0 0 0 0 2 1 0 0 0 0 0 0 15 5 3 0 2 8 0 8 2 1 3 1 
119 4961 0 0 1 0 0 0 69 0 0 0 0 0 0 2 0 0 0 0 0 0 208 0 0 0 0 5 0 1 0 2 0 0 0 0 0 0 0 0 4 0 40 8 0 0 16 0 0 83 0 4 0 0 0 2 0 10 0 0 1 1 0 0 0 0 4 0 0 0 22 0 0 0 2 6 0 5 5 12 0 4 0 1 0 0 3 3 0 14 1 0 0 0 0 0 55 0 1 0 0 0 21 1 0 0 5 0 0 0 0 0 0 0 0 54 0 0 0 0 0 4 10 6 3338 1 0 0 0 1 0 0 0 0 0 2 4 0 0 1 1 0 2 1 0 0 0 0 0 75 42 9 2 27 11 0 288 2 0 7 1 3 0 0 3 0 1 0 0 0 0 0 0 0 0 0 0 0 0 0 0 3 0 0 0 37 0 0 0 1 0 1 1 0 3 0 0 1 16 1 16 252 3 0 0 1 0 0 0 0 0 4 0 0 0 0 0 2 0 0 2 0 4 0 0 0 0 0 1 0 0 0 0 0 1 0 0 0 2 0 0 0 27 13 0 0 0 11 0 14 5 0 1 0 
120 3397 0 0 1 0 0 0 30 0 0 0 0 0 0 0 0 1 0 0 0 0 202 0 0 0 0 5 0 0 0 2 0 0 0 0 0 0 1 0 0 0 52 5 0 0 14 0 0 56 3 2 0 0 0 1 0 8 0 0 0 8 0 0 0 0 4 0 0 0 8 1 0 0 1 0 0 5 0 17 0 0 0 0 0 0 1 2 2 13 0 0 0 0 0 0 12 0 0 0 1 0 20 0 0 0 2 0 0 0 0 0 0 0 0 61 0 0 0 0 0 3 16 1 1894 0 0 0 0 0 0 0 0 0 0 3 5 0 0 0 1 0 2 1 0 0 0 0 0 51 28 10 4 14 8 0 245 0 0 25 1 0 0 3 2 0 0 0 0 0 0 0 0 0 0 0 1 1 0 0 0 1 0 0 0 33 0 0 0 1 0 1 3 0 21 0 0 0 15 0 2 337 3 0 0 0 0 0 0 0 1 5 0 0 0 0 0 0 0 0 2 0 0 0 0 0 0 0 0 0 0 0 0 0 1 0 0 0 0 0 1 0 39 9 1 0 1 10 0 3 14 1 0 0 
121 2521 0 0 0 0 0 0 52 0 0 0 0 0 0 0 0 1 0 0 0 0 188 1 0 0 0 1 0 0 0 1 0 0 0 0 0 0 3 0 2 0 48 10 0 0 10 0 0 25 0 0 0 0 0 0 0 8 0 0 0 6 1 1 0 0 3 0 0 0 5 0 0 0 1 3 0 3 2 26 0 0 0 0 0 0 0 0 4 4 1 0 0 0 0 0 17 0 0 0 0 0 8 1 0 0 4 0 0 0 0 0 0 0 0 77 0 0 1 0 0 5 35 0 1078 1 0 0 0 0 0 0 0 0 1 2 4 0 0 0 2 0 1 0 0 0 0 0 0 17 5 18 2 15 10 0 270 1 0 7 0 0 0 7 0 0 0 0 0 0 0 0 0 0 0 0 2 0 0 0 0 2 0 0 0 29 0 0 0 0 0 1 1 0 4 0 0 1 4 0 4 323 3 0 0 0 1 0 0 3 0 25 1 0 0 0 0 0 0 0 4 0 0 0 0 0 0 0 2 0 0 0 0 0 4 0 0 0 0 0 1 0 46 7 0 0 3 5 0 12 3 0 0 0 
122 1910 0 0 0 0 0 0 12 0 0 0 0 0 0 0 0 0 0 0 0 0 133 0 0 0 0 1 0 0 0 3 0 0 0 0 0 0 1 0 0 0 53 11 0 0 6 0 0 27 0 3 0 0 0 0 0 5 0 0 0 9 0 1 0 0 7 0 0 0 2 0 0 0 2 2 0 6 0 23 0 0 0 1 0 0 0 1 4 1 2 0 0 0 0 0 12 0 0 0 1 0 4 0 0 0 1 0 0 0 0 1 0 0 0 51 0 0 0 0 0 5 16 0 707 0 0 0 0 1 0 0 0 0 1 1 2 0 0 0 1 0 1 0 0 0 0 0 0 4 8 14 2 11 7 0 233 0 0 2 0 0 0 2 2 0 0 0 0 0 0 0 0 0 1 0 4 3 0 0 0 1 0 0 1 20 0 0 0 1 0 0 1 0 5 0 0 1 17 0 2 298 3 0 0 0 0 0 0 3 1 15 1 0 0 0 0 0 0 0 0 0 0 0 0 0 0 0 1 0 0 0 0 0 0 0 0 0 1 0 1 0 43 15 0 0 7 8 0 4 7 0 0 0 
123 1386 0 0 0 0 0 0 16 0 0 0 2 1 0 0 0 0 0 0 0 0 84 0 0 0 0 5 0 0 0 10 0 0 0 0 0 1 0 0 0 0 25 15 0 0 5 0 0 4 0 0 0 0 0 0 0 0 0 0 0 6 0 0 1 0 1 0 0 0 0 0 1 0 3 1 0 6 1 32 0 0 0 0 0 0 0 4 1 6 0 0 0 0 0 1 12 0 0 0 6 0 3 0 0 0 0 0 0 0 0 0 0 0 0 34 0 0 1 0 0 18 26 0 441 0 0 0 0 1 0 0 0 0 1 2 0 0 0 0 0 0 4 1 0 0 0 0 0 6 7 11 7 3 4 0 152 1 0 0 0 0 0 2 0 0 0 0 0 0 0 0 1 0 0 0 1 0 0 0 0 9 0 0 0 10 0 0 0 0 0 1 0 0 2 0 0 0 2 0 1 270 5 0 0 0 0 0 0 1 0 3 0 0 0 0 0 0 0 0 3 0 1 0 1 0 0 0 4 0 0 0 0 0 0 0 0 0 0 0 1 0 38 8 0 0 4 6 0 1 8 0 0 0 
124 1730 0 0 0 1 0 0 26 0 0 0 0 3 0 0 0 2 0 0 0 0 70 0 0 0 0 1 1 0 0 11 0 0 0 0 0 0 1 0 3 0 15 14 0 0 15 0 0 11 0 2 0 0 0 1 0 0 0 0 1 5 0 1 0 0 2 0 0 0 0 0 0 0 0 2 0 7 1 28 0 1 0 0 0 0 0 7 2 11 7 0 2 0 1 1 18 0 0 0 3 0 1 1 0 2 0 0 0 0 0 3 0 0 1 25 0 0 0 0 0 17 28 0 781 0 0 0 0 0 0 0 0 0 0 1 1 0 0 0 0 0 3 1 0 0 0 0 0 5 20 18 8 21 6 0 91 5 0 5 0 0 0 7 0 0 0 0 0 1 0 1 1 0 0 0 0 1 0 0 0 2 2 0 3 1 0 0 0 0 0 1 1 0 0 0 0 0 5 0 1 257 4 0 0 2 0 0 0 2 0 0 3 0 0 0 0 2 0 0 7 0 0 0 0 0 0 0 1 0 0 0 0 0 0 2 1 0 0 0 0 0 22 9 0 0 14 8 0 1 18 1 0 0 
125 2959 0 0 0 0 0 0 64 0 0 1 0 0 0 4 0 1 0 0 0 0 37 0 0 0 0 6 1 0 0 17 0 0 0 0 0 0 1 0 4 0 4 13 0 0 0 0 0 27 0 3 0 0 0 1 1 1 2 0 1 2 0 5 0 0 1 1 0 0 6 0 0 1 0 2 0 1 0 49 0 2 0 0 0 0 5 8 1 24 4 0 0 1 0 2 18 0 0 0 8 0 8 1 0 1 0 0 0 0 0 3 0 0 6 24 0 0 0 0 0 9 12 0 1972 0 0 0 0 3 0 0 0 0 0 3 5 0 0 1 1 0 2 2 0 0 0 0 0 13 44 4 10 22 8 0 64 9 1 7 2 2 0 4 1 0 0 0 0 0 0 0 3 0 0 0 0 0 1 0 1 4 0 0 0 0 0 0 0 1 0 0 0 0 3 0 0 0 7 0 11 200 3 0 0 4 0 0 0 1 0 7 0 0 5 0 0 3 0 0 10 0 1 0 0 0 0 0 6 0 0 0 0 0 0 0 0 0 0 0 0 0 15 16 1 0 22 9 0 2 11 0 0 0 
126 4411 0 0 2 0 0 0 95 1 0 1 0 1 8 3 0 0 0 0 0 0 23 0 0 0 0 4 3 0 0 8 0 0 0 0 0 0 0 0 7 0 8 15 0 0 1 2 0 38 1 0 0 0 0 1 0 3 0 0 0 4 0 1 1 0 2 0 0 0 11 0 0 0 0 2 1 1 6 35 0 1 0 2 0 0 4 9 0 25 2 0 1 0 0 2 32 0 0 0 3 0 26 3 0 0 1 0 0 0 0 3 1 0 0 8 0 0 0 0 0 8 10 1 3343 0 0 0 0 0 0 0 0 0 0 12 3 1 0 2 2 0 3 3 0 0 0 0 0 27 49 11 4 51 0 0 36 1 2 8 3 2 0 0 0 0 0 0 0 0 0 0 3 0 0 0 1 0 1 0 0 7 8 0 4 4 0 0 0 1 0 4 4 0 0 0 0 1 38 0 8 166 1 0 0 1 0 0 0 1 0 15 1 0 0 0 0 8 0 0 3 0 0 0 0 0 0 0 14 0 0 0 0 0 1 0 1 0 0 0 0 0 7 9 4 0 20 11 0 4 11 0 0 0 
127 5865 0 1 1 0 1 0 136 0 0 0 0 0 4 3 0 0 0 0 0 0 24 0 0 0 0 4 1 1 0 12 0 0 1 0 0 0 0 0 3 0 3 23 0 0 0 1 0 73 0 1 0 0 0 2 0 6 0 0 0 0 0 2 0 0 1 0 0 0 9 0 0 0 0 4 0 0 1 38 0 2 0 3 0 1 3 13 0 53 1 0 0 0 0 1 78 0 0 0 4 0 32 11 0 0 7 0 1 0 0 3 0 1 0 2 0 0 0 0 0 19 6 0 4580 0 0 0 0 3 0 0 0 0 0 9 2 0 0 0 4 0 2 5 0 0 0 0 0 55 60 9 7 78 2 0 40 3 1 11 1 0 0 2 0 0 0 0 0 0 0 0 4 0 0 0 1 0 1 0 1 5 2 1 1 5 0 0 0 0 0 1 6 0 0 0 0 2 36 0 13 112 2 2 0 1 0 0 0 2 0 10 0 1 4 0 0 6 0 0 11 0 4 0 0 0 0 0 22 0 0 0 0 0 1 0 0 0 0 0 0 0 9 7 12 0 30 8 0 2 19 0 3 0 
128 7121 0 1 5 0 3 0 148 0 0 0 0 1 8 2 0 0 0 0 0 0 42 0 0 0 0 5 1 0 0 12 0 0 2 0 0 0 0 0 6 0 1 26 0 0 0 0 0 69 1 5 0 0 0 3 0 19 0 0 1 4 2 0 0 0 1 0 0 0 11 0 0 0 0 2 0 0 1 29 0 7 0 1 0 0 5 24 0 37 9 0 0 1 1 3 101 0 0 0 12 0 47 8 0 1 2 0 0 0 0 3 2 0 0 3 0 0 0 0 0 27 3 7 5713 0 0 0 0 0 0 0 0 0 0 15 3 0 0 1 2 0 6 6 0 0 0 0 1 60 83 0 12 54 0 0 46 5 0 17 5 0 0 0 0 0 0 0 0 1 0 0 2 0 0 0 2 0 2 0 0 3 4 0 2 23 0 0 0 0 0 1 8 0 0 0 0 3 29 0 26 105 1 1 0 4 0 0 0 3 0 10 3 0 3 0 0 12 0 0 8 0 1 1 0 0 0 0 9 0 0 0 0 0 0 0 0 0 0 0 1 0 5 24 4 0 19 12 0 5 5 2 0 0 
129 8436 0 0 3 0 6 0 125 0 0 1 0 0 4 3 0 0 0 1 0 0 49 0 0 1 0 4 1 0 0 31 0 0 3 0 0 0 0 0 2 0 5 21 0 0 0 0 0 161 2 7 0 0 0 3 0 12 0 0 7 2 1 2 0 0 1 0 0 0 31 0 0 2 0 1 1 1 1 44 0 4 0 0 0 1 4 23 0 46 14 0 0 0 2 3 85 0 0 0 4 0 44 5 0 0 1 0 0 0 1 6 0 0 0 1 0 0 0 0 0 10 1 2 6838 0 0 0 0 1 0 0 0 0 0 30 6 0 0 2 4 0 9 4 2 0 0 0 2 65 85 6 12 56 1 0 47 7 0 20 2 0 0 0 0 0 1 0 0 0 0 0 8 0 0 0 0 0 0 0 1 7 7 0 4 22 0 0 3 0 0 11 1 0 0 0 0 2 46 0 27 86 0 0 0 7 0 0 0 6 0 13 6 0 1 0 0 17 0 0 7 0 2 1 0 0 0 0 6 8 0 1 0 0 2 0 0 0 0 0 2 0 13 16 4 0 23 13 0 9 18 0 6 0 
130 8065 0 1 3 1 5 0 169 0 0 0 0 0 1 3 0 0 0 0 0 0 57 0 0 0 0 5 0 0 2 6 0 0 0 0 0 0 0 0 7 0 8 20 0 0 5 1 0 128 4 1 0 0 0 3 1 11 0 0 0 8 4 2 0 0 1 0 0 0 25 0 1 0 0 8 0 1 2 40 0 6 0 0 0 2 5 8 1 44 1 0 1 0 0 1 77 0 0 0 2 0 32 3 0 2 4 0 0 0 0 2 0 0 0 5 0 0 2 0 0 12 1 3 6476 0 0 0 0 4 0 0 0 0 0 29 1 0 0 4 1 0 10 2 1 0 0 0 1 69 67 6 5 61 2 0 106 16 1 9 2 2 0 0 0 0 0 0 0 0 0 0 6 0 0 0 2 0 1 0 0 2 2 0 1 36 0 0 0 0 0 4 1 1 0 0 0 2 35 0 19 137 0 1 0 7 0 0 0 5 1 3 6 0 0 0 0 19 0 0 5 0 4 0 0 0 1 0 6 7 0 0 0 0 0 0 0 0 0 0 0 0 10 17 9 0 16 13 0 12 12 0 2 1 
131 7813 0 0 1 2 0 0 154 0 0 0 0 0 1 4 0 0 0 0 0 0 102 0 0 0 0 4 0 1 0 8 0 0 0 0 0 0 0 0 7 0 23 31 0 0 2 0 0 137 5 3 0 0 0 8 0 8 0 0 1 12 3 1 0 0 0 1 0 0 16 0 1 0 0 0 0 2 1 45 0 0 0 0 0 0 1 15 0 35 1 0 0 0 1 2 65 0 1 0 5 0 31 1 1 0 3 0 0 0 0 5 0 0 1 17 0 0 1 0 0 15 5 3 6042 0 0 0 0 1 0 0 0 0 0 22 8 1 0 3 1 0 11 0 0 0 0 0 0 68 68 6 7 55 2 0 163 6 0 26 4 1 0 3 2 0 0 0 0 0 0 0 5 0 0 0 5 0 1 0 0 12 2 0 2 42 0 0 1 0 0 6 2 1 5 0 1 1 24 0 32 147 0 0 0 6 0 0 0 2 1 10 2 0 0 0 0 24 0 0 16 0 6 1 0 0 0 0 13 1 0 0 0 0 1 0 1 0 1 0 0 0 14 16 3 0 37 11 0 10 12 1 2 0 
132 6887 0 1 2 0 1 0 157 0 0 0 0 0 0 7 0 2 0 0 0 0 93 0 0 0 0 3 1 1 0 11 0 0 1 0 0 0 0 0 7 0 19 16 0 0 13 0 0 103 0 1 0 0 1 2 0 7 0 0 0 5 1 2 0 0 2 0 0 0 16 0 0 0 0 0 0 2 2 51 0 5 1 0 0 0 4 13 1 33 7 0 0 0 0 2 65 0 0 0 2 0 38 7 0 1 5 0 1 0 0 1 4 0 0 27 0 0 1 0 1 20 6 0 5086 0 0 0 0 3 0 0 0 0 1 16 2 0 0 0 4 0 7 0 2 0 0 0 0 66 67 8 11 50 2 0 228 8 0 25 2 1 0 0 0 0 0 0 0 0 0 0 2 0 0 0 1 1 0 0 1 14 2 0 2 48 0 1 0 0 0 3 5 0 2 0 0 2 14 0 38 189 2 1 0 6 0 0 0 0 0 5 4 0 0 0 0 18 0 0 9 0 4 0 0 2 0 0 6 2 0 0 0 0 0 0 0 0 0 0 3 0 10 9 0 0 26 10 0 20 8 2 5 0 
133 5813 0 3 2 0 2 0 134 0 0 0 1 0 1 7 0 1 0 1 0 0 89 0 0 0 0 3 2 0 0 19 0 0 2 0 0 0 0 0 5 0 35 27 0 0 6 1 0 104 2 3 0 0 0 2 0 5 0 0 2 12 2 1 0 0 1 0 0 0 12 0 1 0 0 0 0 5 2 34 0 2 0 0 0 0 0 7 3 35 0 0 0 1 0 3 76 0 0 0 2 0 19 5 0 0 0 0 0 0 0 1 10 0 0 34 0 0 0 0 0 16 6 2 4148 0 0 0 0 4 0 0 0 0 1 14 3 1 0 0 3 0 8 0 1 0 0 0 0 53 45 8 1 32 4 0 222 7 1 6 1 0 0 0 1 0 3 0 0 0 0 0 5 0 0 0 0 0 1 0 0 15 1 0 1 34 0 0 0 0 0 2 1 2 3 0 0 2 23 0 35 204 2 0 0 0 0 0 0 3 0 6 4 0 3 0 0 8 0 0 14 0 7 0 1 0 0 0 7 1 0 0 0 0 0 0 1 0 0 0 2 0 12 7 0 0 11 12 0 8 18 0 0 0 
134 5659 1 0 1 1 0 0 111 0 0 0 0 1 7 4 0 1 0 0 0 0 104 0 0 0 0 1 0 2 0 22 0 0 1 0 0 0 0 0 7 1 29 9 0 0 7 0 0 91 2 5 0 0 0 4 1 17 1 0 0 7 2 1 0 0 3 0 0 0 9 0 0 0 0 0 0 3 3 32 0 1 0 0 0 0 5 12 3 33 1 0 0 0 0 2 55 0 0 0 2 0 25 3 0 0 5 0 1 0 0 1 4 0 0 23 0 0 1 0 0 7 14 1 4053 0 0 0 0 2 0 0 0 0 0 15 2 0 0 0 2 0 2 0 0 0 0 0 0 46 53 4 5 45 5 0 245 5 0 29 4 0 0 0 0 0 1 0 0 1 0 0 1 0 0 0 0 1 0 0 0 1 0 0 1 28 1 0 2 0 0 1 3 1 2 0 0 2 20 0 14 205 0 0 0 1 0 0 0 3 0 10 4 0 2 0 0 13 0 0 5 0 3 0 0 1 0 0 8 0 1 0 0 0 1 0 2 0 2 0 1 0 23 3 1 0 16 9 0 11 17 1 1 0 
135 6281 0 1 3 0 0 0 153 0 0 0 0 1 3 10 0 0 0 0 0 0 102 0 0 0 0 1 1 2 0 17 0 0 1 0 0 0 1 0 6 0 36 7 0 0 19 0 0 62 0 5 0 0 0 0 1 21 3 0 1 11 1 0 1 0 3 1 0 0 16 0 0 3 0 0 0 5 3 28 0 5 0 0 0 0 3 19 1 36 2 0 0 0 0 5 80 0 0 0 4 0 26 2 0 1 1 0 0 0 0 1 3 0 0 32 0 0 2 0 0 14 16 4 4493 0 0 0 0 1 0 0 0 0 2 18 0 1 0 0 2 0 10 0 1 0 0 0 0 27 61 8 3 65 5 0 232 8 1 24 5 1 0 4 0 0 0 1 0 1 0 0 1 0 0 0 0 1 0 0 0 7 1 0 2 45 0 0 3 0 0 2 4 1 2 0 0 3 12 0 16 240 2 0 0 2 0 0 0 1 0 22 2 0 0 0 0 13 0 0 7 0 0 2 0 1 0 0 7 2 0 0 0 0 0 0 1 0 0 0 0 0 17 2 2 0 21 12 0 9 17 0 4 0 
136 6795 0 1 0 0 0 0 141 0 0 0 0 2 0 7 0 0 0 1 0 0 106 0 0 0 0 8 1 0 0 23 0 0 0 0 0 0 1 0 10 0 40 11 0 0 10 0 0 85 5 4 0 0 0 0 0 19 4 0 0 5 1 1 0 0 3 0 0 0 9 0 0 2 1 5 0 0 2 24 0 8 0 0 0 0 2 13 3 47 0 0 0 0 0 1 60 0 0 1 1 1 34 2 0 0 4 0 0 0 0 2 2 0 0 50 0 0 0 0 0 5 13 2 5064 0 0 0 0 2 0 0 0 0 0 21 1 0 0 0 0 0 3 0 1 0 0 0 0 37 64 3 1 35 9 0 237 6 1 11 3 1 0 1 1 0 2 1 0 0 0 0 0 0 0 0 2 0 2 0 0 7 0 0 2 25 0 0 1 0 0 0 3 1 2 0 0 4 35 0 30 217 2 2 0 4 0 1 0 0 0 22 2 0 0 0 0 8 0 0 4 0 8 1 0 0 0 0 9 0 0 0 0 0 0 1 0 3 1 0 0 0 18 1 2 0 28 8 1 16 4 1 4 0 
137 7459 0 1 1 0 1 0 203 0 0 0 0 0 0 5 0 3 0 0 0 0 93 1 0 1 0 6 1 1 0 28 0 0 2 0 0 0 0 0 4 0 33 9 0 0 11 0 0 101 1 1 0 1 0 2 4 18 6 0 0 8 1 0 1 0 2 0 0 0 11 0 0 4 4 1 0 2 3 14 0 9 0 0 0 0 1 4 2 56 0 0 0 0 0 3 72 0 0 0 4 0 40 8 0 0 4 0 0 0 0 4 3 0 0 23 0 0 0 0 0 8 22 0 5607 0 0 0 0 2 0 0 0 0 0 21 4 0 0 0 0 0 5 1 0 0 0 0 1 57 63 11 5 83 3 0 226 11 2 9 4 2 0 1 0 0 2 0 0 0 0 0 4 0 0 0 0 1 1 0 0 1 1 0 1 20 0 0 6 0 0 1 2 1 7 0 0 1 25 0 34 266 0 1 0 2 0 0 0 2 1 10 1 0 0 0 0 1 0 0 1 0 1 0 0 0 1 0 10 0 0 0 0 0 0 0 0 0 0 0 0 0 21 4 0 0 7 9 0 6 6 0 0 0 
138 8060 0 0 2 0 3 0 214 0 0 0 0 0 0 3 0 3 0 0 0 0 114 0 0 0 0 11 0 0 0 26 0 0 0 0 0 0 0 0 10 0 31 3 0 0 9 2 0 135 0 6 0 0 0 6 1 10 1 0 0 9 2 0 0 0 2 0 0 0 26 0 0 0 3 1 0 4 3 7 0 5 2 0 0 0 3 14 3 51 0 0 0 0 0 1 69 0 0 0 1 0 41 7 0 0 4 0 0 0 0 2 1 1 0 25 0 0 2 0 1 11 21 0 6054 0 0 0 0 2 0 0 0 0 0 32 0 0 0 1 1 0 7 1 0 0 0 0 1 52 61 7 4 139 6 0 258 5 0 12 4 4 0 1 1 0 0 0 0 0 0 0 2 0 0 0 0 1 1 0 2 0 2 0 3 25 0 0 4 0 0 0 3 0 6 0 0 1 19 0 21 267 4 0 0 2 0 1 0 2 0 10 1 0 0 0 0 13 0 0 6 0 1 0 0 0 0 0 9 0 0 0 0 0 0 1 1 0 0 0 1 0 15 9 1 0 13 12 0 4 1 0 2 0 
139 8279 0 0 0 0 2 1 204 0 0 0 0 0 0 0 0 0 0 2 0 0 125 0 0 0 0 6 4 1 0 22 0 0 0 0 0 0 0 0 22 0 24 3 0 0 15 1 0 129 2 7 0 1 0 1 0 21 1 0 3 7 0 0 0 0 4 0 0 0 35 0 1 1 2 6 0 2 1 2 0 5 0 0 0 0 6 19 2 46 0 0 4 0 0 6 88 0 1 0 0 0 33 10 0 0 5 0 0 0 0 1 2 0 0 34 0 0 0 0 1 7 21 2 6191 0 0 0 0 3 0 0 0 0 1 17 2 0 0 0 3 0 5 0 1 0 0 0 1 89 76 10 3 73 4 0 253 6 1 11 1 2 0 2 2 0 2 0 0 0 0 0 2 0 0 0 0 0 0 0 0 0 0 0 1 43 0 0 0 0 0 1 10 0 0 0 0 5 29 0 35 246 4 0 0 2 0 0 0 0 0 38 0 0 2 0 0 7 1 0 0 0 3 1 0 0 0 0 14 3 0 0 0 0 3 0 2 0 1 0 0 0 24 10 1 0 7 9 0 18 3 0 1 0 
140 8602 0 1 1 1 1 1 207 0 0 0 0 1 0 4 0 1 0 0 0 0 163 0 0 0 0 1 0 1 0 6 0 0 4 0 0 0 1 0 10 0 30 3 0 0 18 0 0 163 1 3 0 0 0 1 0 21 0 0 2 6 5 1 0 0 4 0 0 0 20 0 0 0 1 3 0 6 1 2 0 4 3 0 0 0 5 15 1 36 0 0 2 0 0 0 77 0 0 0 0 0 35 4 0 0 2 0 0 0 0 1 0 0 0 38 0 0 0 0 0 2 25 8 6432 0 0 0 0 3 0 0 0 0 0 24 2 0 0 4 4 0 6 2 0 0 0 0 0 98 102 14 3 89 7 0 234 10 0 41 4 1 0 1 0 0 3 0 0 0 0 0 3 0 0 0 0 1 0 0 0 1 0 0 2 62 0 0 4 0 0 2 4 0 0 1 1 4 27 0 27 272 1 0 0 2 0 0 0 0 1 17 0 0 2 0 0 7 0 0 0 0 5 0 0 1 0 0 15 2 1 0 0 0 1 0 0 0 0 0 0 0 18 6 3 0 4 5 0 18 4 1 2 0 
141 8338 0 0 1 0 8 0 184 0 0 0 1 0 0 7 0 0 0 1 0 0 146 0 0 0 0 7 1 0 0 1 0 0 0 0 0 0 1 0 5 0 41 5 0 0 8 1 0 153 7 5 0 0 0 3 0 23 0 0 0 14 0 1 0 0 2 0 0 0 47 0 1 0 0 9 1 6 4 4 0 6 1 2 0 0 7 15 0 41 0 0 0 0 0 4 81 0 0 0 0 1 37 4 0 0 7 0 0 0 0 0 1 0 0 65 0 0 0 0 0 1 22 2 6218 0 0 0 0 1 0 0 0 0 0 24 2 0 0 0 5 0 12 1 0 0 0 0 0 72 73 10 0 77 5 0 277 20 0 14 5 0 0 1 1 0 0 0 0 0 0 0 0 0 0 0 0 0 0 0 0 1 0 0 2 59 0 0 1 0 0 0 8 0 2 0 0 0 24 0 17 274 2 0 0 3 0 0 0 0 1 8 0 0 2 0 0 6 0 0 0 0 1 0 0 0 0 0 9 2 0 0 0 0 2 0 0 0 0 0 1 0 27 8 9 0 9 5 0 15 2 3 3 0 
142 6212 1 0 2 1 0 0 123 0 0 0 0 0 0 6 0 1 0 0 0 0 183 0 0 0 0 3 1 0 0 4 0 0 0 0 0 0 1 0 5 0 41 5 0 0 16 1 0 117 0 4 0 0 0 5 0 11 5 0 1 7 0 0 0 0 4 0 0 0 24 0 0 0 0 7 1 1 19 15 0 2 0 0 0 0 4 6 0 15 0 0 0 0 0 2 39 0 0 1 0 1 23 5 0 0 6 0 0 0 0 0 1 0 0 44 0 0 0 0 0 3 26 0 4400 0 0 0 0 2 0 0 0 0 0 11 1 0 0 2 5 0 4 2 0 0 0 0 0 75 52 11 2 65 5 0 254 16 0 12 2 1 0 2 0 0 0 0 0 0 0 0 0 0 0 0 0 0 1 0 1 3 0 0 2 34 0 0 0 0 0 0 3 1 3 0 0 3 26 0 19 265 3 1 0 0 1 0 0 1 0 15 0 0 0 0 0 0 0 0 5 0 0 0 0 0 0 0 5 0 0 0 0 0 0 0 1 0 2 0 1 0 32 13 1 0 6 7 0 9 9 0 0 1 
143 4648 0 0 0 0 0 0 93 0 0 0 1 0 0 1 0 2 0 0 0 0 176 0 0 0 0 0 0 0 0 4 0 0 1 0 0 0 1 0 0 0 67 10 0 0 7 0 0 108 1 2 0 0 0 1 0 3 0 0 0 5 0 0 0 0 9 0 0 0 10 0 0 0 0 1 0 4 4 17 0 1 0 0 0 0 5 5 0 20 0 0 0 0 0 4 42 0 1 0 2 0 38 0 0 0 4 0 0 0 0 0 0 0 0 40 0 0 0 0 0 2 21 2 3000 0 0 0 0 0 0 0 0 0 2 6 2 0 0 0 0 0 0 2 0 0 0 0 0 46 24 17 2 49 8 0 276 8 0 4 0 0 0 0 3 0 1 1 0 0 0 0 0 0 0 0 0 0 1 0 0 11 0 0 2 26 0 0 0 0 0 0 3 1 1 0 0 1 12 0 19 278 4 0 0 1 0 0 0 3 0 8 2 0 1 0 0 2 0 0 2 0 3 0 0 0 0 0 1 0 1 0 0 0 2 0 2 0 1 0 4 0 29 19 1 0 1 7 0 6 8 0 2 0 
144 3481 0 0 1 0 0 0 44 0 0 0 1 0 0 1 0 4 0 0 0 0 208 0 0 0 0 2 0 0 0 0 0 0 0 0 0 0 0 0 1 0 51 8 0 0 7 0 0 51 4 2 0 0 0 1 0 3 0 0 0 6 0 0 0 0 9 0 0 0 6 0 0 0 1 6 0 3 1 28 0 1 0 0 0 0 0 1 0 10 0 0 0 0 0 0 32 0 0 0 0 0 15 2 0 0 1 0 1 0 0 0 1 0 0 33 0 0 2 0 0 7 21 4 1981 1 0 0 0 0 0 0 0 0 0 8 3 0 0 1 2 0 2 1 0 0 0 0 0 48 19 11 9 13 7 0 282 4 0 14 2 0 0 3 3 0 4 0 0 0 0 0 0 0 0 0 0 1 0 0 0 3 0 0 0 50 0 0 0 0 0 1 0 0 1 0 0 0 12 0 4 254 3 1 0 0 0 0 0 2 0 2 0 0 0 0 0 0 0 0 3 0 0 0 1 0 0 0 1 4 0 0 0 0 1 0 1 0 0 0 1 0 84 7 4 0 3 6 0 2 7 0 0 0 
145 1995 0 0 0 0 0 0 37 0 0 0 1 0 0 0 0 0 0 0 0 0 138 0 0 0 0 0 0 0 0 1 0 0 0 0 0 0 1 0 0 0 26 8 0 0 3 0 1 28 0 0 0 0 0 2 0 3 0 0 0 7 0 0 0 0 4 0 0 0 5 0 0 0 0 0 0 2 1 16 0 0 0 0 0 0 0 0 3 9 2 0 0 0 0 2 15 0 0 0 0 0 8 0 0 0 1 0 0 0 0 0 0 0 0 35 0 0 0 0 0 5 20 0 1045 0 0 0 0 0 0 0 0 0 0 3 1 0 0 0 3 0 1 0 0 0 0 0 0 12 4 6 3 1 4 0 173 0 0 6 0 0 0 1 2 0 0 0 0 0 0 0 0 0 0 0 1 1 0 0 0 1 0 0 0 24 0 0 0 0 0 1 1 0 2 0 0 0 1 0 7 204 1 0 0 1 0 0 0 2 1 0 0 0 1 0 0 3 0 0 2 0 0 0 0 0 0 0 1 0 0 0 0 0 0 0 0 0 0 0 0 0 40 3 0 0 4 3 0 1 12 0 0 0 
146 1694 0 0 0 0 0 0 13 0 0 0 1 0 0 0 0 1 0 0 0 0 181 1 0 0 0 4 0 0 0 4 0 0 0 0 0 0 2 0 1 0 19 7 0 0 7 0 0 7 1 6 0 0 0 0 0 3 0 0 0 5 0 1 0 0 7 0 0 0 3 0 0 0 0 3 0 3 2 24 0 0 0 0 0 0 0 1 1 4 2 0 1 0 0 0 9 0 0 0 0 0 7 0 0 0 1 0 0 0 0 2 0 0 2 60 0 0 0 0 0 4 34 0 595 0 0 0 0 0 0 0 0 0 2 0 3 0 0 0 0 0 1 0 0 0 0 0 0 15 3 13 0 2 8 0 150 0 0 2 0 0 0 7 4 0 0 0 0 0 0 0 0 0 0 0 1 4 0 0 0 2 0 0 1 21 0 0 0 0 0 1 0 1 4 0 0 1 7 0 3 258 4 0 0 1 0 0 0 0 0 10 0 0 0 0 0 0 0 0 4 0 0 0 0 0 0 0 3 0 1 0 0 0 0 0 0 0 0 0 1 0 65 11 1 0 5 9 0 0 7 0 0 0 
147 1550 0 1 0 0 0 0 8 0 0 0 0 0 0 0 0 0 0 0 0 0 115 0 0 0 0 4 0 0 0 13 0 0 0 0 0 0 0 0 0 0 21 8 0 0 6 0 0 10 0 0 0 0 0 0 0 3 0 0 0 7 0 1 1 0 2 0 0 0 5 0 0 0 2 1 0 3 2 36 0 1 0 1 0 0 0 1 3 8 4 0 0 0 0 2 12 0 0 0 2 0 0 0 0 0 0 0 0 0 0 1 0 0 1 36 0 0 0 0 0 5 37 0 546 0 0 0 0 0 0 0 0 0 0 1 1 1 0 5 0 0 1 1 0 0 0 0 0 18 2 9 3 11 4 0 110 1 0 10 1 0 0 4 2 0 0 0 0 0 0 0 1 0 0 0 0 1 0 0 0 4 0 0 1 21 0 0 0 0 0 2 0 0 2 0 0 0 18 0 0 271 8 0 0 1 0 0 0 4 0 6 1 0 0 0 0 0 0 0 8 0 1 0 0 0 0 0 5 0 0 0 0 0 0 0 0 0 0 0 1 0 37 12 1 0 8 8 0 0 11 0 0 0 
148 1596 0 0 0 0 0 0 15 0 0 0 1 1 0 0 0 2 0 0 0 0 63 0 0 0 0 5 1 1 0 8 0 0 0 0 0 0 0 0 0 0 16 13 0 0 5 0 0 12 1 0 0 0 0 0 1 5 0 0 1 2 0 0 0 0 6 0 0 0 0 0 0 0 1 2 0 4 1 31 0 0 0 0 0 0 1 4 3 16 0 0 0 0 0 7 8 0 0 0 0 0 1 0 0 0 0 0 0 0 0 2 0 0 0 22 0 0 0 0 2 3 28 1 795 0 0 0 0 0 0 0 0 0 1 0 5 0 0 2 0 0 4 0 1 0 0 0 0 3 8 6 0 5 4 0 75 0 0 2 3 0 0 3 1 0 0 0 0 0 0 0 1 0 0 0 0 1 0 0 0 8 0 0 3 7 0 0 0 0 0 2 0 0 0 0 0 0 11 0 2 212 1 1 0 0 0 0 0 6 0 4 0 0 0 0 0 0 0 0 3 0 1 0 0 0 0 0 2 0 0 0 0 0 0 0 0 0 0 0 0 0 29 18 1 0 25 10 0 0 10 0 0 1 
149 410 0 0 0 0 0 0 2 0 0 0 0 1 0 0 0 0 0 0 0 0 5 0 0 0 0 0 0 0 0 1 0 0 0 0 0 0 0 0 1 0 4 1 0 0 0 0 0 2 0 0 0 0 0 0 0 0 0 0 0 2 0 0 0 0 0 0 0 0 0 0 0 0 0 0 0 0 1 5 0 0 0 0 0 0 0 2 1 1 0 0 0 0 0 1 5 0 0 0 0 0 0 0 0 1 0 0 0 0 0 0 0 0 0 7 0 0 0 0 0 2 3 0 260 0 0 0 0 0 0 0 0 0 1 1 1 0 0 1 0 0 2 0 0 0 0 0 0 0 5 2 1 5 1 0 15 0 0 3 0 0 0 3 0 0 0 0 0 0 0 0 0 0 0 0 0 0 1 0 0 1 0 0 1 1 0 0 0 0 0 0 0 0 0 0 0 0 3 0 0 35 0 0 0 0 0 0 0 1 0 0 1 0 0 0 0 0 0 0 1 0 0 0 0 0 0 0 0 0 0 0 0 0 0 0 0 0 0 0 0 0 3 4 0 0 1 1 0 1 1 0 0 0 
150 1660 0 0 0 1 0 0 24 0 0 0 0 0 1 0 0 0 0 0 0 0 11 0 0 0 0 7 2 1 0 6 0 0 2 0 0 0 0 0 1 0 1 10 0 0 0 0 0 10 1 0 0 0 0 1 0 2 0 0 0 0 0 0 0 0 0 0 0 0 3 0 0 0 0 2 0 2 1 20 0 2 0 0 0 0 2 6 1 8 0 0 0 0 0 1 10 0 0 0 0 0 10 1 0 0 0 0 0 0 0 3 0 0 1 3 0 0 0 0 1 10 9 0 1153 0 0 0 0 8 0 0 0 0 0 5 2 0 0 0 0 0 3 0 0 0 0 0 0 7 25 2 7 33 1 0 21 3 0 10 2 0 0 3 0 0 0 0 0 0 0 0 2 0 0 0 0 0 0 0 0 3 0 0 0 1 0 0 1 0 0 2 1 0 0 0 0 0 10 0 4 75 1 1 0 1 0 0 0 5 0 9 0 0 0 0 0 3 0 0 6 0 0 0 0 0 0 0 4 0 0 0 0 0 0 0 0 1 0 0 2 0 4 4 0 0 10 7 0 2 6 0 0 0 
151 556 1 0 0 0 0 0 15 0 0 0 0 0 1 0 0 0 0 0 0 0 3 0 0 0 0 1 0 0 0 2 0 0 0 0 0 0 0 0 1 0 0 2 0 0 0 0 0 5 0 0 0 0 0 0 0 0 0 0 1 0 0 1 0 0 0 0 0 0 2 0 0 0 0 3 0 0 0 4 0 0 0 0 0 0 0 3 0 1 0 0 0 0 0 0 7 0 0 0 0 0 1 0 0 0 0 0 0 0 0 0 0 0 0 4 0 0 0 0 0 0 2 0 454 0 0 0 0 1 0 0 0 0 0 0 0 0 0 0 0 0 0 1 0 0 0 0 0 2 2 1 0 1 0 0 3 0 0 0 0 0 0 1 0 0 0 0 0 0 0 0 1 0 0 0 0 0 0 0 0 1 0 0 0 0 0 0 0 0 0 1 1 0 0 0 0 0 1 0 2 15 0 0 0 0 0 0 0 0 0 1 0 0 0 0 0 1 0 0 0 0 0 0 0 0 0 0 1 0 0 0 0 0 0 0 0 0 0 0 0 0 0 0 0 0 2 1 0 0 0 0 0 0 
152 3987 0 0 0 0 0 0 76 0 0 0 0 0 5 2 0 0 0 1 0 0 21 0 0 0 0 0 4 2 0 11 0 0 2 0 0 0 0 0 2 0 1 2 0 0 2 0 0 46 2 2 0 0 0 5 1 4 0 0 0 0 0 3 0 0 0 0 0 0 15 0 0 0 0 0 0 0 2 20 0 3 0 0 0 0 0 4 0 27 1 0 0 0 0 1 46 0 0 0 1 0 26 3 0 0 2 0 0 0 0 0 0 0 1 4 1 0 0 0 0 6 0 5 3228 0 0 0 0 1 0 0 0 0 0 6 0 1 0 1 1 0 5 1 0 0 0 0 0 28 50 2 2 48 0 0 6 1 1 13 0 0 0 0 0 0 0 0 0 0 0 0 4 0 0 0 0 0 0 0 8 5 2 0 2 6 0 0 0 0 0 4 0 1 0 0 0 3 22 0 15 55 0 0 0 3 0 0 0 0 0 3 0 0 0 0 0 5 0 0 3 0 4 0 0 0 0 0 6 1 0 0 0 0 0 1 0 0 1 0 0 0 3 13 1 0 11 6 0 3 10 2 0 0 
153 4240 0 0 0 0 1 0 80 0 0 0 0 0 6 0 0 0 0 0 0 0 27 0 0 0 0 6 6 0 0 10 0 0 2 0 0 0 0 0 2 0 3 15 0 0 1 1 0 43 4 3 0 0 0 1 0 4 0 0 0 0 0 0 0 0 0 0 0 0 15 0 0 0 0 0 0 0 0 19 0 5 0 0 0 0 2 7 0 33 0 0 1 0 0 0 33 0 0 0 1 0 13 1 0 5 3 0 0 0 0 0 1 0 4 0 0 0 0 0 0 6 0 2 3470 0 0 0 0 0 0 0 0 0 0 8 1 0 0 0 1 0 3 1 0 0 0 0 1 31 48 2 1 38 0 0 27 2 0 10 3 1 0 0 0 0 2 0 0 1 0 0 2 0 0 0 0 0 2 0 2 6 3 0 1 14 0 0 1 0 0 0 2 0 0 0 0 3 20 0 20 49 0 3 0 0 0 0 0 2 0 6 0 0 0 0 0 8 0 0 2 0 3 0 0 0 1 0 4 0 0 0 0 0 2 0 0 0 0 0 1 0 2 9 1 0 9 8 0 3 18 0 0 0 
154 4357 0 1 1 1 0 0 85 0 0 0 0 0 0 1 0 0 0 0 0 0 25 0 0 0 0 2 2 1 0 11 0 0 2 0 0 0 0 0 7 0 9 9 0 0 2 1 0 57 1 1 0 0 0 1 0 9 0 0 0 1 0 0 0 0 2 0 0 0 7 0 0 0 0 0 0 2 5 18 0 1 0 0 0 0 3 13 0 39 3 0 0 0 0 0 39 0 0 0 0 0 34 2 0 0 2 0 0 0 0 0 0 1 0 9 0 0 0 0 0 6 1 1 3457 0 0 0 0 0 0 0 0 0 0 18 3 1 0 4 0 0 6 0 1 0 0 0 0 26 38 4 5 45 2 0 50 5 0 10 1 0 0 0 0 0 0 0 0 0 0 0 2 0 0 0 2 0 0 0 0 3 0 0 0 24 0 0 0 0 0 2 3 1 0 0 0 1 16 0 16 67 0 0 0 0 0 0 0 0 0 12 2 0 2 0 0 10 0 0 6 0 1 0 0 0 0 0 2 0 0 0 0 0 0 0 0 0 0 0 0 0 9 14 5 0 26 6 0 4 9 0 1 1 
155 3816 0 0 2 0 0 0 93 0 0 0 0 0 1 5 0 0 0 0 0 0 29 0 0 0 0 3 5 0 1 7 0 0 0 0 0 0 0 0 4 0 9 6 0 0 1 0 0 69 0 5 0 0 0 2 0 6 1 0 0 6 2 1 0 0 1 0 0 0 6 0 0 0 0 1 0 1 3 29 0 0 1 0 0 0 2 5 0 29 1 0 0 0 0 2 30 0 0 0 0 0 15 1 0 0 6 0 0 0 0 3 0 0 0 14 0 0 0 0 0 9 3 2 2940 0 0 0 0 4 0 0 0 0 0 9 0 0 0 0 0 0 4 0 0 0 0 0 0 25 31 5 2 26 4 0 79 7 0 9 6 0 0 0 0 0 1 0 0 0 0 0 1 0 0 0 1 0 0 0 0 15 1 0 0 18 0 0 0 1 0 1 2 1 0 0 0 0 15 0 8 81 0 0 0 0 0 0 0 1 0 7 0 0 0 0 0 4 0 0 10 0 0 0 0 0 0 0 3 0 0 0 0 0 1 1 0 0 0 0 0 0 6 11 2 0 15 3 0 7 11 1 0 0 
156 3391 0 0 2 2 0 0 98 0 0 0 0 1 2 3 0 1 0 0 0 0 33 0 0 0 0 4 3 1 0 7 0 0 1 0 0 0 1 0 3 0 9 11 0 0 7 0 0 41 0 5 0 0 0 2 0 3 0 0 0 3 1 0 0 0 2 0 0 0 9 0 0 0 1 0 0 1 2 24 0 0 0 0 0 0 2 3 0 22 1 0 0 0 0 1 39 0 0 0 1 0 18 0 0 1 3 0 0 0 0 1 2 0 0 9 0 0 0 0 0 11 4 3 2529 0 0 0 0 0 0 0 0 0 0 10 0 0 0 0 0 0 3 0 1 0 0 0 0 19 29 5 2 19 3 0 119 3 0 5 1 0 0 1 0 0 1 0 0 1 0 1 4 0 0 0 1 0 0 0 0 10 0 0 0 17 0 0 0 0 0 3 5 0 0 0 0 6 3 0 5 96 1 0 0 1 0 0 0 0 0 3 0 0 0 0 0 4 0 0 11 0 0 3 0 1 0 0 2 1 0 0 0 0 0 0 0 0 0 0 1 0 2 5 1 0 11 7 0 1 9 0 3 0 
157 2988 0 0 1 0 0 0 61 0 0 0 1 0 0 2 0 0 0 0 0 0 34 0 0 0 0 0 2 0 0 9 0 0 1 0 0 0 1 0 0 0 12 7 0 0 5 1 0 29 2 2 0 0 0 0 0 5 0 0 0 4 1 1 0 0 0 0 0 0 4 0 0 0 0 0 0 0 0 29 0 0 0 0 0 0 2 7 0 15 2 0 0 0 0 3 27 0 0 0 2 0 11 3 0 0 2 0 0 0 0 0 0 0 0 9 0 0 0 0 0 9 9 0 2220 0 0 0 0 1 0 0 0 0 0 8 0 1 0 1 0 0 5 2 0 0 0 0 0 23 19 4 1 13 2 0 136 1 0 2 0 0 0 0 2 0 0 1 0 0 0 0 1 0 0 0 2 0 0 0 0 1 0 0 1 10 0 0 0 1 0 1 2 0 0 0 0 0 11 0 11 99 1 0 0 3 0 0 0 0 0 2 6 0 0 0 0 3 0 0 4 0 2 0 0 0 0 0 5 1 0 0 0 0 0 0 0 0 2 0 0 0 10 5 0 0 10 2 0 4 5 0 0 0 
158 2881 1 0 0 0 0 0 36 0 0 0 0 0 0 4 0 0 0 1 0 0 47 0 0 0 0 1 1 1 0 12 0 0 0 0 0 0 2 0 3 0 17 5 0 0 3 0 0 33 0 2 0 0 0 4 1 0 0 0 1 5 0 0 0 0 1 0 0 0 5 0 0 0 0 0 0 4 2 14 0 0 0 0 0 0 0 7 1 14 0 0 0 0 0 0 29 0 0 0 1 0 18 3 0 0 6 0 0 0 0 2 2 0 0 7 0 0 0 0 0 14 11 1 2102 0 0 0 0 0 0 0 0 0 0 18 0 1 0 0 4 0 0 1 2 0 0 0 0 21 22 4 0 13 3 0 120 5 0 8 1 0 0 0 0 0 1 0 0 1 0 0 1 0 0 0 0 0 2 0 1 6 0 0 1 9 0 0 2 0 0 0 1 1 3 0 0 0 13 0 11 90 0 1 0 0 0 0 0 2 0 8 6 0 1 0 0 8 0 0 7 0 1 0 0 0 0 0 2 0 0 0 0 0 1 0 0 0 0 0 1 0 9 4 1 0 13 2 0 4 3 0 1 0 
159 3127 0 0 0 0 0 1 56 0 0 0 0 2 0 4 0 0 0 0 0 0 51 0 0 0 0 2 1 0 0 12 0 0 0 0 0 0 0 0 3 0 12 10 0 0 3 0 0 39 0 0 0 2 0 2 0 3 1 0 0 5 0 0 0 0 5 0 0 0 4 0 0 9 1 0 0 2 2 11 0 3 0 0 0 0 0 3 0 14 1 0 0 0 0 4 16 0 0 0 0 0 13 4 0 0 7 0 0 0 0 3 0 1 1 19 0 0 0 0 0 8 11 1 2234 0 0 0 0 0 0 0 0 0 0 5 1 0 0 0 2 0 0 0 0 0 0 0 0 27 27 8 3 30 1 0 145 20 0 6 1 0 0 0 1 0 0 0 0 0 0 0 1 0 0 0 0 0 1 0 0 5 1 0 2 11 0 0 0 0 0 1 3 1 1 0 0 1 17 0 8 103 0 0 0 2 0 0 0 0 0 5 0 0 1 0 0 9 0 0 11 0 0 1 0 0 0 0 3 9 0 0 0 0 0 0 0 0 0 0 0 0 13 1 1 0 10 5 0 2 17 0 0 0 
160 3477 0 0 0 0 0 0 73 0 0 0 0 0 0 1 0 0 0 0 0 0 53 0 0 0 0 1 1 0 0 4 0 0 1 0 0 0 1 0 10 0 14 3 0 0 1 0 0 37 1 0 0 0 0 2 1 4 1 0 2 3 0 0 0 0 1 0 0 0 5 0 0 5 0 5 0 0 2 7 0 1 0 0 0 0 1 2 1 23 0 0 0 0 0 0 28 0 0 0 5 1 16 3 0 0 5 0 0 0 0 2 1 0 0 20 0 0 0 0 0 5 2 0 2629 0 0 0 0 0 0 0 0 0 0 10 0 0 0 0 0 0 1 0 1 0 0 0 2 20 18 4 2 31 1 0 128 4 0 6 1 0 0 1 1 0 0 0 0 0 0 0 0 0 0 0 0 0 1 0 0 5 1 0 5 19 0 0 1 0 0 1 0 0 0 0 0 0 8 1 8 124 1 0 0 3 0 0 0 2 0 5 0 0 0 0 0 9 0 0 5 0 3 0 0 1 0 0 3 6 0 0 0 0 3 0 0 0 0 0 0 0 6 0 2 0 13 4 0 2 2 1 1 0 
161 3718 0 0 0 0 0 0 113 0 0 0 0 1 0 5 0 0 0 0 0 0 43 0 0 0 0 2 1 1 0 4 0 0 2 0 0 0 0 0 0 0 13 2 0 0 3 0 0 41 2 2 0 0 0 0 0 13 0 0 1 7 1 0 0 0 1 0 0 0 7 0 0 1 0 2 0 1 2 4 0 0 0 0 0 0 4 4 0 23 0 0 0 0 0 0 39 0 0 1 4 0 10 2 0 0 1 0 0 0 0 2 0 0 0 15 0 0 0 0 0 3 6 4 2811 0 0 0 0 2 1 0 0 0 0 13 0 0 0 0 0 0 1 2 0 0 0 0 0 28 20 2 1 27 4 0 133 3 0 7 2 0 0 3 0 0 1 0 0 0 0 0 0 0 0 0 0 0 1 0 0 1 0 0 1 18 0 0 0 0 0 0 3 1 2 0 0 1 16 0 15 104 1 0 0 3 0 0 0 0 1 15 0 0 0 0 0 14 0 0 6 0 3 0 0 0 0 0 1 0 0 0 0 0 1 0 0 0 0 0 2 0 11 0 0 0 14 4 1 6 6 0 1 0 
162 4110 0 0 0 0 0 0 77 0 0 0 0 0 0 7 0 0 0 0 0 0 49 1 0 0 0 1 0 0 0 9 0 0 1 0 0 0 0 0 7 0 11 0 0 0 1 0 0 70 2 2 0 0 0 2 0 5 2 0 0 6 0 0 1 0 0 0 0 0 7 0 0 4 0 0 0 1 2 0 0 6 0 0 0 0 2 5 1 13 2 0 1 1 0 0 35 0 0 0 5 0 20 0 0 0 2 0 0 0 0 15 1 0 0 10 0 0 0 0 0 4 9 0 3204 0 0 0 0 0 0 0 0 0 0 7 1 0 0 0 2 0 0 2 0 0 0 0 0 26 34 3 0 29 2 0 104 1 1 5 4 0 0 3 0 0 2 0 0 0 0 0 1 0 0 0 0 0 0 0 0 1 0 0 1 10 0 0 6 0 0 0 6 0 2 0 0 1 15 0 17 142 1 0 0 1 0 0 0 0 0 9 0 0 1 0 0 3 0 0 2 0 1 0 0 0 0 0 7 3 0 0 0 0 0 0 3 0 1 0 1 0 10 0 1 0 8 1 0 4 2 1 0 0 
163 4537 0 0 0 0 2 0 86 0 1 0 0 1 1 7 0 0 0 2 0 0 62 0 0 0 0 1 1 1 0 3 0 0 0 0 0 0 1 0 7 0 12 0 0 0 3 0 0 74 1 1 0 1 0 2 0 7 1 0 1 4 0 0 0 0 2 0 0 0 11 0 0 0 0 0 0 1 1 2 0 1 0 0 0 0 1 9 0 24 0 0 0 0 0 0 47 0 0 0 3 0 22 0 0 0 3 0 0 0 0 5 2 0 0 12 0 0 1 0 0 4 12 2 3622 0 0 0 0 0 0 0 0 0 0 7 1 0 0 0 0 0 1 0 0 0 0 0 0 21 25 6 1 43 5 0 107 5 1 3 0 0 0 1 0 0 1 0 0 0 0 0 0 0 0 0 0 0 2 0 0 0 2 0 2 14 0 0 0 0 0 0 3 1 1 0 0 1 16 0 22 108 2 1 0 2 0 0 0 0 0 8 0 0 2 0 0 3 0 0 3 0 0 1 0 0 0 0 4 1 0 0 0 0 0 0 0 0 0 0 0 0 12 1 0 0 2 5 0 6 1 0 1 0 
164 4496 0 0 0 0 0 1 75 1 0 0 0 0 0 12 0 0 0 1 0 0 46 0 0 0 0 2 0 0 0 8 0 0 0 0 0 0 0 0 1 0 22 2 0 0 1 0 0 61 1 5 0 0 0 1 0 6 1 0 0 1 1 0 0 0 3 0 0 0 19 0 0 0 0 1 0 1 0 0 0 5 0 0 0 0 1 5 0 44 1 0 0 0 0 3 45 0 0 0 0 0 29 0 0 0 4 0 0 0 0 0 2 0 0 9 0 0 2 0 0 1 8 0 3575 0 0 0 0 2 0 0 0 0 0 9 0 0 0 2 0 0 1 0 0 0 0 0 0 46 29 5 0 43 2 0 101 1 2 3 0 0 0 0 2 0 0 0 0 0 0 0 0 0 0 0 0 0 0 0 0 0 1 0 1 13 0 0 3 0 0 0 3 0 6 0 0 0 18 0 13 109 1 0 0 2 0 0 0 0 0 1 1 0 3 0 0 5 0 0 2 0 0 0 0 0 0 0 0 2 0 0 0 0 0 0 0 0 0 0 2 0 14 8 1 0 1 6 0 6 0 0 1 0 
165 4321 0 0 0 0 0 0 62 0 0 0 0 0 0 11 0 0 0 0 0 0 74 0 0 0 0 1 0 1 0 4 0 0 0 0 0 0 0 0 5 0 24 0 0 0 5 0 0 68 4 3 0 0 0 1 0 8 0 0 0 4 1 1 0 0 1 0 0 0 19 0 0 0 0 0 0 2 1 4 0 7 0 0 0 0 2 4 1 13 0 0 0 0 0 4 80 0 1 0 1 0 20 0 0 0 5 0 0 0 0 0 1 0 0 8 0 0 0 0 0 0 11 2 3327 0 0 0 0 2 0 0 0 0 1 8 1 0 0 2 3 0 1 0 0 0 0 0 0 26 36 6 1 64 2 0 114 14 0 2 1 0 0 1 0 0 1 0 0 0 0 0 2 0 0 0 0 0 0 0 0 1 1 0 1 13 0 0 0 0 0 0 1 0 1 0 0 1 21 0 11 124 2 0 0 2 0 0 0 0 0 10 0 0 0 0 0 0 0 0 1 0 0 0 0 1 0 0 0 5 0 0 0 0 0 0 0 0 0 0 0 0 21 4 1 0 0 5 0 3 0 0 0 0 
166 3213 0 1 0 0 1 0 38 0 0 0 0 0 0 1 0 0 0 0 0 0 82 0 0 0 0 0 0 0 0 7 0 0 0 0 0 0 2 0 1 0 13 2 0 0 1 0 0 48 0 2 0 0 0 1 0 7 0 0 0 7 2 0 0 0 2 0 0 0 10 0 0 0 0 2 0 2 29 8 0 1 0 0 0 0 1 3 2 10 1 0 0 0 0 0 23 0 0 0 0 0 10 0 0 0 4 0 0 0 0 0 1 0 1 26 0 0 0 0 0 1 9 17 2337 0 0 0 0 1 0 0 0 0 0 5 1 0 0 1 14 0 1 0 0 0 0 0 0 22 12 2 4 31 1 0 133 3 0 9 0 1 0 3 2 0 0 0 0 0 0 0 1 0 0 0 0 0 0 0 0 2 0 0 0 20 0 0 0 0 0 1 0 0 2 0 0 0 11 0 13 131 0 0 0 0 0 0 0 0 1 12 0 0 0 0 0 0 0 0 0 0 0 4 0 0 0 0 2 0 0 0 0 0 2 0 0 0 0 0 0 0 19 7 0 0 1 5 0 6 1 0 0 0 
167 2234 1 0 1 0 0 0 31 0 0 0 1 0 0 3 0 0 0 0 0 0 98 0 0 0 0 0 0 0 0 4 0 0 1 0 0 0 0 0 0 0 12 5 0 0 0 0 0 25 0 1 0 0 0 3 0 6 0 0 0 2 1 0 0 0 10 0 0 0 2 0 0 0 0 0 1 8 2 4 0 1 0 0 0 0 3 0 0 2 2 0 0 0 0 2 19 0 0 0 0 0 8 0 0 0 1 0 0 0 0 0 0 0 0 13 0 0 1 0 0 6 10 21 1477 0 0 0 0 0 0 0 0 0 1 6 0 0 0 0 0 0 5 1 0 0 0 0 0 33 11 5 1 33 1 0 125 0 0 5 1 0 0 2 2 0 0 0 0 0 0 0 0 0 0 0 0 0 0 0 0 6 0 0 0 21 0 0 0 0 0 0 0 0 4 0 0 1 4 0 4 116 1 0 0 0 0 0 0 1 0 0 0 0 0 0 0 0 0 0 0 0 0 0 0 0 0 0 0 0 0 0 0 0 2 0 0 0 0 0 0 0 15 10 0 0 0 5 0 3 6 0 0 0 
168 1366 0 0 0 0 1 0 8 0 0 1 0 0 0 4 0 0 0 0 0 0 136 0 0 0 0 1 0 1 0 0 0 0 0 0 0 0 0 0 0 0 11 8 1 0 5 0 0 11 0 2 0 0 0 0 0 2 0 0 0 3 0 0 0 0 1 0 0 0 3 0 0 0 0 2 0 0 0 7 0 0 0 0 0 0 2 1 1 2 0 0 0 0 0 1 7 0 0 0 0 0 2 0 0 0 0 0 0 0 0 0 0 0 0 23 0 0 0 0 0 5 11 0 700 0 0 0 0 0 0 0 0 0 0 0 1 0 0 0 0 0 0 3 0 0 0 0 0 26 12 4 0 21 2 0 105 1 0 7 1 0 0 4 3 0 0 0 0 0 0 0 0 0 0 0 0 0 0 0 0 0 0 0 0 14 0 0 0 0 0 3 0 0 4 0 0 0 2 0 8 130 2 0 0 0 1 0 0 0 0 2 0 0 0 0 0 0 0 0 1 0 0 0 0 0 0 0 1 0 0 0 0 0 0 0 0 0 0 0 0 0 16 4 0 0 1 3 0 1 6 0 0 0 
