day total blank BD BF BG BA BB BE BL BM BN BO BH BI BJ BT JM BV BW WS BQ BR BS JE BY BZ RU RW RS LT RE TM TJ RO TK GW GU GT GS GR GQ GP JP GY GG GF GE GD GB GA GN GM GL GI GH OM TN JO WF HR HT HU HK HN HM VE PR PS PW PT KN AF IQ PA PF PG PE PK PH PN PL PM ZM EH EE EG ZA EC IT VN SB ET SO ZW SA ES ER ME MD MG MF MA MC UZ MM ML MO MN MH MK MU MT MW MV MQ MP MS MR IM UG MY MX IL FR AW SH AX SJ FI FJ FK FM FO NI NL NO NA VU NC NE NF NG NZ NP NR NU CK XK CI CH CO CN CM CL CC CA CG CF CD CZ CY CX CR PY CW CV CU SZ SY SX KG KE SS SR KI KH SV KM ST SK KR SI KP KW SN SM SL SC KZ KY SG SE SD DO DM DJ DK DE YE DZ US UY YT UM LB LC LA TV TW TT TR LK LI LV TO TL LU LR LS TH TF TG TD TC LY VA VC AE AD AG VG AI VI IS IR AM AL AO AN AQ AS AR AU AT IO IN TZ AZ IE ID UA QA MZ 
0 374 0 0 0 0 0 2 0 0 0 0 0 0 0 0 0 1 0 0 0 0 68 1 0 0 0 1 0 0 0 0 0 0 0 0 0 0 0 0 0 0 1 2 0 0 0 0 0 5 0 0 0 0 0 1 0 0 0 0 0 17 0 0 0 0 0 0 0 0 1 0 0 0 0 0 0 1 1 11 0 0 0 0 0 0 2 1 0 1 0 0 0 0 0 0 0 0 0 0 0 0 0 0 0 0 0 0 0 0 0 0 0 1 0 1 0 0 1 0 0 0 6 0 1 0 0 0 0 0 0 0 0 0 0 0 0 0 0 0 0 0 1 0 0 0 0 0 0 0 1 2 2 0 3 0 4 0 0 0 0 0 0 3 2 0 0 0 0 0 0 0 0 0 0 0 0 0 0 0 0 0 0 0 0 17 0 0 0 0 0 0 0 0 0 0 0 0 0 0 0 191 1 0 0 0 1 0 0 0 1 0 0 0 0 0 0 0 0 0 0 0 0 0 0 0 0 0 0 0 0 0 0 0 0 1 0 0 0 0 0 0 2 1 0 0 0 0 0 0 5 0 0 0 
1 385 0 0 0 0 0 1 0 0 0 0 0 0 0 0 0 1 0 0 0 0 63 0 0 0 0 0 0 0 0 0 0 0 0 0 0 0 0 0 0 0 0 2 0 0 0 0 0 4 0 0 0 0 0 0 0 0 0 0 0 22 0 0 0 0 2 0 0 0 2 0 0 0 0 0 0 1 0 12 0 0 0 0 0 0 1 1 2 0 0 0 0 0 0 0 0 0 0 0 0 0 0 0 0 0 0 0 0 0 0 0 0 0 0 0 0 0 1 0 0 3 6 0 5 1 0 0 0 0 0 0 0 0 0 0 0 0 0 0 0 0 5 0 0 0 0 0 0 0 1 1 0 0 1 0 8 0 0 0 0 0 0 1 0 0 0 0 0 0 0 0 0 0 0 0 0 0 0 0 0 0 0 0 0 14 0 0 0 0 0 0 1 1 1 0 0 0 0 0 0 193 0 0 0 0 0 0 0 0 0 1 1 0 0 0 0 0 0 0 2 0 0 0 0 0 0 0 0 0 0 0 0 0 0 0 0 0 0 0 1 0 4 1 0 0 3 0 0 0 4 0 0 0 
2 403 0 0 0 0 0 0 1 0 0 0 0 0 0 0 0 2 0 0 0 0 50 2 0 0 0 2 0 0 0 0 0 0 0 0 0 0 0 0 0 0 1 3 0 0 0 0 0 1 0 0 0 0 0 1 0 0 0 0 0 29 0 1 0 0 0 0 0 0 0 0 0 0 0 0 0 1 1 11 0 0 0 0 0 0 1 1 3 1 0 0 0 0 0 1 1 0 0 0 0 0 0 0 0 0 0 0 0 0 0 0 0 0 0 2 0 0 0 0 0 9 12 0 3 0 0 0 0 0 0 0 0 0 0 0 0 0 0 0 0 0 0 0 0 0 0 0 0 0 0 0 0 1 3 0 13 0 0 0 0 0 0 2 1 0 0 0 0 0 0 0 0 0 0 0 0 0 0 0 0 0 0 0 0 14 0 0 0 0 0 0 0 0 1 0 0 0 0 0 0 203 1 0 0 0 0 0 0 0 0 0 2 0 0 0 0 0 0 0 1 0 0 0 0 0 0 0 0 0 0 0 0 0 0 0 0 0 0 0 0 0 8 1 0 0 3 0 0 0 4 0 0 0 
3 503 0 0 0 0 0 1 0 0 0 0 0 0 0 0 0 1 0 1 0 0 23 0 0 0 0 2 0 0 0 0 0 0 0 0 0 0 0 0 0 0 2 2 0 0 0 0 0 2 0 0 0 0 0 2 0 0 0 0 0 24 0 0 0 0 1 0 0 0 0 0 0 0 0 0 0 0 3 14 0 0 0 0 0 0 0 3 0 0 0 0 0 0 1 0 1 0 0 0 0 0 0 0 0 0 0 0 0 0 0 0 0 0 0 1 0 0 0 0 0 5 16 0 0 0 0 0 0 0 0 0 0 0 0 0 0 0 0 0 0 0 2 0 0 0 0 0 0 0 0 3 1 0 2 0 10 0 0 0 0 0 0 0 1 0 0 1 0 0 0 0 4 0 0 0 0 0 0 0 0 1 0 0 1 10 0 0 0 0 0 1 0 0 2 0 0 0 1 0 1 320 1 0 0 1 0 0 0 0 1 1 4 0 0 0 0 0 0 0 0 0 0 0 0 0 0 1 0 0 1 0 0 0 0 0 0 0 0 0 1 0 5 0 0 0 6 0 0 0 4 0 0 0 
4 422 0 1 0 0 0 1 0 0 0 0 0 0 0 0 0 1 0 2 0 0 23 0 0 0 0 1 0 0 0 0 0 0 1 0 0 0 1 0 0 0 0 2 0 0 0 0 0 0 0 0 0 0 0 0 0 0 0 0 0 9 0 0 0 0 1 0 0 0 0 0 0 0 1 0 0 1 0 20 0 0 0 0 0 0 1 10 1 1 0 0 0 0 0 1 5 0 0 0 0 0 0 0 0 0 0 0 0 0 1 0 0 0 0 0 0 0 0 0 0 7 2 0 4 0 0 0 0 0 0 0 0 0 0 0 0 0 0 0 0 0 5 1 0 0 0 0 0 0 0 1 2 0 0 0 5 0 0 0 0 0 0 1 0 0 0 0 0 0 0 0 1 0 0 0 0 0 0 0 0 0 0 0 3 0 0 0 0 0 0 0 1 0 0 0 0 0 0 0 0 253 1 0 0 1 0 0 0 1 0 2 7 0 0 0 0 0 0 0 0 0 0 0 0 0 0 2 0 0 0 0 0 0 0 0 0 0 0 0 0 0 3 1 0 0 7 3 0 0 6 0 0 2 
5 366 0 1 0 0 0 0 1 0 0 1 0 0 0 0 0 2 0 0 0 0 4 1 0 0 0 1 0 0 0 0 0 0 0 0 0 0 2 0 0 0 0 1 0 0 0 0 0 1 0 0 0 1 0 1 0 0 0 0 0 2 0 1 0 0 0 0 0 0 0 0 0 2 0 0 0 0 3 19 0 0 0 0 0 0 1 9 0 4 0 0 0 0 0 0 9 0 0 0 0 0 0 0 0 0 0 0 0 0 0 0 0 0 0 0 0 0 0 0 0 13 2 0 4 0 0 0 0 0 0 0 0 0 0 1 0 0 0 0 0 0 8 0 0 0 0 0 0 0 0 0 1 0 1 0 2 0 0 0 0 0 0 1 0 0 0 0 0 0 0 0 2 0 0 0 0 2 0 0 0 0 0 0 3 2 0 0 0 0 0 0 0 0 0 0 0 0 0 0 0 210 1 0 0 0 0 0 0 0 0 4 3 0 0 0 0 0 0 0 2 0 0 1 0 0 0 0 0 0 0 0 0 0 0 0 0 0 0 0 1 0 2 1 0 0 13 2 0 0 4 0 0 0 
6 304 0 0 0 0 0 0 0 0 0 0 0 1 0 0 0 1 0 1 0 0 6 0 0 0 0 1 0 0 0 0 0 0 0 0 0 0 0 0 0 0 0 3 1 0 0 0 0 6 0 0 0 1 0 1 1 0 1 0 0 2 0 0 0 0 0 0 0 0 0 0 0 0 0 0 0 1 3 17 0 0 0 0 0 0 0 21 0 5 0 0 0 0 0 0 5 0 0 0 0 0 0 0 1 0 0 0 0 0 0 0 0 0 1 0 0 0 0 0 0 11 3 1 12 0 0 0 0 0 0 0 0 0 0 2 0 1 0 0 0 0 5 0 0 0 0 0 1 0 0 1 0 2 1 0 4 0 1 0 0 0 0 1 0 0 0 0 0 1 0 0 9 0 0 0 0 0 0 0 0 0 0 0 0 0 0 0 0 0 0 0 2 1 0 0 0 0 2 0 1 122 1 0 0 0 0 0 0 0 0 2 1 0 0 0 0 0 0 0 0 0 0 0 0 0 0 0 1 0 0 0 0 0 0 1 0 0 0 0 0 1 1 2 0 0 10 1 0 0 5 0 0 1 
7 271 0 1 0 0 0 0 0 0 0 0 0 0 0 0 0 0 0 1 0 0 3 0 0 0 0 0 0 0 1 3 0 0 0 0 0 0 0 0 2 0 0 3 0 0 0 0 0 6 0 0 0 0 0 2 0 0 0 0 0 2 0 1 0 0 0 0 0 0 1 0 0 0 0 0 0 0 1 24 0 0 0 0 0 0 1 22 1 1 0 0 0 0 0 0 10 0 0 0 0 0 1 0 0 0 0 0 0 0 0 0 0 0 0 0 0 0 0 0 2 11 2 4 13 0 0 0 0 0 0 0 0 0 0 5 0 0 0 0 0 0 9 0 0 0 0 0 0 0 0 0 0 1 0 0 2 0 0 0 0 0 0 0 0 0 0 0 1 0 0 0 5 0 0 0 0 0 0 0 0 0 0 0 3 1 0 0 0 0 0 1 0 1 0 0 0 0 0 0 0 68 0 0 0 0 0 0 0 0 0 6 10 0 0 0 0 1 0 0 1 0 0 0 0 0 0 0 1 0 1 0 0 0 0 0 0 0 0 0 0 0 0 4 0 0 11 0 0 0 4 0 0 0 
8 284 0 1 0 0 0 0 1 0 0 0 0 0 0 0 0 0 0 0 0 0 6 0 0 0 0 0 0 0 0 0 0 0 0 0 0 0 0 0 0 0 0 5 0 0 0 0 0 11 0 0 0 0 0 5 0 0 0 0 0 1 0 1 0 0 0 0 0 0 2 0 0 0 0 0 0 0 1 19 0 0 0 0 0 0 1 23 0 5 0 0 0 0 0 1 7 0 0 0 0 0 0 0 0 0 0 0 0 0 0 0 0 1 0 0 0 0 0 0 1 9 1 1 15 0 0 0 0 1 0 0 0 0 0 7 0 2 0 0 1 0 11 0 1 0 0 0 0 0 0 0 1 0 0 0 2 0 0 0 0 0 0 1 0 0 0 0 0 0 0 0 5 0 0 0 0 0 0 0 0 0 0 0 0 4 0 0 0 0 0 2 1 0 0 0 0 0 3 0 0 63 0 0 0 1 0 0 0 0 0 8 3 0 0 0 0 0 0 0 4 0 0 0 0 0 0 0 3 0 0 0 0 0 0 0 0 0 1 0 0 0 2 0 1 0 13 1 0 1 10 0 0 1 
9 262 0 0 0 0 0 0 3 0 0 0 0 0 0 0 0 1 0 0 0 0 13 0 0 0 0 1 0 1 0 0 0 0 0 0 0 0 0 0 0 0 0 3 0 0 0 0 0 8 0 0 0 0 0 4 1 0 0 0 0 2 0 0 0 0 0 0 0 0 1 0 0 0 0 0 0 0 3 24 0 0 0 2 0 0 0 31 0 4 0 0 0 0 0 2 15 0 0 0 0 0 0 0 0 0 0 0 0 0 0 0 0 0 0 0 0 0 0 0 0 14 2 0 19 0 0 0 0 0 0 0 0 0 0 2 0 2 0 0 0 0 6 1 0 0 0 0 0 1 0 0 2 1 0 0 1 0 0 1 0 0 0 0 1 0 0 0 1 0 0 0 8 0 0 0 0 0 0 0 0 0 1 0 1 0 0 0 0 0 0 0 0 0 0 0 0 0 1 0 0 30 0 0 0 0 0 0 0 0 0 7 1 0 0 0 0 0 0 0 1 0 0 0 0 0 0 0 1 0 0 0 0 0 0 0 0 0 0 0 1 0 0 5 2 0 9 3 0 0 8 0 1 0 
10 289 0 0 0 0 0 0 0 0 0 0 0 1 0 1 0 1 0 1 0 0 18 0 0 0 0 2 0 0 0 0 0 0 0 0 0 0 0 0 0 0 0 2 0 0 0 0 0 5 0 0 0 0 0 2 0 0 0 0 0 4 0 0 0 0 0 0 0 0 1 0 0 0 0 0 0 0 3 37 0 1 0 0 0 0 3 25 0 1 0 0 0 0 0 3 10 0 0 0 0 0 1 0 0 1 0 0 0 0 0 0 0 0 0 0 0 0 1 0 0 12 1 0 19 0 0 0 0 0 0 0 0 0 0 4 0 0 0 0 0 0 8 0 0 0 0 0 0 0 0 0 1 1 0 0 1 0 0 0 0 0 0 0 0 0 0 0 0 0 0 0 2 0 0 0 0 0 0 0 0 1 0 0 1 7 0 0 0 0 0 2 1 0 0 0 0 0 2 0 0 40 0 0 0 0 1 0 0 0 0 11 2 0 0 0 0 0 0 0 5 0 1 0 0 2 0 1 2 0 0 0 0 0 0 0 0 0 0 0 1 0 3 2 1 0 5 5 0 0 8 0 0 0 
11 311 0 0 0 0 0 0 1 0 0 0 0 0 1 0 0 0 0 0 0 0 25 0 0 0 0 1 0 1 0 0 0 0 1 0 0 0 0 0 0 0 0 1 0 0 0 0 0 7 0 0 0 0 0 0 0 1 0 0 1 9 1 1 0 0 2 0 0 0 1 0 0 0 0 0 0 0 0 34 0 0 0 1 0 0 4 23 0 1 0 0 0 0 1 0 7 0 0 0 0 0 1 0 0 0 1 0 0 0 0 0 0 2 0 0 0 0 1 0 0 20 5 0 23 0 0 0 0 0 0 0 0 0 0 0 0 0 0 0 0 0 10 0 0 0 0 0 0 1 0 1 1 2 0 0 1 0 0 1 0 0 0 0 0 0 0 0 0 0 0 0 2 0 0 0 1 0 0 0 0 2 0 0 2 2 0 0 0 0 0 2 3 0 0 0 0 0 0 0 0 59 2 0 0 0 0 0 0 1 0 5 1 0 0 0 0 0 0 0 1 0 0 0 0 0 0 0 1 0 0 0 0 0 0 0 0 0 0 0 0 0 1 1 1 0 5 3 0 1 3 1 0 1 
12 346 0 1 0 0 0 0 1 0 0 0 0 0 0 0 0 1 0 0 0 0 16 0 0 0 0 1 0 0 0 0 0 0 0 0 0 0 0 0 0 0 0 3 0 0 0 1 0 11 0 0 0 1 0 4 0 0 0 0 0 9 0 1 0 0 0 0 0 0 2 0 0 0 1 0 0 1 2 34 0 0 0 0 0 0 2 26 0 4 0 0 0 0 0 0 7 0 0 0 0 0 0 1 0 0 0 0 0 0 0 0 0 0 0 0 0 0 0 0 1 14 1 0 16 0 0 0 0 1 0 0 0 0 0 2 0 0 0 0 0 0 16 0 0 0 0 0 0 0 0 1 0 0 1 0 2 1 0 0 0 0 0 0 0 0 0 0 0 0 0 0 2 0 0 0 0 0 0 0 0 1 0 0 1 7 0 0 0 0 0 1 0 0 0 0 0 0 2 0 1 101 1 0 0 0 0 0 0 0 1 6 0 0 0 0 0 0 0 0 3 0 0 0 0 0 0 0 2 0 1 0 0 0 0 0 0 0 0 0 0 0 6 1 0 0 5 0 0 0 6 0 0 0 
13 389 0 0 1 0 0 0 0 0 0 0 0 0 0 0 0 1 0 1 0 0 21 2 0 0 0 1 0 0 0 0 0 0 1 0 0 0 0 0 0 0 0 0 0 0 0 0 0 5 0 0 0 0 0 1 0 0 1 0 1 30 0 1 1 0 0 0 0 0 3 0 0 0 0 0 0 1 5 43 0 0 0 0 0 0 2 13 1 0 0 0 0 0 0 3 5 0 0 0 0 0 1 0 0 0 0 0 0 0 0 0 0 0 0 0 0 0 0 0 0 12 1 1 18 1 0 0 0 0 0 0 0 0 0 1 0 0 0 0 1 0 12 0 1 0 0 0 0 0 0 0 0 0 2 0 3 1 0 0 0 0 0 0 1 0 0 0 0 0 0 0 2 0 0 0 2 1 0 0 0 0 0 0 2 1 0 0 0 0 0 1 0 0 1 0 0 0 1 0 0 112 0 0 0 0 1 0 0 0 0 6 1 0 0 0 0 0 0 0 0 0 0 0 2 1 0 0 2 0 1 0 0 0 0 0 0 0 0 0 1 0 5 0 0 0 14 4 0 1 10 0 1 0 
14 383 0 0 0 0 0 0 0 0 0 0 0 0 0 0 0 0 0 1 0 0 19 0 0 0 0 1 0 1 0 0 0 0 0 0 0 0 0 0 0 0 0 3 0 0 0 0 0 10 0 0 0 0 0 1 0 0 2 0 0 12 0 2 0 0 0 0 0 0 2 0 0 0 1 0 0 2 6 28 0 2 0 0 0 0 6 16 0 5 0 0 0 0 0 2 6 0 0 0 0 0 0 0 0 1 1 0 0 0 0 0 0 0 1 0 0 0 0 0 0 12 1 0 14 1 0 0 0 0 0 0 0 0 0 3 0 1 0 0 0 0 8 0 0 0 0 0 0 0 0 5 0 0 0 0 10 0 0 0 0 0 0 0 0 0 0 0 0 0 0 0 0 0 0 0 0 0 0 0 0 0 0 0 0 2 0 0 0 0 0 1 0 0 1 0 0 2 3 0 0 143 0 0 0 0 0 0 0 1 0 7 0 0 0 0 0 0 0 0 0 0 0 0 0 0 0 0 0 0 1 0 0 0 0 0 0 0 0 0 1 0 3 1 0 0 12 1 0 0 11 0 0 0 
15 360 0 0 0 0 0 0 0 0 0 0 0 1 0 0 0 0 0 1 0 0 32 1 0 0 0 2 0 0 0 0 0 0 1 0 0 0 0 0 0 0 0 2 0 0 0 0 0 6 0 0 0 0 0 3 0 0 0 0 0 19 0 0 0 0 0 0 0 0 1 0 0 0 0 0 0 0 2 18 0 0 0 0 0 0 0 7 0 4 1 0 0 0 0 2 14 0 0 0 0 0 0 0 0 0 0 0 0 0 0 0 0 0 0 0 0 0 0 0 0 6 3 0 8 1 0 0 0 0 0 0 0 0 0 0 0 0 0 0 0 0 11 0 1 0 0 0 1 0 1 5 0 1 1 0 3 0 0 0 0 0 0 2 0 0 0 0 0 0 0 0 6 0 0 0 0 0 0 0 0 0 0 0 1 7 0 0 0 0 0 0 0 1 3 0 0 1 1 0 0 145 1 0 0 0 0 0 0 0 0 4 0 0 0 0 0 0 0 0 0 0 0 0 0 0 0 0 1 0 0 0 0 0 0 0 0 0 0 0 1 0 3 2 0 0 7 0 0 0 9 0 0 0 
16 419 0 0 0 0 0 0 0 0 0 0 0 0 0 0 0 2 0 0 0 0 25 0 0 0 0 3 0 0 0 0 0 0 0 0 0 0 0 0 0 0 0 0 0 0 0 0 0 5 0 0 0 0 0 5 1 1 0 0 0 18 0 0 0 0 0 0 0 0 1 0 0 0 0 0 0 0 3 17 0 0 0 0 0 0 2 19 0 4 3 0 0 0 1 3 6 0 0 0 0 0 0 0 1 0 0 0 0 0 0 1 0 0 0 3 0 0 0 0 1 12 3 0 14 0 0 0 0 0 0 0 0 0 0 2 0 0 0 0 1 0 10 0 0 0 0 0 1 0 0 2 0 0 1 0 7 0 0 0 0 0 0 0 1 0 0 0 0 0 0 0 5 0 0 0 0 0 0 0 0 1 0 0 1 9 0 0 0 2 0 1 0 0 2 0 0 0 2 0 1 166 0 0 0 1 0 0 0 0 0 9 0 0 0 0 0 0 0 0 2 0 0 0 0 0 0 0 1 0 1 0 0 0 0 0 0 0 0 0 0 0 7 0 0 0 12 3 0 0 3 0 0 0 
17 380 0 2 1 0 0 0 4 0 0 0 0 0 0 0 0 0 0 2 0 0 19 1 0 0 0 1 0 0 0 0 0 0 0 0 0 0 1 0 0 0 0 0 0 0 0 0 0 9 0 0 0 0 0 2 0 0 0 0 0 15 0 0 0 0 1 0 0 0 3 0 0 0 0 0 0 0 7 11 0 0 0 0 0 1 0 17 0 3 0 0 0 0 0 1 9 0 0 0 0 0 0 0 0 0 0 0 0 0 1 0 0 0 0 3 0 0 0 0 0 10 1 0 21 0 0 0 0 0 0 0 0 0 0 1 0 0 0 0 0 0 5 0 0 0 0 0 0 0 0 1 1 0 2 0 1 0 0 0 0 0 0 0 1 0 0 0 0 0 0 0 4 0 0 0 0 0 0 0 0 1 0 0 0 7 0 0 0 0 0 0 0 0 2 2 0 0 4 0 0 157 0 0 0 1 0 0 0 0 1 6 1 0 0 0 0 0 0 0 0 0 0 0 0 0 0 0 1 0 0 0 0 0 0 0 0 0 0 0 0 0 4 0 0 0 12 0 0 0 3 1 1 0 
18 410 0 3 0 0 0 0 1 0 0 0 0 0 0 0 0 2 0 1 0 0 24 0 0 0 0 1 0 0 0 0 0 0 1 0 0 0 0 0 0 0 1 1 0 0 0 0 0 11 0 0 0 0 0 3 0 0 0 0 0 7 1 0 0 0 1 0 0 0 2 0 0 0 0 0 0 2 4 6 0 1 0 2 0 0 0 27 0 3 0 0 0 0 1 2 6 0 1 0 0 0 1 0 0 0 0 0 0 0 1 0 0 0 0 1 0 0 0 0 1 4 4 0 20 0 0 0 0 0 0 0 0 0 0 2 0 0 0 0 0 0 9 0 0 0 0 0 0 0 2 2 0 0 3 0 8 0 0 0 0 0 0 0 0 0 0 0 0 0 0 0 4 0 0 0 0 0 0 0 0 0 0 0 3 2 0 0 0 0 0 0 0 0 2 0 0 0 4 0 1 174 1 0 0 2 0 0 0 0 0 12 0 0 0 0 0 0 0 0 0 0 0 0 0 0 0 0 2 0 0 0 0 0 0 1 0 0 0 0 0 0 2 1 0 0 4 5 1 0 2 0 1 1 
19 377 0 0 0 0 0 0 1 0 0 0 0 0 0 0 0 0 0 0 0 0 24 0 0 0 0 0 2 0 0 0 0 0 0 0 0 0 0 0 0 0 0 0 0 0 0 0 0 14 0 0 0 0 0 3 0 0 0 0 0 11 0 0 0 0 1 0 0 0 1 0 0 0 1 0 0 0 2 4 0 0 0 2 0 0 1 31 0 6 0 0 0 0 0 2 11 0 0 0 0 0 1 0 0 0 0 0 0 0 0 0 0 0 0 0 0 0 0 0 0 1 2 1 24 0 0 0 0 0 0 0 0 0 0 1 0 0 0 0 0 0 8 0 0 0 0 0 2 0 2 2 0 0 0 0 6 0 0 0 1 1 0 2 0 0 0 0 0 0 0 0 3 0 0 0 0 0 0 0 0 0 0 0 0 10 0 0 0 0 0 0 0 0 2 0 0 0 3 0 0 133 1 0 0 3 0 0 0 0 0 9 0 0 0 0 0 0 0 0 0 0 0 0 1 0 0 0 1 0 2 0 0 0 0 0 0 1 0 0 1 0 7 0 1 0 5 1 1 0 9 1 1 0 
20 401 0 0 0 0 0 0 1 0 0 0 0 1 0 0 0 0 0 0 0 0 34 0 0 0 0 1 0 0 0 0 0 0 0 0 0 0 0 0 0 0 0 0 0 0 0 0 0 9 0 0 0 0 0 2 0 1 0 0 1 23 0 0 0 0 2 0 0 0 6 0 0 0 0 0 0 0 1 6 0 0 0 0 0 0 2 20 0 3 0 0 0 0 0 2 13 0 0 0 0 0 1 0 0 0 0 0 0 0 0 0 0 1 0 0 0 0 0 0 0 2 1 0 32 0 0 0 0 0 0 0 0 0 0 3 0 0 0 0 0 0 14 0 0 0 0 0 1 1 0 2 0 1 1 0 7 0 0 0 0 1 0 1 0 0 0 0 0 0 0 0 0 0 0 0 0 0 0 0 0 0 0 0 0 4 0 0 0 0 0 0 0 0 1 0 0 0 2 0 1 165 2 0 0 1 0 0 0 0 0 6 0 0 0 0 0 1 0 0 1 0 0 0 0 0 0 0 4 0 0 0 0 0 0 0 0 0 0 0 0 0 2 0 0 0 3 0 0 0 1 0 0 0 
21 392 0 0 0 0 0 0 2 0 0 0 0 0 0 0 0 1 0 0 0 0 30 0 0 0 0 1 0 2 0 0 0 0 0 0 0 0 0 0 0 0 1 3 0 0 0 0 0 12 0 0 0 0 0 1 0 0 0 0 0 23 1 0 0 0 0 0 0 0 5 0 0 0 0 0 0 0 3 3 0 0 0 0 0 0 6 7 0 6 0 0 0 0 0 1 11 0 0 0 0 0 0 0 0 0 0 0 1 0 0 0 0 0 0 0 0 0 0 0 0 0 2 0 24 0 0 0 0 0 0 0 0 0 0 3 0 0 0 0 0 0 7 0 0 0 0 0 2 2 0 1 1 2 0 0 6 0 0 0 0 0 0 3 1 0 0 0 0 0 0 0 1 0 0 0 0 0 0 0 0 0 0 0 1 9 0 0 0 0 0 0 0 1 0 0 0 0 2 0 0 165 0 0 0 2 0 0 0 0 0 6 0 0 0 0 0 0 0 0 0 0 0 0 0 0 0 0 3 0 0 0 0 0 0 0 0 0 0 0 0 0 5 1 0 0 0 0 0 1 6 0 0 0 
22 381 0 0 0 0 0 3 0 0 0 0 0 0 0 0 0 1 0 0 0 0 42 0 0 0 0 0 0 1 0 0 0 0 0 0 0 0 0 0 0 0 0 0 0 0 0 0 0 8 0 0 0 0 0 5 0 0 0 0 0 9 0 0 0 0 1 0 0 0 9 0 0 0 1 0 0 1 2 6 0 0 0 0 0 0 4 7 1 1 0 0 0 0 0 1 6 0 0 0 0 0 0 0 0 0 0 0 0 0 0 0 0 0 0 1 0 0 0 0 0 1 10 0 32 0 0 0 0 0 0 0 0 0 0 1 0 0 0 0 0 0 5 0 0 0 0 0 2 0 0 5 2 1 1 0 8 0 0 0 0 0 0 1 0 0 0 0 0 0 0 0 1 0 0 0 0 1 0 0 0 0 0 0 2 6 0 0 0 2 0 0 0 0 0 0 0 0 2 0 0 163 1 0 0 0 0 0 0 0 0 3 0 0 0 0 0 0 0 0 0 0 0 0 0 0 0 0 1 0 1 0 0 0 0 0 0 0 0 0 1 0 2 2 0 0 0 0 0 0 1 0 0 0 
23 377 0 0 0 0 0 0 0 0 0 0 0 0 0 0 0 0 0 0 0 0 40 1 0 0 0 0 0 1 0 0 0 0 1 0 0 0 0 0 0 0 1 1 0 0 0 0 0 2 0 0 2 0 0 3 0 0 0 0 0 14 1 0 0 0 3 0 0 0 2 0 0 0 0 0 0 0 1 12 0 0 0 0 0 0 2 7 0 1 0 0 0 0 1 0 5 0 0 0 0 0 0 0 0 0 0 0 0 0 1 0 0 0 0 4 0 0 0 0 0 1 6 0 26 0 0 0 0 0 0 0 0 0 0 1 0 0 0 0 0 0 4 0 0 0 0 0 0 1 0 2 0 1 4 0 9 0 0 0 0 0 0 1 0 0 0 0 0 0 0 0 0 0 0 0 0 0 0 0 0 0 0 0 1 8 0 0 0 0 0 1 0 0 2 0 0 0 2 0 0 169 2 0 0 0 0 0 0 1 1 1 0 0 0 0 0 0 0 0 0 0 0 0 0 0 0 0 0 0 1 0 0 0 0 0 0 0 0 0 1 0 7 3 0 0 1 0 0 0 5 0 0 0 
24 310 0 0 0 0 0 0 0 0 0 0 0 0 0 0 0 1 0 0 0 0 66 2 0 0 0 0 0 0 0 0 0 0 0 0 0 0 0 0 0 0 1 1 0 0 0 0 0 4 0 0 0 0 0 1 0 0 0 0 0 23 0 0 1 0 0 0 0 0 1 0 0 0 0 0 0 1 0 9 0 0 0 0 0 0 2 7 1 1 0 0 0 0 0 0 0 0 1 0 0 0 0 0 0 0 0 0 0 0 0 0 0 0 0 1 0 0 0 0 0 1 3 0 2 0 0 0 0 0 0 0 0 0 0 0 0 0 0 0 0 0 0 0 0 0 0 0 0 0 0 1 1 0 0 0 4 0 0 0 0 0 0 4 0 0 0 0 0 0 0 0 0 0 0 0 0 0 0 0 0 0 0 0 1 3 0 0 0 0 0 0 1 0 1 0 0 0 0 0 0 136 3 0 0 0 1 0 0 0 0 2 1 0 0 0 0 0 0 0 0 0 0 0 0 0 0 0 2 0 0 0 0 0 0 0 0 0 0 0 0 0 6 2 0 0 0 1 0 0 0 0 0 0 
25 397 0 0 0 0 0 0 1 0 0 0 0 0 0 0 0 0 0 0 0 0 56 1 0 0 0 0 0 0 0 0 0 0 0 0 0 0 1 0 0 0 0 3 0 0 0 0 0 4 0 0 0 0 0 1 0 0 0 0 0 22 0 0 1 0 1 0 0 0 0 0 0 0 1 0 0 1 0 19 0 0 0 0 0 0 2 1 0 0 0 0 0 0 0 0 1 0 0 0 0 0 0 0 0 0 0 0 0 0 0 0 0 1 0 4 0 0 0 0 0 2 10 0 13 0 0 0 0 0 0 0 0 0 0 0 0 0 0 0 0 0 2 0 0 0 0 0 0 0 0 3 0 0 1 0 8 0 0 1 0 0 0 1 0 0 0 0 0 0 0 0 0 0 0 0 1 1 0 0 0 0 0 0 0 3 0 0 0 0 0 2 0 1 0 0 0 0 1 0 0 186 1 0 0 0 2 0 0 1 0 0 1 0 0 0 0 0 0 0 3 0 0 0 0 0 0 0 0 0 0 0 0 0 0 0 0 0 0 0 0 0 10 2 0 0 2 0 0 0 6 0 0 0 
26 360 0 0 0 0 0 0 0 0 0 0 0 0 0 0 0 0 0 0 0 0 47 1 0 0 0 0 0 0 0 0 0 0 0 0 0 0 1 0 0 0 1 4 0 0 1 0 0 2 0 0 0 0 0 0 0 0 0 0 0 21 0 0 0 0 0 0 0 0 1 0 0 0 0 0 0 1 0 14 0 0 0 0 0 0 0 1 0 0 0 0 0 0 0 0 1 0 0 0 0 0 0 0 0 0 0 0 0 0 0 0 0 0 0 0 0 0 0 0 0 7 3 0 0 0 0 0 0 0 0 0 0 0 0 0 0 0 0 0 0 0 0 0 0 0 0 0 1 0 0 2 2 0 0 0 5 0 0 0 1 0 0 1 0 0 0 0 0 0 0 0 0 0 0 0 0 0 0 0 0 0 0 0 0 3 0 0 0 0 0 0 0 0 0 0 0 0 0 0 0 197 1 0 0 0 0 0 0 0 0 0 2 0 0 0 0 0 0 0 1 0 0 0 0 0 0 0 0 0 4 0 0 0 0 0 0 0 0 0 0 0 14 0 0 0 7 1 0 0 5 0 0 0 
27 400 1 0 0 0 0 0 0 0 0 0 0 0 0 0 0 1 0 0 0 0 31 0 0 0 0 1 0 0 0 0 0 0 0 0 0 0 0 0 0 0 3 3 0 0 0 0 0 1 0 0 0 0 0 0 0 0 0 0 0 4 0 0 0 0 1 0 0 0 0 0 0 0 2 0 0 3 0 13 0 0 0 0 0 0 0 7 0 3 0 0 0 0 0 0 1 0 0 0 0 0 0 0 0 0 0 0 0 0 0 0 0 0 0 6 0 0 0 0 0 4 6 0 1 1 0 0 0 0 0 0 0 0 0 0 0 0 0 0 0 0 0 0 0 0 0 0 0 0 1 6 1 0 3 0 9 0 0 0 0 1 0 3 0 0 0 0 0 0 0 0 3 0 0 0 0 0 0 0 0 0 0 0 0 6 0 0 0 0 0 0 0 1 7 0 0 0 1 0 0 216 1 0 0 0 0 0 0 0 0 0 5 0 0 0 0 0 0 0 0 0 0 1 1 0 0 0 0 0 1 0 0 0 0 0 0 0 0 0 0 0 7 10 0 0 5 0 0 0 6 0 0 0 
28 379 0 0 0 0 0 0 0 0 0 0 0 0 0 0 0 2 0 0 0 0 24 0 0 0 0 0 0 0 0 0 0 0 0 0 0 0 0 0 0 0 0 5 0 0 0 0 0 4 0 0 0 0 0 0 0 0 0 0 0 4 0 1 0 0 1 0 0 0 0 0 0 0 0 0 0 0 2 27 0 0 0 0 0 0 0 9 0 1 0 0 0 0 0 2 4 0 0 0 0 0 0 0 0 0 0 0 0 0 0 0 0 0 0 1 0 0 0 0 0 10 8 0 3 0 0 0 0 0 0 0 0 0 0 0 0 0 0 0 0 0 3 0 0 0 0 0 0 0 0 1 0 0 3 0 16 0 0 0 0 0 0 5 0 0 0 0 0 0 0 0 2 0 0 0 0 0 0 0 0 0 0 0 0 0 0 0 0 0 0 1 0 0 3 0 0 0 1 0 1 190 0 0 0 2 0 0 0 0 0 1 1 0 0 0 1 0 0 0 0 0 0 0 0 0 0 0 0 0 0 0 0 0 0 0 0 0 0 0 0 0 5 4 0 0 4 1 0 0 9 0 0 0 
29 337 0 0 0 0 1 0 0 0 0 0 0 0 0 0 0 0 0 0 0 0 7 0 0 0 0 2 0 1 0 0 0 0 0 0 0 0 0 0 0 0 0 6 0 0 0 0 0 3 0 0 0 0 0 0 0 0 0 0 0 4 0 3 1 0 0 0 0 0 1 0 0 0 0 0 0 0 3 31 0 0 0 0 0 0 0 14 0 1 0 0 0 0 2 0 9 0 0 0 0 0 0 0 0 0 0 0 0 0 0 0 0 0 0 0 0 0 0 0 0 6 2 1 3 0 0 0 0 0 0 0 0 0 0 1 0 0 0 0 0 0 4 0 0 0 0 0 0 0 0 0 1 0 2 0 3 0 0 0 0 0 0 0 0 0 0 0 0 0 0 0 3 0 0 0 1 0 0 0 0 2 0 0 0 1 0 0 0 0 0 1 0 0 0 0 0 0 2 0 0 155 5 0 0 0 0 0 0 0 1 7 0 0 0 0 0 0 0 0 3 0 0 0 0 0 0 0 0 0 0 0 0 0 0 0 0 0 0 0 1 0 3 2 0 0 13 0 0 0 10 0 0 0 
30 280 0 0 0 0 0 0 2 0 0 0 0 0 0 0 0 0 0 0 0 0 6 0 0 0 0 1 0 0 0 0 1 0 0 0 0 0 0 0 0 0 0 3 0 0 0 1 0 7 0 0 0 0 0 0 4 0 0 0 0 2 0 0 0 0 0 0 0 0 1 0 0 0 0 0 0 0 4 15 0 0 0 1 0 0 2 29 0 1 0 0 0 0 0 0 4 0 0 0 0 0 1 0 0 0 0 0 0 0 0 0 0 0 0 0 0 0 0 0 1 13 1 0 4 0 0 0 0 0 0 0 0 0 0 1 0 1 0 0 0 0 8 1 0 0 0 0 0 0 0 0 0 0 0 0 2 0 0 0 0 0 0 0 0 0 0 0 0 0 0 0 4 0 0 0 0 0 0 0 0 2 0 0 0 0 0 0 0 1 0 0 0 0 0 0 0 0 2 0 0 108 0 0 0 1 0 0 0 0 0 1 4 0 0 0 0 0 0 0 3 0 0 0 0 0 0 0 1 0 0 0 0 0 0 0 0 0 0 0 0 0 0 1 0 0 12 1 0 0 9 0 0 0 
31 323 0 1 1 0 0 0 1 0 0 0 0 0 0 0 0 0 0 0 0 0 2 0 0 0 0 3 0 0 0 0 0 0 0 0 0 0 0 0 1 0 0 1 0 0 0 0 0 9 0 0 0 0 0 4 0 0 0 0 0 2 0 0 0 0 0 0 0 0 4 0 0 0 0 0 0 0 5 28 0 0 0 0 0 0 2 29 1 6 0 0 1 0 0 0 12 0 0 0 0 0 0 0 0 0 0 0 0 0 0 0 0 0 0 0 0 0 0 0 1 8 4 0 17 0 0 0 0 0 0 0 0 0 0 4 0 0 0 0 0 0 11 0 0 0 0 0 0 2 0 0 0 0 1 0 2 0 0 0 0 0 0 1 1 0 0 0 0 0 0 0 2 0 0 0 0 0 0 0 0 1 0 0 0 1 0 0 0 0 0 2 0 0 0 0 0 0 1 0 0 92 0 0 0 1 0 0 0 0 0 9 5 0 0 0 0 0 0 0 3 0 0 1 0 0 0 0 2 0 0 0 0 0 0 1 0 0 0 0 0 0 4 1 0 0 11 4 0 0 6 0 0 0 
32 261 0 0 0 0 0 0 2 0 0 0 0 1 0 1 0 0 0 0 0 0 9 0 0 0 0 0 0 0 0 0 0 0 0 0 0 0 0 0 0 0 0 2 0 0 0 0 0 12 1 0 0 0 0 3 1 0 0 0 0 1 0 0 1 0 0 0 0 0 2 0 0 0 0 1 0 0 2 25 0 0 0 0 0 0 1 20 0 2 0 0 0 0 0 2 9 0 0 0 0 0 1 0 0 0 0 0 0 0 0 0 0 0 0 0 0 0 0 0 0 8 4 1 20 0 0 0 0 0 0 0 0 0 0 0 0 0 0 0 0 0 14 0 0 0 0 0 0 0 0 1 0 1 0 0 1 0 0 0 0 0 0 0 0 0 0 0 0 0 0 0 6 0 0 0 0 0 0 0 0 0 0 0 0 2 0 0 0 1 0 8 0 0 0 0 0 1 0 0 0 40 0 0 0 2 0 0 0 0 0 8 2 0 0 0 0 0 0 0 3 0 0 0 0 0 0 0 1 0 0 0 0 0 0 0 0 0 0 0 0 0 0 1 0 0 11 1 0 0 5 0 0 0 
33 244 0 0 0 1 0 0 1 0 0 0 0 1 0 0 0 0 0 0 0 0 13 0 0 0 0 0 0 0 0 0 0 0 0 0 0 0 0 0 1 0 0 1 0 0 0 0 0 11 0 0 1 1 0 2 0 0 0 0 0 0 0 0 0 0 0 0 0 0 2 0 0 0 0 0 0 0 0 27 0 0 0 0 0 0 0 27 0 2 0 0 0 0 0 2 13 0 0 0 0 0 0 0 0 0 0 0 0 0 0 0 0 1 0 0 0 0 0 0 0 10 0 2 21 0 0 0 0 0 0 0 0 0 0 1 0 1 0 0 0 0 8 0 0 0 0 0 0 1 0 0 0 3 0 0 0 0 0 1 0 0 0 0 0 0 0 0 0 0 0 0 3 0 0 0 0 0 0 0 0 0 0 0 1 2 0 0 0 0 0 1 0 0 0 0 0 0 4 0 1 25 1 0 0 2 0 0 0 0 0 6 1 0 0 0 0 0 0 0 1 0 0 0 0 0 0 0 2 0 0 0 0 0 0 0 0 0 0 0 0 0 1 4 0 0 13 3 0 0 12 0 0 0 
34 336 0 0 0 0 0 0 1 0 0 0 0 2 0 0 0 0 0 0 0 0 21 0 0 0 0 0 0 0 0 0 0 0 0 0 0 0 0 0 0 0 0 1 0 0 0 0 0 8 0 1 1 1 0 5 0 2 0 0 0 13 0 0 0 0 0 0 0 0 3 0 0 0 0 0 0 0 5 39 0 0 0 0 0 0 0 12 0 5 0 0 0 0 1 4 12 0 0 0 0 0 2 0 0 0 1 0 0 0 0 0 0 0 0 0 0 0 0 0 0 14 0 0 19 0 0 0 0 1 0 0 0 0 0 1 0 0 0 0 0 0 21 2 0 0 0 0 0 0 2 0 1 0 1 0 1 0 0 0 0 0 0 0 0 0 0 0 0 0 1 0 3 0 0 0 0 0 0 0 0 0 0 0 1 25 0 0 0 0 0 2 0 0 0 0 0 0 3 0 2 40 0 0 0 2 0 1 0 0 0 9 1 0 0 0 0 0 0 0 3 0 0 0 0 0 0 0 0 0 0 0 0 0 0 0 0 0 0 0 0 0 0 1 0 0 10 1 1 1 10 0 0 0 
35 304 1 0 0 0 0 0 1 0 0 0 0 0 0 0 0 0 0 1 0 0 18 0 0 0 0 0 0 0 0 0 0 0 2 0 0 0 0 0 0 0 1 0 0 0 0 0 0 8 0 0 0 0 0 2 1 0 0 0 0 18 0 0 0 0 0 0 0 0 1 0 0 0 1 0 0 1 2 26 0 0 0 0 0 0 1 21 0 1 1 0 0 0 0 1 5 0 0 0 0 0 2 1 0 0 0 0 0 0 0 0 0 0 0 0 0 0 1 0 0 8 2 1 14 0 0 0 0 0 0 0 0 0 0 1 0 0 0 0 0 0 12 1 1 0 0 0 0 0 1 2 0 1 0 0 7 0 0 0 1 0 0 1 0 1 0 0 0 0 0 0 1 0 0 0 0 1 0 0 0 2 0 0 2 15 0 0 0 0 0 1 0 0 1 1 0 0 3 0 0 47 0 0 0 1 1 0 0 0 2 5 0 0 0 0 0 0 0 0 1 0 0 0 0 0 0 0 2 0 1 0 0 0 0 0 0 0 0 0 0 0 3 2 0 0 8 2 0 3 13 0 1 0 
36 333 0 0 0 0 0 0 0 0 0 0 0 1 0 0 0 1 0 0 0 0 16 1 0 0 0 1 0 1 0 0 0 0 0 0 1 0 0 0 0 0 1 0 0 0 0 0 0 7 0 0 0 0 0 1 0 0 0 0 0 16 0 1 0 0 1 0 0 0 0 0 0 0 0 0 0 1 2 45 0 0 0 0 0 0 1 16 0 2 0 0 0 0 0 1 13 0 0 0 0 0 1 1 0 0 1 0 0 0 0 0 0 0 0 0 0 0 0 0 0 9 3 0 23 0 0 0 0 0 0 0 0 0 0 3 0 0 0 0 0 0 10 0 0 0 0 0 0 0 0 1 1 1 0 0 3 0 0 0 0 0 0 0 0 0 0 0 0 0 0 0 4 0 0 0 1 0 0 0 0 0 0 0 0 11 0 0 0 0 0 0 1 1 1 0 0 0 4 0 1 83 0 0 0 2 0 0 0 0 1 11 0 0 0 0 0 0 0 0 1 0 0 0 0 0 0 0 0 0 0 0 0 0 1 0 1 0 0 0 0 0 0 1 0 0 1 1 0 1 3 0 0 0 
37 358 0 0 0 0 0 0 3 0 0 0 0 1 0 1 0 0 0 1 0 0 25 0 0 1 0 0 0 0 0 0 0 0 0 0 0 0 0 0 1 0 1 2 0 0 0 0 0 12 0 0 0 0 0 0 0 0 0 0 0 14 0 0 0 0 2 0 0 0 1 0 0 0 0 0 0 0 2 40 0 1 0 0 0 0 1 14 0 4 0 0 1 0 0 2 14 0 0 0 0 0 0 0 0 0 0 0 0 0 0 0 0 0 0 2 0 0 0 0 2 10 2 0 18 0 0 0 0 0 0 0 0 0 0 1 1 0 0 0 0 0 15 0 0 0 0 0 0 0 0 4 2 1 0 0 5 0 0 0 0 1 0 1 0 0 0 0 0 0 0 0 2 0 0 0 0 0 0 0 0 1 0 0 0 8 0 0 0 0 0 1 0 0 0 0 0 0 1 0 0 88 1 0 0 0 2 0 0 0 1 14 0 0 0 0 0 0 0 0 3 0 0 0 0 0 0 0 1 0 0 0 0 0 0 0 0 0 0 0 1 0 1 1 0 0 7 1 0 2 5 0 0 0 
38 349 0 0 0 1 0 0 0 0 0 0 0 0 0 0 0 0 0 1 0 0 28 1 0 0 0 1 0 1 0 0 0 0 0 0 0 0 0 0 0 0 1 2 0 0 0 0 0 8 0 0 0 0 0 0 0 0 0 0 0 14 0 2 0 0 0 0 0 0 0 0 1 0 0 0 0 0 3 34 0 0 0 1 0 0 1 19 1 4 0 0 0 0 1 0 10 0 0 0 0 0 0 0 0 0 0 0 0 0 0 0 0 0 0 1 0 0 0 0 0 11 3 0 11 0 0 0 0 0 0 0 0 0 0 2 0 0 0 0 0 0 17 0 0 0 0 0 0 0 0 0 0 0 0 0 5 0 0 0 0 0 0 2 0 0 0 0 0 0 0 0 2 0 0 0 0 0 0 0 0 2 0 0 0 3 0 0 0 0 0 1 1 0 0 0 0 1 1 0 0 113 0 0 0 2 0 0 0 0 0 6 0 0 0 0 0 0 0 0 1 0 0 0 0 0 0 0 2 0 1 0 0 0 1 0 0 0 0 0 0 0 5 1 0 0 5 1 0 0 6 0 0 0 
39 376 0 0 0 0 0 0 0 0 0 0 0 0 0 0 0 1 0 1 0 0 63 0 0 0 0 0 0 0 0 0 0 0 0 0 0 0 0 0 0 0 2 3 0 0 0 0 0 1 0 0 0 0 0 3 0 0 0 0 0 19 0 0 0 0 0 0 0 0 2 0 0 0 0 1 0 0 0 24 0 0 0 1 0 0 1 16 0 2 0 0 0 0 0 2 8 0 0 0 0 0 2 0 0 0 0 0 0 0 0 0 0 1 0 0 0 0 0 0 1 13 1 0 16 0 0 0 0 0 0 0 0 0 0 1 0 0 0 0 0 0 6 0 0 0 0 0 0 0 0 3 0 0 1 0 3 0 0 1 0 0 0 0 0 0 0 0 0 0 0 0 0 0 0 0 0 1 0 0 0 0 0 0 1 10 0 0 0 0 1 1 0 2 0 0 0 0 1 0 0 118 0 0 0 0 0 0 0 0 0 9 3 0 0 0 0 0 0 0 0 0 0 0 0 0 0 0 1 0 4 0 0 0 0 0 0 0 0 0 1 0 3 0 0 0 6 1 0 0 3 0 0 0 
40 371 0 0 0 0 0 0 2 0 0 0 0 0 0 0 0 2 0 0 0 0 26 0 0 0 0 3 0 0 0 0 0 0 0 0 0 0 1 0 0 0 0 1 0 0 0 0 0 10 0 0 0 0 0 3 0 0 0 0 0 23 0 0 0 0 0 0 0 0 2 0 0 0 1 0 0 0 3 24 0 0 0 0 0 0 2 13 0 3 0 0 0 0 0 2 6 0 0 0 0 0 0 0 0 0 0 0 0 0 0 0 0 0 0 2 0 0 0 0 0 12 4 0 19 0 0 0 0 0 0 0 0 0 0 1 0 0 0 0 0 0 7 0 1 0 0 0 0 1 0 0 1 1 1 0 3 0 0 0 0 0 0 1 1 0 0 0 0 0 0 0 1 0 0 0 0 0 0 0 0 0 0 0 2 13 0 0 0 0 0 0 0 0 2 0 0 0 6 0 0 127 0 0 0 1 0 0 0 0 0 9 0 0 0 0 0 0 0 0 0 0 0 0 0 0 0 0 2 0 0 0 0 0 0 0 0 0 0 0 0 0 1 0 0 0 8 1 0 1 5 0 3 2 
41 393 0 0 0 0 0 0 3 0 0 0 0 0 0 0 0 0 0 0 0 0 26 1 0 0 0 2 0 1 0 1 0 0 0 0 0 0 1 0 0 0 0 0 0 0 0 0 0 9 0 0 0 0 0 3 0 0 0 0 0 18 0 1 0 0 0 0 0 0 3 0 0 0 0 0 0 1 6 11 0 0 0 0 0 0 2 23 2 2 0 0 0 0 0 4 7 1 0 0 0 0 0 0 0 0 0 0 0 0 0 0 0 0 0 2 0 0 1 0 0 4 4 0 23 0 0 0 0 1 0 0 0 0 0 1 0 0 0 0 0 0 7 1 0 0 0 0 2 0 1 0 1 0 0 0 2 0 0 0 0 0 0 0 1 0 0 0 0 1 0 0 1 0 0 0 0 0 0 0 0 0 0 0 3 15 0 0 0 0 0 0 0 0 2 0 0 0 1 0 1 145 0 0 0 0 0 0 0 0 0 15 0 0 0 0 0 0 0 0 0 0 0 0 0 0 0 0 1 0 1 0 0 0 0 0 0 0 0 0 0 0 4 0 0 0 5 0 0 0 5 0 1 0 
42 375 0 0 0 0 0 1 2 0 0 0 0 0 0 0 0 0 0 0 0 0 36 0 0 0 0 0 0 0 0 0 0 0 0 0 0 0 0 0 0 0 0 3 0 0 2 1 0 10 0 0 0 0 0 2 3 0 0 0 0 11 0 2 0 0 0 1 0 0 2 0 0 0 1 0 0 1 3 7 0 1 0 1 0 0 2 14 0 0 0 0 0 0 0 1 11 0 0 0 0 0 1 0 0 0 0 0 0 0 0 0 0 0 0 0 0 0 0 1 0 2 8 0 29 0 0 0 0 0 0 0 0 0 0 0 0 0 0 0 0 0 8 1 0 0 0 0 1 1 0 3 0 0 2 0 7 0 0 1 0 1 0 1 1 0 0 0 0 0 0 0 3 0 0 0 0 0 0 0 0 0 0 0 0 6 0 0 0 0 0 0 0 0 3 0 0 0 1 0 1 136 1 0 0 5 1 0 0 0 0 11 0 0 0 0 0 0 0 0 0 0 0 0 1 0 0 0 1 0 0 0 0 0 0 0 0 0 0 0 0 0 2 1 0 0 4 0 0 0 1 0 0 0 
43 377 0 0 0 0 0 0 2 0 0 1 0 0 0 0 0 1 0 0 0 0 34 1 0 0 0 0 1 0 0 0 0 0 0 0 0 0 0 0 0 0 0 1 0 0 0 0 0 10 0 0 0 0 0 4 0 0 0 0 0 8 0 1 0 0 0 0 0 0 2 0 0 0 0 0 0 0 5 2 0 0 0 1 0 0 0 20 0 1 0 0 0 0 0 3 11 0 0 0 0 0 0 0 0 0 0 0 0 0 0 0 0 0 0 0 0 0 0 0 0 7 7 0 25 0 0 0 0 0 0 0 0 0 0 1 0 0 0 0 0 0 7 0 0 0 0 0 0 1 0 4 1 1 1 0 6 0 0 1 1 0 0 0 0 1 0 0 0 1 0 0 3 0 0 0 1 0 0 0 0 0 0 0 1 8 0 0 0 0 0 1 1 0 5 0 0 1 4 0 0 136 0 0 0 2 0 0 0 0 0 11 0 0 0 0 0 0 0 0 0 0 0 0 0 1 0 0 0 0 0 0 0 0 0 0 0 0 0 0 0 0 6 0 0 0 5 1 0 1 1 0 1 0 
44 360 0 0 0 2 0 0 5 0 0 0 0 2 0 0 0 0 0 0 0 0 31 0 0 0 0 1 0 1 0 0 0 0 1 0 0 0 1 0 0 0 0 0 0 0 0 0 0 9 0 0 0 0 0 5 0 1 1 0 0 19 0 0 0 0 1 0 0 0 6 0 0 0 0 0 0 1 1 2 0 1 0 0 0 0 0 19 0 4 0 0 0 0 0 1 11 0 0 0 0 0 0 0 0 0 1 0 0 0 1 0 0 0 0 0 0 0 0 0 0 1 4 1 16 0 0 0 0 1 0 0 0 0 0 3 0 0 0 0 0 0 10 0 0 0 0 0 0 1 0 2 1 0 2 0 5 0 0 0 0 0 0 2 0 0 0 0 0 0 0 0 2 0 0 0 0 0 0 0 0 0 0 0 2 9 0 0 0 0 0 0 0 3 1 0 0 0 3 0 0 130 1 0 0 1 0 0 0 0 1 10 0 0 0 0 0 0 0 0 0 0 0 1 0 0 0 0 1 0 1 0 0 0 0 0 0 0 1 0 1 0 4 0 1 0 2 1 0 0 0 0 0 0 
45 373 0 0 0 0 0 0 0 0 0 0 0 0 0 0 0 1 0 3 0 0 42 0 0 0 0 0 0 0 0 0 0 0 1 0 0 0 0 0 0 0 1 1 0 0 0 0 0 13 0 0 0 0 0 3 0 0 0 0 0 26 1 0 0 0 1 0 0 0 3 0 0 1 0 0 0 0 1 5 0 0 0 1 0 0 3 12 0 1 0 0 0 0 0 1 8 0 0 0 0 0 0 0 0 0 1 0 0 0 0 0 0 0 0 0 0 0 0 0 0 2 10 0 16 0 0 0 0 0 0 0 0 0 0 0 0 0 0 0 0 0 16 0 0 0 0 0 0 1 0 1 0 0 0 0 3 0 0 0 0 0 0 2 0 0 0 0 0 0 0 0 0 0 0 0 0 0 0 0 0 0 0 0 2 3 0 0 0 0 0 0 1 0 1 0 0 0 3 0 0 152 3 0 0 0 0 0 0 0 0 3 0 0 0 0 0 0 0 0 0 0 0 0 0 1 0 0 1 0 1 0 0 0 0 0 0 0 0 0 0 0 5 2 0 0 1 2 0 1 1 0 1 0 
46 364 0 0 0 0 0 2 2 0 0 0 0 0 0 0 0 0 0 0 0 0 44 1 0 0 0 1 0 0 0 0 0 0 0 0 0 0 0 0 0 0 0 1 0 0 0 0 0 11 0 0 0 0 0 0 0 0 0 0 0 29 0 0 0 0 1 0 0 0 4 0 0 0 1 0 0 1 1 6 0 0 0 0 0 0 2 5 0 1 0 0 0 0 0 0 8 0 0 0 0 0 0 0 0 0 0 0 0 0 0 0 0 0 0 1 0 0 0 0 0 1 2 0 20 0 0 0 0 0 0 0 0 0 0 1 0 0 0 0 0 0 12 0 0 0 0 0 0 0 2 2 1 0 0 0 5 0 0 0 0 0 0 2 1 0 0 0 0 0 0 0 0 0 0 0 0 0 0 0 0 0 0 0 0 3 0 0 0 0 0 0 0 0 1 0 0 0 1 0 0 163 1 0 0 1 0 0 0 0 0 4 0 0 0 0 0 0 0 0 0 0 0 0 0 0 0 0 0 0 0 0 0 0 0 0 0 0 0 0 0 0 2 1 0 0 1 0 0 0 0 1 0 0 
47 341 0 0 0 0 0 0 0 0 0 0 0 0 0 0 0 1 0 0 0 0 52 0 0 0 0 0 0 0 0 0 0 0 0 0 0 0 0 0 0 0 0 0 0 0 0 0 0 9 0 0 0 0 0 3 0 1 0 0 0 25 0 0 0 0 0 0 0 0 5 0 0 0 0 0 0 0 0 5 0 0 0 0 0 0 4 8 0 0 0 0 0 0 0 0 6 0 0 0 0 0 0 0 0 0 0 0 0 0 0 0 0 0 0 0 0 0 0 0 0 2 8 0 10 0 0 0 0 0 0 0 0 0 0 1 0 0 0 0 0 0 1 1 0 0 0 0 0 0 1 0 1 0 2 0 4 0 0 0 0 0 0 3 0 0 0 0 0 0 0 0 0 0 0 0 0 0 0 0 0 1 0 0 0 10 0 0 0 0 0 1 0 0 2 0 0 0 1 0 0 147 1 0 0 0 0 0 0 0 0 2 1 0 0 0 0 0 0 0 0 0 0 0 0 0 0 0 0 0 0 0 0 0 0 0 0 0 0 0 0 0 3 2 0 0 0 1 0 0 1 0 0 0 
48 379 0 0 0 0 0 0 0 0 0 0 0 0 0 0 0 1 0 0 0 0 58 0 0 0 0 3 0 0 0 0 0 0 0 0 0 0 0 0 0 0 0 1 0 0 0 0 0 3 0 0 0 0 0 0 0 1 0 0 0 27 0 1 1 0 6 0 0 0 0 0 0 0 0 0 0 0 0 9 0 0 0 0 0 0 5 3 0 1 0 0 0 0 0 0 2 0 0 0 0 0 0 0 0 0 0 0 0 0 0 0 0 0 0 1 0 0 0 0 0 5 8 0 5 0 0 0 0 0 0 0 0 0 0 0 0 0 0 0 0 0 2 0 0 0 0 0 2 1 0 0 0 0 1 0 7 0 0 0 0 0 0 1 1 0 0 0 0 0 0 0 0 0 0 0 0 0 0 0 0 1 0 0 0 5 0 0 0 0 0 0 0 0 1 0 0 0 0 0 0 183 1 0 0 0 0 0 0 0 2 4 0 0 0 0 0 0 0 0 0 0 0 0 1 0 0 0 0 0 0 0 0 0 0 0 0 0 0 0 0 0 6 3 1 0 0 1 0 0 1 0 0 0 
49 434 0 0 0 0 0 0 0 0 0 0 1 0 0 0 0 0 0 0 0 0 45 0 0 0 0 2 0 0 0 0 0 0 0 0 0 0 0 0 0 0 0 0 0 0 0 0 0 3 0 0 0 0 0 2 0 0 0 0 0 79 0 0 0 0 3 0 0 0 3 0 0 0 0 0 0 0 0 13 0 0 0 0 0 0 1 2 0 0 0 0 0 0 0 1 1 0 0 0 0 0 0 0 0 0 0 0 0 0 0 0 0 0 0 1 0 0 0 0 0 3 13 1 3 0 0 0 0 0 0 0 0 0 0 0 0 1 0 0 0 0 0 0 0 0 0 0 0 0 0 3 1 0 0 0 6 0 0 1 0 0 0 1 1 0 0 0 0 0 0 0 0 0 0 0 0 0 0 0 0 1 0 0 3 9 0 0 0 0 0 2 0 0 1 0 0 0 3 0 0 190 1 0 0 0 1 0 0 1 0 1 0 0 0 0 0 0 0 0 2 0 0 0 1 0 0 0 0 0 0 0 0 0 0 0 0 0 0 0 0 0 9 4 0 0 2 0 0 0 3 0 0 0 
50 452 0 0 0 0 0 0 0 0 0 0 0 0 0 0 0 2 0 0 0 0 65 0 0 0 0 0 0 0 0 0 0 0 0 0 0 0 0 0 1 0 0 2 0 0 0 0 0 2 0 0 0 0 0 0 0 0 0 0 0 53 0 0 0 0 1 0 0 0 0 0 0 0 0 0 1 1 0 25 0 0 0 0 0 0 0 0 0 1 0 0 0 0 0 0 3 0 0 0 0 0 0 0 0 0 0 0 0 0 0 0 0 0 0 0 0 0 0 0 1 10 9 0 3 0 0 0 0 0 0 0 0 0 0 1 0 0 0 0 0 0 0 1 0 0 0 0 0 0 0 1 1 0 0 0 10 0 0 0 0 0 0 3 1 0 0 0 0 0 0 0 8 0 0 0 0 0 0 0 0 0 0 0 0 1 0 0 0 0 0 0 0 0 2 0 0 0 0 0 0 194 10 0 0 0 0 0 0 0 1 0 0 0 0 0 0 0 0 0 1 0 0 0 1 0 0 0 0 0 0 0 0 0 0 0 0 0 0 0 0 0 10 4 0 0 0 0 0 0 9 0 0 0 
51 392 0 0 0 0 0 1 0 0 0 0 0 0 0 0 0 0 0 0 0 0 52 0 0 0 0 0 0 0 0 0 0 0 0 0 0 0 2 0 0 0 0 1 0 0 0 0 0 0 0 0 0 0 0 0 0 0 1 0 0 22 0 1 0 0 0 0 0 0 1 0 0 0 0 0 0 0 1 20 0 0 0 0 0 0 1 2 1 0 0 0 0 0 0 0 2 0 0 0 0 0 1 0 1 0 0 0 0 0 0 0 0 0 0 0 0 0 0 0 0 7 9 0 2 0 0 0 0 0 0 0 0 0 0 0 0 0 0 0 0 0 0 0 0 0 0 0 0 0 0 2 0 0 1 0 11 0 0 0 0 0 0 0 0 0 0 0 0 0 0 0 1 0 0 0 0 0 0 0 0 0 0 0 0 0 0 0 0 0 0 1 0 0 2 0 0 0 0 0 0 207 4 0 0 0 0 0 0 0 1 0 1 0 0 0 0 0 0 0 1 0 0 0 0 0 0 0 1 0 0 0 0 0 0 0 0 0 0 0 0 0 8 3 0 0 6 0 0 0 4 0 0 0 
52 404 0 0 0 0 0 0 1 0 0 0 0 0 0 0 0 1 0 0 0 0 45 1 0 0 0 0 0 0 0 0 0 0 0 0 0 0 1 0 0 0 1 1 0 0 0 0 0 0 0 0 0 0 0 1 0 0 0 0 0 13 0 0 2 0 0 0 0 0 0 0 0 0 2 0 0 1 0 16 0 0 0 0 0 0 1 14 0 1 0 0 0 0 0 0 4 0 0 0 0 0 0 0 0 0 0 0 0 0 0 0 0 0 0 1 0 0 0 0 0 9 8 1 1 0 0 0 0 0 0 0 0 0 0 0 0 0 0 0 0 0 0 1 0 0 0 0 0 0 0 0 0 0 0 0 4 0 0 0 0 0 0 2 0 0 0 0 0 0 0 0 0 0 0 0 0 0 0 0 0 1 0 0 0 3 0 0 0 0 0 1 0 1 0 0 0 1 0 0 0 214 3 0 0 1 0 0 0 0 0 1 0 0 0 0 0 0 0 0 6 0 0 0 0 0 0 0 0 0 0 0 0 0 0 0 0 0 0 0 1 0 5 2 0 0 10 1 0 0 6 0 0 0 
53 328 0 0 0 1 0 0 1 0 0 0 0 0 0 0 0 0 0 3 0 0 24 0 0 0 0 2 0 0 0 0 0 0 0 0 0 1 0 0 0 0 0 6 0 0 0 0 0 1 0 0 0 0 0 0 0 0 0 0 0 2 0 2 0 0 0 0 0 0 0 0 0 0 0 0 0 0 1 23 0 0 0 1 0 0 0 14 0 0 0 0 0 0 0 1 3 0 0 0 0 0 0 0 0 0 0 0 0 0 0 0 0 0 0 0 0 0 0 0 0 12 6 0 4 0 0 0 0 0 0 0 0 0 0 1 0 0 0 0 0 0 9 0 0 0 0 0 0 0 2 0 1 0 0 0 3 0 0 0 0 0 0 2 1 0 0 0 0 0 0 0 3 0 0 0 0 0 0 0 0 0 0 0 0 0 0 0 0 0 0 0 0 0 0 0 0 0 0 0 0 136 0 0 0 0 0 0 0 0 0 2 0 0 0 0 0 0 0 0 21 0 0 0 0 0 0 0 1 0 0 0 0 0 0 0 0 0 0 0 1 0 3 3 0 0 7 0 0 0 17 0 0 0 
54 290 0 0 0 0 0 0 0 0 0 0 0 0 0 0 0 3 0 3 0 0 5 0 0 0 0 2 0 0 0 0 0 0 0 0 0 0 0 0 1 0 0 1 0 0 0 0 0 2 0 1 0 0 0 2 0 0 0 0 0 3 0 0 0 0 0 0 0 0 0 0 0 0 0 0 0 1 1 25 0 0 0 0 0 0 2 27 0 1 1 0 0 0 0 0 5 0 0 0 0 0 0 0 0 0 0 0 0 0 0 0 0 0 0 1 1 0 0 0 0 7 2 1 5 1 0 0 0 0 0 0 0 0 0 0 0 0 0 0 0 0 19 0 0 0 0 0 0 0 0 1 0 0 2 0 6 0 0 0 0 0 0 1 0 0 0 0 0 0 0 0 3 0 0 0 0 0 0 0 0 1 0 0 0 0 0 0 0 0 0 1 0 0 0 0 0 0 0 0 0 97 0 0 0 1 0 0 0 0 0 2 1 0 0 0 0 0 0 0 11 0 0 0 0 0 0 0 1 0 0 0 0 0 0 0 0 0 0 0 0 0 5 0 0 0 10 1 0 0 7 0 0 0 
55 563 0 1 0 1 0 0 0 0 0 0 0 0 0 0 0 1 0 2 0 0 16 0 0 0 0 0 0 0 0 0 0 0 2 0 0 0 0 0 0 0 1 9 0 0 0 0 0 15 0 0 0 0 0 6 1 0 0 0 1 0 2 3 0 0 1 0 0 0 0 0 0 0 0 0 0 1 5 43 0 2 0 0 0 0 3 45 0 8 0 0 0 0 2 3 11 0 0 0 0 0 0 0 0 1 0 0 1 0 0 1 0 1 0 2 0 0 0 0 0 10 1 0 18 0 0 0 0 0 0 0 0 0 0 1 0 0 0 0 0 0 22 1 1 0 0 0 0 0 1 0 0 0 0 0 4 0 0 0 1 1 0 1 0 0 0 0 0 0 0 0 12 0 0 0 2 0 0 0 0 0 1 0 1 1 0 0 0 0 0 2 1 0 0 0 0 0 4 0 2 154 0 0 0 8 0 0 0 0 0 15 3 0 0 0 0 0 0 0 11 0 0 1 0 0 0 0 4 0 1 0 0 0 0 0 0 0 0 0 1 0 7 5 0 0 27 7 0 1 18 0 0 0 
56 525 0 0 0 0 0 0 3 0 0 0 0 0 0 0 0 0 0 4 0 0 13 0 0 0 1 3 0 0 0 0 0 0 0 0 0 1 1 0 0 0 0 11 0 0 0 0 0 16 0 0 0 0 0 3 0 0 0 0 0 1 0 1 0 0 0 1 0 0 2 0 0 0 0 0 0 0 9 63 0 0 0 0 0 0 5 40 0 2 0 0 1 0 0 4 26 0 0 0 0 0 0 0 0 0 0 0 0 0 1 0 0 0 0 0 0 0 0 0 1 19 3 2 34 1 0 0 0 1 0 0 0 0 0 1 0 1 0 0 0 0 31 0 1 0 0 0 0 1 0 0 1 0 0 0 3 0 0 0 1 0 0 0 0 0 0 0 0 0 0 0 9 0 1 0 0 0 0 0 0 2 0 0 2 0 0 0 0 0 0 1 1 1 0 0 0 0 6 0 1 95 0 0 0 6 0 0 0 0 0 9 2 0 0 0 0 0 0 0 9 0 0 0 0 0 0 0 1 0 0 0 0 0 0 0 0 0 0 0 0 0 0 3 0 0 19 0 0 0 11 1 0 0 
57 549 0 2 0 1 0 0 3 0 0 0 0 1 0 0 0 0 0 5 0 0 17 0 0 0 0 2 0 1 0 0 0 0 3 0 0 0 0 0 2 0 0 7 0 0 0 0 0 21 0 0 0 0 0 6 1 1 0 0 0 2 1 2 0 0 0 0 0 0 5 0 0 0 0 0 0 2 7 52 0 1 0 0 0 1 0 35 0 9 0 0 0 0 1 1 22 0 0 0 0 0 0 0 0 0 0 0 1 0 0 0 0 1 0 0 0 0 0 0 2 20 0 1 52 0 0 0 0 0 1 0 0 0 0 3 0 0 0 0 0 0 27 2 0 0 0 0 1 1 0 0 3 0 0 0 8 0 0 1 2 0 0 0 0 0 0 0 0 1 0 0 13 0 0 0 0 0 0 0 0 6 0 0 1 2 0 0 0 0 0 3 1 2 0 0 0 6 5 0 1 66 0 0 0 10 0 0 0 0 0 10 1 0 0 0 0 0 0 0 3 0 0 0 0 0 0 0 3 1 0 0 0 0 0 0 0 0 0 0 0 0 3 5 0 0 21 3 0 2 15 0 0 0 
58 586 0 2 0 0 0 0 3 0 0 0 0 1 0 0 0 0 0 1 0 0 23 0 0 1 0 5 0 0 0 0 0 0 0 0 0 0 0 0 1 0 0 3 0 0 0 0 0 21 0 0 0 1 0 5 0 1 0 0 1 2 0 1 0 0 0 0 0 0 12 0 0 0 0 0 0 0 6 61 0 0 0 1 0 0 5 51 0 6 0 0 0 0 0 1 33 0 0 0 0 0 1 0 0 0 0 0 2 0 0 0 0 0 0 1 0 0 0 0 0 20 0 0 45 0 0 0 0 0 0 0 0 0 0 5 0 2 0 0 0 0 23 0 0 0 0 0 1 1 1 0 2 0 1 0 6 0 0 2 2 0 0 0 0 0 0 0 0 0 0 0 4 0 0 0 1 0 0 0 0 4 0 0 3 19 0 0 0 0 0 0 1 0 1 0 1 0 5 0 2 66 0 0 0 6 0 0 0 0 0 14 0 0 0 0 0 0 0 0 9 0 0 0 0 1 0 0 0 0 0 0 0 0 1 0 0 0 0 0 0 0 2 10 0 0 20 4 0 0 20 2 1 0 
59 605 0 1 1 1 0 0 2 0 0 0 0 0 0 0 0 0 0 0 0 2 32 0 0 0 0 1 0 1 0 0 0 0 3 0 0 0 0 0 1 0 0 13 0 0 3 0 0 20 0 1 0 0 0 5 1 0 0 0 2 16 0 1 0 0 1 0 0 0 4 0 0 0 0 0 0 0 6 65 0 0 0 0 0 0 3 48 1 5 0 0 0 0 2 2 16 0 0 0 0 0 1 0 1 0 1 0 0 0 0 0 0 0 0 1 0 0 0 0 0 29 2 0 44 0 0 0 0 0 0 0 0 0 0 2 0 1 0 0 0 0 17 1 0 0 0 0 2 1 2 0 1 0 1 0 8 0 0 0 1 0 0 0 1 1 0 0 0 0 0 0 5 0 0 0 0 0 0 0 0 0 0 0 1 24 0 0 0 0 0 2 2 0 0 0 0 1 3 0 1 67 0 0 0 2 0 0 0 0 1 27 2 0 0 0 0 1 0 0 6 0 0 0 0 0 0 0 5 0 1 0 0 0 0 0 0 0 0 0 1 0 0 2 0 0 14 2 0 2 24 1 1 0 
60 721 0 0 0 0 0 0 2 0 0 1 0 2 0 0 0 1 0 1 0 0 44 0 0 0 0 2 0 1 0 1 0 0 0 0 0 0 0 0 0 0 0 3 0 0 0 0 0 26 0 0 0 0 0 8 1 0 0 0 1 36 0 1 0 0 1 0 0 0 8 0 0 0 2 0 0 0 4 75 0 3 0 1 0 0 3 53 0 2 0 0 0 0 0 5 24 0 0 0 0 0 3 0 0 0 1 0 1 0 0 0 0 0 1 0 0 0 0 0 0 40 1 1 37 1 0 0 0 0 0 0 0 0 0 2 0 0 0 0 0 0 34 1 1 0 0 0 2 1 1 1 4 0 0 0 4 0 0 0 0 1 0 1 0 0 0 0 0 0 0 0 5 0 0 0 0 1 1 0 0 3 0 0 2 17 0 0 0 0 0 0 1 1 5 0 0 0 6 0 1 109 1 0 0 2 0 0 0 0 1 24 1 0 1 0 0 0 0 0 6 0 0 0 0 0 0 0 0 0 0 0 0 0 0 0 0 0 1 0 1 0 3 2 0 0 21 1 0 3 25 0 0 0 
61 722 0 0 0 0 0 1 3 0 0 0 0 0 0 0 0 3 0 0 0 0 53 0 0 0 0 1 0 0 1 0 0 0 0 0 0 0 0 0 1 0 2 1 1 0 0 0 0 22 0 0 0 1 0 7 0 0 1 0 0 51 0 0 0 0 1 0 0 0 2 0 0 0 1 0 0 1 4 77 0 0 0 1 0 0 1 33 0 8 1 0 0 0 0 2 13 0 0 0 0 0 1 0 0 1 0 0 0 0 2 0 0 0 0 3 0 0 0 0 2 33 3 0 25 0 0 0 0 2 0 0 0 0 0 1 0 0 0 0 0 0 30 0 1 0 0 0 1 1 0 1 2 0 4 0 3 0 0 0 0 0 0 1 1 1 0 1 0 0 0 0 4 0 0 0 0 0 0 0 0 1 0 0 2 16 0 0 0 1 0 2 0 0 7 0 0 0 4 0 1 156 0 0 0 4 0 0 0 1 1 21 0 0 0 0 0 0 0 0 2 0 0 0 0 0 0 0 3 0 1 0 0 0 0 0 0 1 0 0 1 0 3 2 0 0 20 3 0 2 23 1 1 1 
62 799 0 0 0 0 1 0 1 0 0 1 0 0 0 0 0 2 0 2 0 0 60 0 0 0 0 1 0 0 0 0 0 0 3 0 0 2 0 0 1 0 1 4 0 0 0 2 0 28 0 0 0 0 0 7 1 0 0 0 2 58 0 2 1 0 1 0 0 0 3 0 0 0 1 0 0 1 5 80 0 2 0 0 0 0 4 31 0 5 0 0 0 0 0 2 12 0 1 0 0 0 0 0 0 0 0 0 0 0 0 0 0 0 0 0 0 0 0 0 1 47 7 1 22 1 0 0 0 0 0 0 0 0 0 1 0 1 0 0 0 0 23 0 0 0 0 0 1 3 0 2 1 0 0 0 8 0 0 0 1 1 0 2 2 0 0 0 1 0 0 0 5 0 0 0 0 0 0 0 0 0 1 0 2 17 0 0 0 0 0 2 1 0 17 0 0 0 5 0 0 200 3 0 0 2 1 0 0 0 0 16 0 0 0 0 0 0 0 0 2 0 0 0 0 0 0 0 1 0 0 0 0 0 1 1 0 0 0 0 1 0 5 4 0 0 18 2 0 1 15 0 1 1 
63 758 0 0 0 0 0 1 2 0 0 0 0 0 0 0 0 4 0 3 0 0 48 1 0 1 0 1 0 2 0 0 0 0 0 0 0 0 0 0 2 0 0 0 0 0 1 0 0 22 0 0 1 0 0 9 1 0 0 0 1 43 0 0 0 0 2 0 0 0 4 0 0 0 0 0 0 2 5 40 0 0 0 2 0 0 5 37 0 3 0 0 0 0 1 4 10 0 0 0 2 0 0 0 0 0 0 0 1 0 2 0 0 0 1 2 0 0 0 0 1 34 10 2 35 0 0 0 0 0 0 0 0 0 0 4 0 0 0 0 0 0 18 0 2 0 0 0 1 0 1 4 1 2 1 0 10 1 0 1 0 1 0 1 1 0 0 0 1 0 0 0 5 0 0 0 0 0 0 0 0 0 0 0 1 14 0 0 0 0 0 4 2 0 5 0 0 0 3 0 1 245 0 0 0 0 0 0 0 0 0 15 0 0 1 0 0 1 0 0 4 0 0 0 0 1 0 0 3 0 1 0 0 0 0 0 0 0 2 0 1 0 6 3 0 0 10 2 0 0 18 0 1 0 
64 583 0 0 0 0 0 0 1 0 0 0 0 0 0 0 0 3 0 2 0 0 36 0 0 0 0 1 0 1 0 0 0 0 0 0 0 0 0 0 0 0 0 0 0 0 0 0 0 25 0 0 0 0 0 0 0 0 0 0 0 15 0 0 0 0 1 0 0 0 3 0 0 0 0 0 0 0 1 22 0 0 0 1 0 0 4 36 0 11 1 0 0 0 0 1 9 0 0 0 0 0 6 0 0 0 0 0 0 0 0 0 0 0 0 0 0 0 0 0 0 15 6 0 26 0 0 0 0 0 0 0 0 0 0 3 0 0 0 0 0 0 19 0 0 0 0 0 0 1 2 4 1 1 4 0 9 0 0 0 1 0 0 1 0 0 0 0 3 0 0 0 2 0 0 0 0 0 0 0 0 0 0 0 1 8 0 0 0 0 0 0 1 1 1 0 0 0 3 0 0 208 1 0 0 0 0 0 0 0 0 25 0 0 0 0 0 0 0 0 0 0 0 0 0 0 0 0 4 0 1 0 0 0 0 0 0 0 0 0 2 0 4 0 0 0 15 2 0 1 10 0 0 0 
65 796 0 1 2 0 0 0 2 0 0 0 1 0 0 0 0 0 0 1 0 0 51 1 0 0 0 2 0 0 0 0 0 0 0 0 0 0 0 0 0 0 0 1 0 0 0 0 0 25 0 2 0 0 0 1 3 0 0 0 0 45 0 3 0 0 0 0 0 0 5 0 0 0 0 0 0 3 2 16 0 0 0 0 0 0 5 38 1 2 0 0 0 0 0 5 13 0 0 0 0 0 4 0 0 0 0 0 0 0 1 0 0 0 0 1 0 0 0 0 0 28 9 0 28 0 0 0 0 0 0 0 0 0 1 3 0 0 0 0 0 0 11 0 0 0 0 0 1 1 0 4 1 0 4 0 13 0 0 0 1 0 0 2 0 0 0 0 0 1 0 0 6 0 0 0 0 0 0 0 0 2 1 0 1 9 0 0 0 0 0 0 0 1 7 0 0 0 5 0 0 311 1 0 0 7 0 0 0 0 0 30 0 0 0 0 0 0 0 0 0 0 2 0 0 0 0 0 6 0 1 0 0 0 0 0 0 0 1 0 1 0 6 2 0 0 17 4 0 1 6 0 0 0 
66 725 0 1 0 0 1 0 1 0 0 0 0 0 0 0 0 2 0 2 0 0 50 1 0 0 0 1 0 0 0 0 0 0 0 0 0 0 0 0 0 0 0 1 0 0 0 0 0 23 0 0 0 0 0 2 0 0 0 0 0 40 1 0 0 0 5 0 0 0 6 0 0 0 0 0 0 1 5 16 0 0 0 1 0 0 4 34 1 3 0 0 0 0 1 6 15 0 0 0 0 0 1 0 0 0 0 0 1 0 0 0 0 0 3 1 0 0 0 3 1 7 8 0 30 1 0 0 0 1 0 0 0 0 0 4 1 0 0 0 0 0 13 0 0 0 0 0 3 1 2 3 0 1 1 0 12 1 0 0 2 0 0 3 1 0 0 0 0 0 0 0 5 0 0 0 0 0 0 0 0 1 0 0 2 20 0 0 0 1 0 0 1 0 7 0 0 0 4 0 0 274 0 0 0 3 1 0 0 0 0 25 1 0 0 1 0 0 0 0 1 0 0 0 0 0 0 0 4 0 0 0 0 0 0 0 0 0 0 0 1 1 11 0 0 0 13 2 0 2 1 1 0 0 
67 827 0 0 0 0 0 1 1 0 0 0 0 0 0 0 0 0 0 1 0 0 62 0 0 2 0 3 0 1 0 0 0 0 0 0 0 0 1 0 0 0 0 0 0 0 0 0 0 19 0 0 0 0 0 6 0 0 0 0 0 29 1 0 0 0 1 0 0 0 6 0 0 0 0 0 0 1 7 15 0 3 0 1 0 0 5 51 0 5 0 0 0 1 1 2 24 0 0 0 0 0 3 0 0 0 0 0 0 0 1 0 0 0 0 0 0 0 0 0 0 5 12 0 47 0 0 0 0 1 0 0 0 0 0 3 2 0 0 0 0 0 18 0 0 0 0 0 0 1 0 1 2 0 5 0 10 0 0 0 2 1 0 5 0 0 0 1 0 0 0 0 3 0 0 0 0 0 0 0 0 0 0 0 1 22 0 0 0 0 0 0 2 2 4 0 0 1 2 0 1 313 0 0 0 1 1 0 0 0 1 28 0 0 0 0 0 0 0 0 1 0 0 0 0 0 0 0 5 0 2 0 0 0 0 0 0 0 0 0 1 0 8 2 0 0 8 6 2 6 3 1 1 0 
68 842 0 0 0 0 0 0 5 0 0 0 1 0 0 0 0 0 0 2 0 0 81 0 0 0 0 1 1 1 0 2 0 0 0 0 0 0 0 0 0 0 0 0 0 0 0 0 0 28 0 0 0 0 0 3 0 0 0 0 0 41 0 0 0 0 2 1 0 0 8 0 0 1 1 0 0 5 6 7 0 0 0 1 0 0 9 46 1 4 0 0 0 0 0 2 25 0 0 0 0 0 5 0 0 0 1 0 0 0 0 0 0 0 0 1 0 0 0 0 0 4 8 0 58 0 0 0 0 0 0 0 0 0 1 2 0 0 0 0 0 0 21 0 0 0 0 0 6 4 0 1 2 0 1 0 14 0 0 0 2 1 0 8 0 0 0 1 0 0 0 0 1 0 0 0 0 0 0 0 0 0 0 0 1 21 0 0 0 0 0 0 0 2 3 0 0 0 2 0 2 298 3 0 0 0 2 0 0 0 0 16 0 0 0 0 0 0 0 0 2 0 1 0 0 0 0 0 13 0 3 0 0 0 0 0 0 0 0 0 0 0 6 1 0 0 3 1 0 2 0 0 3 0 
69 733 0 0 0 0 0 2 5 0 0 0 1 1 0 0 0 2 0 1 0 0 59 1 0 0 0 0 0 0 0 0 0 0 0 1 0 0 1 0 0 0 2 2 0 0 0 0 0 25 0 1 0 0 0 3 0 0 0 0 0 26 0 0 0 0 2 0 0 0 10 0 0 0 0 0 0 2 1 6 0 1 0 0 0 0 6 27 0 7 0 0 0 0 0 3 18 0 0 0 0 0 2 0 0 0 0 0 0 0 2 0 0 0 0 1 0 0 0 0 0 0 20 1 40 0 0 0 0 1 0 0 0 0 0 4 1 0 0 0 1 0 24 0 0 0 0 0 1 0 0 0 1 1 5 0 15 0 0 0 0 0 0 4 1 0 0 1 0 0 0 0 1 0 0 0 0 0 0 0 0 0 0 0 2 22 0 0 0 0 0 0 1 0 5 0 0 1 4 0 1 286 3 0 0 7 0 0 0 0 0 16 0 0 0 0 0 0 0 0 0 0 1 0 2 2 0 0 1 0 0 0 0 0 0 1 0 0 0 0 0 0 9 2 0 0 3 1 1 1 1 0 0 0 
70 805 0 0 0 0 0 0 2 0 0 0 0 2 0 0 0 3 0 1 0 0 99 0 0 0 0 5 0 0 0 0 0 0 0 0 0 0 0 0 0 0 2 0 0 0 1 0 0 31 0 0 0 0 0 6 0 0 0 0 0 44 0 1 0 0 2 0 0 0 5 0 0 1 0 0 0 1 4 12 0 1 0 1 0 0 3 17 0 3 0 0 0 0 0 1 16 0 0 0 0 0 2 0 0 0 0 0 0 0 2 0 0 0 0 2 0 0 0 0 1 7 13 0 49 0 0 0 0 0 0 0 0 0 0 4 0 0 0 0 0 0 22 0 0 0 0 0 3 1 0 4 1 0 0 0 9 0 0 0 0 0 0 5 1 0 0 0 0 0 0 0 4 0 0 0 0 0 0 0 0 0 0 0 2 12 0 0 0 0 0 0 1 0 3 0 0 0 3 0 0 337 0 0 0 3 1 0 0 1 0 8 0 0 0 0 0 0 0 0 0 0 0 0 1 0 0 0 2 0 0 0 0 0 0 0 0 0 0 0 0 0 6 4 0 0 2 0 0 2 4 0 0 0 
71 846 0 0 0 0 0 0 3 0 0 0 0 1 0 0 0 4 0 0 0 0 69 1 0 0 0 1 0 1 0 0 0 0 0 0 0 0 0 0 0 0 5 1 0 0 0 0 0 18 0 0 0 0 0 3 0 0 0 0 0 93 0 0 0 0 2 0 0 0 8 0 0 1 0 0 0 2 1 20 0 2 0 0 0 0 7 15 3 2 0 0 0 0 0 3 13 0 0 0 0 0 1 0 1 0 1 0 0 0 0 0 0 0 0 3 0 0 0 0 0 2 16 0 26 1 0 0 0 0 0 1 0 0 1 2 0 0 0 0 0 0 4 1 0 0 0 0 2 1 0 6 2 0 3 0 32 0 0 0 1 1 0 4 2 0 0 0 0 0 0 0 0 0 0 0 0 0 0 0 0 1 0 0 2 10 0 0 0 0 0 1 0 0 3 0 0 0 2 0 1 372 3 0 0 0 1 0 0 0 0 7 0 0 0 0 0 0 0 0 1 0 1 0 0 0 0 0 1 0 1 1 0 0 0 0 0 0 0 0 1 0 13 3 0 0 1 0 0 0 7 0 0 2 
72 770 0 0 0 0 0 1 0 0 0 0 0 0 0 0 0 0 0 0 0 0 74 2 0 0 0 0 0 0 0 0 0 0 0 0 0 2 1 0 0 0 0 2 0 0 0 0 0 9 0 0 0 0 0 3 0 1 0 0 0 77 0 0 0 0 1 1 0 0 11 0 0 0 1 1 0 2 1 30 0 0 0 0 0 0 2 7 1 2 0 0 0 0 0 0 2 0 0 0 0 0 0 0 0 0 0 0 0 0 1 0 0 0 0 0 0 0 0 0 0 8 12 0 24 0 0 0 0 0 0 0 0 0 0 0 0 0 0 0 0 0 6 0 0 0 0 0 0 1 2 6 0 1 6 0 18 0 0 0 0 0 0 3 0 0 0 0 0 0 0 0 0 0 0 0 0 0 0 0 0 3 0 0 0 10 0 0 0 0 0 0 0 1 4 0 0 0 4 0 1 349 3 0 0 2 0 0 0 0 2 3 0 0 0 0 0 0 0 0 2 0 0 0 0 0 0 1 1 0 0 1 0 0 0 0 0 0 0 0 2 0 18 4 1 0 2 0 0 2 6 0 0 0 
73 757 0 0 0 0 0 0 0 0 0 0 0 0 0 0 0 1 0 1 0 0 65 4 0 0 0 2 0 0 0 0 0 0 0 0 0 0 0 0 0 0 1 0 0 0 1 0 0 6 0 0 0 0 0 3 0 0 0 0 0 88 0 0 0 0 3 0 0 0 4 0 0 0 0 0 0 0 0 31 0 1 0 0 0 0 2 1 2 5 0 0 0 0 0 3 0 0 0 0 0 0 0 0 0 0 1 0 0 0 0 0 0 0 1 1 0 0 0 0 0 10 18 0 10 0 0 0 0 1 0 0 0 0 0 0 0 0 0 0 0 0 1 0 0 0 0 0 1 0 0 3 1 0 1 0 18 0 0 0 0 0 0 5 1 0 0 0 0 0 0 0 0 0 0 0 0 0 0 0 0 0 0 0 0 14 0 0 0 0 0 0 0 0 1 0 0 0 4 0 0 362 4 0 0 1 1 0 0 0 0 6 2 0 0 0 0 0 0 0 1 0 0 0 0 1 0 0 2 0 0 0 0 0 0 0 0 0 1 0 2 0 13 5 0 0 3 0 0 2 11 0 0 1 
74 756 1 2 0 0 0 2 0 0 0 0 0 0 0 0 0 3 0 0 0 0 77 1 0 0 0 1 0 0 0 0 0 0 0 0 0 0 0 0 0 0 1 5 0 0 0 0 0 3 0 0 0 1 0 0 0 0 0 0 0 33 0 0 0 0 3 0 0 0 2 0 0 0 0 0 0 1 2 46 0 0 0 0 0 0 1 4 0 0 1 0 0 0 0 0 3 0 0 0 0 0 0 0 0 0 0 0 0 0 0 0 0 0 0 0 0 0 0 0 0 12 21 0 6 0 0 0 0 0 0 0 0 0 1 0 0 0 0 0 0 0 5 2 1 0 0 0 0 3 0 3 0 0 6 0 11 0 0 0 0 0 0 3 2 0 0 0 0 0 0 0 0 0 0 0 0 0 0 0 0 0 0 0 0 9 0 0 0 1 0 0 0 0 2 0 0 0 1 0 0 398 2 0 0 0 1 0 0 0 0 2 1 0 0 0 0 0 0 0 1 0 0 0 0 0 0 0 3 0 1 0 0 0 0 0 0 0 0 0 1 0 15 6 0 0 10 0 0 2 8 0 2 0 
75 735 0 0 0 0 0 0 0 0 0 0 0 1 0 0 0 0 0 0 0 0 53 0 0 0 1 2 0 0 0 0 0 0 0 0 0 0 0 0 0 0 1 6 0 0 0 0 0 6 0 0 0 0 0 0 0 0 0 0 0 21 0 1 0 0 5 0 0 0 1 0 0 0 0 0 0 2 2 52 0 0 0 0 0 0 2 5 0 2 0 0 0 0 0 2 4 0 0 0 0 0 0 0 0 0 0 0 0 0 0 0 0 1 1 0 0 0 0 0 0 16 20 0 3 0 0 0 0 0 0 0 0 0 0 0 0 0 0 0 0 0 4 0 0 0 0 0 0 0 0 3 1 0 8 0 11 0 0 0 0 0 0 11 0 0 0 1 0 0 0 0 2 0 0 0 0 0 0 0 0 0 0 0 1 3 0 0 0 0 0 1 0 0 5 0 0 0 2 0 0 388 1 0 0 0 0 0 0 0 1 3 1 0 0 0 0 0 0 0 2 0 0 0 1 0 0 0 0 0 2 0 0 0 0 0 0 0 0 0 2 0 13 4 0 0 10 5 0 0 15 0 0 0 
76 694 0 2 0 0 0 0 0 0 0 0 0 0 0 0 0 3 0 1 0 0 70 2 0 0 0 4 0 0 0 0 0 0 0 0 0 0 1 0 0 0 0 11 0 0 0 0 0 4 0 0 0 0 0 0 0 0 0 0 0 10 0 2 0 0 5 0 0 0 2 0 0 0 1 0 0 6 3 56 0 1 0 0 0 0 0 6 2 1 0 0 0 0 0 1 2 0 0 0 0 0 0 0 0 0 0 0 0 0 0 1 0 0 0 0 0 0 0 0 0 19 6 0 9 0 0 0 0 0 0 0 0 0 0 2 0 0 0 1 0 0 0 1 0 0 0 0 0 0 0 4 2 0 7 0 17 0 0 0 1 0 0 7 3 0 0 0 0 0 0 0 1 0 0 0 0 0 0 0 0 2 0 0 10 0 0 0 0 2 0 1 0 0 0 0 0 0 2 0 0 322 0 0 0 0 1 0 0 0 1 0 2 0 0 0 0 0 0 0 6 0 0 0 0 0 0 0 0 0 2 0 0 0 0 0 0 0 0 0 1 0 10 5 0 0 8 5 0 0 12 0 0 0 
77 670 0 2 0 0 0 0 0 0 0 0 0 0 0 0 0 2 0 0 0 0 39 0 0 0 0 4 0 0 0 0 0 0 0 0 0 0 2 0 0 0 1 3 0 0 0 0 0 2 0 0 0 0 0 2 0 0 0 0 0 9 0 2 0 0 1 0 0 0 3 0 0 0 0 0 0 1 6 48 0 0 0 1 0 0 1 23 1 1 0 0 0 0 0 1 9 0 0 0 0 0 0 0 2 1 0 0 0 0 1 0 0 1 1 2 0 0 0 0 1 27 7 1 6 0 0 0 0 0 0 0 0 0 0 1 0 0 0 0 2 0 3 2 0 0 0 0 0 0 0 5 1 0 1 0 17 0 0 0 0 0 0 3 0 0 0 1 0 0 0 0 2 0 0 0 0 0 0 0 0 1 0 0 5 5 0 0 0 0 0 2 0 1 1 0 0 0 1 0 0 291 1 0 0 1 0 0 0 0 0 4 0 0 0 0 0 0 0 0 10 0 0 2 1 0 0 0 4 0 0 0 0 0 0 1 1 0 0 0 0 0 11 9 1 0 16 2 0 0 18 0 0 1 
78 637 1 0 0 0 0 0 1 0 0 0 0 1 0 0 0 1 0 1 0 0 20 1 0 0 0 5 0 0 0 1 0 0 0 0 0 0 1 0 0 0 0 0 0 0 0 0 0 8 0 0 0 0 0 0 1 1 0 0 0 4 0 2 0 0 1 0 0 0 0 0 0 1 0 0 0 0 5 50 0 1 0 0 0 0 4 51 1 2 0 0 0 0 0 1 13 0 0 0 0 0 1 0 0 0 0 0 0 0 0 2 0 0 0 0 0 0 0 0 0 27 12 2 9 0 0 0 0 2 0 0 0 0 2 3 0 1 0 0 0 0 19 1 0 0 0 0 1 0 0 2 2 2 1 0 5 0 0 1 0 0 0 3 0 0 0 0 0 0 0 0 2 0 0 0 0 0 0 0 0 0 1 0 4 3 0 0 0 0 0 2 1 1 0 0 0 0 1 0 3 223 0 0 0 6 0 0 0 0 0 10 1 0 0 0 0 0 0 0 10 0 0 0 0 0 0 0 3 0 1 0 0 0 0 0 0 0 0 0 1 0 8 7 0 0 14 5 0 0 26 0 0 0 
79 598 1 0 0 0 0 0 0 0 0 0 0 1 0 0 0 0 0 1 0 0 19 0 0 0 0 4 0 0 0 0 0 0 2 0 0 0 0 0 0 0 0 3 0 0 0 0 0 12 0 0 0 1 0 3 0 1 0 0 0 6 0 1 0 0 2 0 0 0 1 0 0 0 0 0 0 2 6 59 0 1 0 1 0 0 3 44 0 3 0 0 0 0 1 1 11 0 0 0 0 0 1 0 0 0 0 0 0 0 0 0 0 0 0 0 0 0 0 0 1 25 7 7 36 0 0 0 0 0 0 0 0 0 0 0 0 0 0 0 0 0 27 1 1 0 0 0 2 2 0 2 2 1 0 0 11 0 0 0 1 0 0 1 0 0 0 0 0 0 0 0 5 0 0 0 0 0 0 0 1 6 0 0 1 0 0 0 0 0 0 0 1 1 0 0 0 1 0 0 1 165 0 0 0 0 0 0 0 0 0 10 0 0 0 0 0 0 0 0 10 0 0 0 0 0 0 0 5 0 1 0 0 0 1 0 0 0 0 0 0 0 8 1 0 0 15 2 0 0 18 0 1 0 
80 586 1 0 0 0 0 0 1 0 0 2 0 0 0 0 0 1 0 0 0 0 16 0 0 0 0 3 0 0 0 1 0 0 9 0 0 0 0 0 1 0 1 2 0 0 0 2 0 14 0 0 0 0 0 5 0 1 0 0 0 2 0 0 0 0 0 0 0 0 2 0 0 1 0 0 0 1 6 36 0 1 0 1 0 0 4 68 0 4 0 0 0 0 0 2 20 0 0 0 0 0 0 0 0 0 0 0 1 0 0 1 0 2 1 0 0 0 0 0 0 14 4 0 41 0 0 0 0 0 0 0 0 0 0 3 0 0 0 0 1 0 28 3 0 0 0 0 2 1 1 0 3 1 1 0 2 0 0 0 0 0 0 3 1 0 0 0 0 0 0 0 4 0 0 0 0 0 0 0 0 4 0 0 0 2 0 0 0 0 0 0 1 0 1 0 0 0 6 0 0 118 1 0 0 6 0 0 0 0 0 17 0 0 0 0 0 0 0 0 9 0 0 1 0 0 0 0 4 0 0 0 0 0 0 0 1 0 0 0 3 0 4 7 0 0 24 5 0 0 16 2 0 0 
81 564 0 2 0 0 0 0 0 0 0 0 1 1 0 0 0 0 0 3 0 0 14 0 0 0 0 1 1 0 0 0 0 0 5 0 0 0 0 0 1 0 0 3 0 0 0 0 0 15 0 0 0 0 0 8 1 0 0 0 0 1 0 2 0 0 0 0 0 0 3 0 0 0 0 0 0 0 6 70 0 1 0 1 0 0 3 49 0 5 0 0 0 0 0 1 24 0 0 0 0 0 4 0 0 0 1 0 0 0 0 0 0 0 0 0 0 0 0 1 3 14 3 0 56 0 0 0 0 0 0 0 0 0 0 2 0 2 0 0 0 0 18 0 0 0 0 0 2 0 3 1 1 0 0 0 5 0 0 0 0 0 0 1 0 0 0 0 0 0 0 0 5 0 0 0 0 0 0 0 0 3 0 0 1 4 0 0 0 1 0 2 2 1 0 0 0 0 4 0 0 62 0 0 0 2 0 0 0 2 0 18 1 0 0 0 0 0 0 0 9 0 0 0 0 0 0 0 5 0 0 0 0 0 0 0 0 0 0 0 0 0 7 5 0 0 21 11 0 1 23 0 0 0 
82 600 0 0 4 0 0 0 5 0 0 0 0 0 0 0 0 0 0 2 0 0 28 0 0 0 0 0 0 0 0 0 0 0 0 0 0 0 0 0 1 0 1 2 0 0 0 0 0 21 1 0 0 0 0 6 1 0 0 0 0 2 0 0 0 0 2 0 0 0 3 0 0 0 0 0 0 2 3 75 0 1 0 1 0 0 2 49 1 4 0 0 0 0 0 3 20 0 0 0 0 0 1 0 0 1 1 2 0 0 0 0 0 0 0 0 0 0 0 0 0 27 0 1 41 0 0 0 0 1 0 0 0 0 0 2 0 2 0 0 0 0 22 0 0 0 0 0 2 0 3 2 3 4 0 0 4 1 0 0 1 0 0 0 1 0 0 0 0 0 0 0 2 0 0 0 0 0 0 0 0 2 1 0 0 11 0 0 0 0 0 3 5 1 1 0 0 0 2 0 2 79 0 0 0 3 1 1 0 0 0 33 0 0 0 0 0 0 0 0 6 0 0 0 0 0 0 0 3 0 0 0 0 0 1 0 0 0 0 0 0 0 1 9 3 0 18 4 0 3 20 1 0 0 
83 600 0 1 0 0 0 0 1 0 0 0 0 0 0 0 0 0 0 0 0 0 25 0 0 0 0 6 0 1 0 0 0 0 0 0 0 0 0 0 0 0 1 5 0 1 0 0 0 17 0 0 0 0 0 8 0 1 0 0 1 18 1 1 0 0 0 1 0 0 8 0 0 0 0 0 0 1 6 92 0 1 0 1 0 0 6 42 0 8 0 0 0 1 0 4 23 0 1 0 0 0 1 0 0 1 0 0 0 0 2 1 1 0 0 1 0 0 0 0 0 23 1 1 48 0 0 0 0 0 0 0 0 0 0 5 0 1 0 0 0 0 19 0 2 0 0 0 0 0 1 3 2 0 0 0 7 0 0 0 1 1 0 0 0 0 1 1 0 0 0 0 3 0 0 0 0 0 0 0 0 1 0 0 4 2 0 0 0 2 0 5 2 0 1 0 0 1 5 0 0 60 0 0 0 3 0 0 0 0 0 23 1 0 0 0 0 0 0 0 7 0 0 0 0 0 0 0 3 0 0 0 0 0 0 0 1 0 0 0 1 0 1 6 1 0 24 2 0 1 8 2 2 0 
84 560 0 0 0 0 0 0 4 0 0 0 1 0 0 0 0 0 0 0 0 0 39 0 0 0 0 4 1 1 0 1 0 1 3 0 0 1 0 0 0 0 0 1 0 0 0 0 0 21 0 0 0 0 0 10 0 1 0 0 0 24 0 1 0 0 0 0 0 0 7 0 0 0 1 0 0 2 4 77 0 1 0 0 0 0 3 37 0 9 0 0 0 0 1 2 8 0 0 0 0 0 0 0 0 0 0 0 0 0 0 0 0 0 0 0 0 0 0 0 0 28 0 0 34 0 0 0 0 0 0 0 0 0 0 5 0 1 0 0 0 0 21 0 0 0 0 0 2 0 0 0 0 1 1 0 8 0 1 0 1 2 0 0 0 0 0 0 0 0 0 0 4 0 0 0 0 0 0 0 0 0 0 0 0 3 0 0 0 0 0 1 1 1 0 0 0 0 0 0 0 74 0 0 0 5 1 0 0 2 0 15 1 0 0 0 0 0 0 0 8 0 0 0 1 1 0 1 2 0 0 0 0 0 0 1 0 0 0 0 0 0 4 7 0 0 14 3 0 1 17 1 0 0 
85 740 0 0 0 0 0 0 3 0 0 0 0 0 0 0 0 0 0 2 0 0 42 0 0 0 0 0 0 1 0 1 0 0 0 0 0 0 1 0 0 0 0 5 0 0 1 0 0 31 0 0 0 0 0 3 0 0 1 0 0 18 2 0 0 0 5 0 0 0 2 0 0 1 0 0 0 0 5 81 0 0 0 3 0 0 6 41 1 2 0 0 0 0 0 2 14 0 0 0 0 0 0 0 1 0 0 0 0 0 0 0 0 3 0 0 0 0 0 0 0 37 2 1 47 0 0 0 0 1 0 0 0 0 0 2 1 0 0 0 0 0 15 0 1 0 0 0 1 1 3 3 0 0 1 0 3 0 0 2 3 1 0 0 0 0 0 0 0 0 0 0 4 0 0 0 0 0 0 0 0 1 0 0 0 16 0 0 0 0 0 1 2 1 6 0 0 0 5 0 0 133 0 0 0 5 0 0 0 0 1 31 0 0 0 0 0 0 0 0 2 0 0 0 0 0 0 0 9 0 1 0 0 0 0 0 0 1 0 0 0 0 30 5 0 0 25 8 0 5 23 1 1 0 
86 802 0 0 0 0 0 0 0 0 0 0 0 0 0 0 0 1 0 0 0 0 52 1 0 1 0 1 0 0 0 0 0 0 0 1 0 0 1 0 0 0 0 1 0 0 0 0 0 34 0 0 0 0 0 5 1 0 0 0 0 37 0 1 0 0 2 0 0 0 5 1 0 0 0 0 0 0 7 76 0 1 0 2 0 0 9 48 1 5 0 0 0 0 1 2 7 0 0 0 0 0 1 0 0 0 0 0 0 0 0 0 0 0 0 2 0 0 0 0 0 36 9 1 44 0 0 0 0 0 0 0 0 0 1 6 0 0 0 0 0 0 23 0 0 0 0 0 2 1 2 3 2 1 3 0 11 0 0 0 0 0 0 1 0 0 0 0 0 0 0 0 5 0 0 0 0 0 0 0 0 1 0 0 0 7 0 0 0 0 0 3 1 1 4 0 0 0 2 0 1 194 0 0 0 2 0 0 0 0 1 29 1 0 0 0 0 0 0 0 2 0 0 0 0 0 0 1 5 0 1 0 0 0 0 0 0 0 0 0 0 0 12 2 0 0 22 4 0 3 26 1 0 0 
87 575 1 2 0 0 0 0 0 0 0 0 0 0 0 0 0 1 0 0 0 0 39 2 0 1 0 0 0 1 0 1 0 0 0 0 0 0 0 0 0 0 2 1 0 0 0 0 0 35 0 0 0 0 0 4 1 0 0 0 0 26 0 0 0 0 0 0 0 0 4 0 0 0 0 0 0 0 9 31 0 0 0 0 0 0 5 40 0 6 0 0 0 0 0 1 6 0 0 0 0 0 1 0 0 0 0 1 0 0 0 0 0 1 0 0 0 0 0 0 0 23 7 1 17 0 0 0 0 1 0 0 0 0 0 3 0 0 0 0 0 0 10 0 0 0 0 0 1 0 1 2 1 1 1 0 7 0 0 0 0 0 0 1 2 0 0 0 1 0 0 0 0 0 0 0 0 0 0 0 0 0 0 0 1 8 0 0 0 0 0 1 0 0 0 0 0 0 1 0 0 143 1 0 0 1 0 0 0 0 1 14 0 0 0 0 0 0 0 0 4 0 0 0 0 0 0 0 4 0 3 0 0 0 0 0 0 1 0 0 0 0 39 0 0 0 14 1 0 2 20 0 0 0 
88 538 0 0 0 0 0 0 3 0 0 0 0 1 0 0 0 2 0 0 0 0 42 1 0 0 0 2 0 0 0 0 0 1 0 0 0 0 0 0 0 0 0 0 0 0 0 0 0 7 0 0 0 0 0 7 0 0 0 0 0 29 0 0 0 0 2 0 0 0 1 0 0 0 0 0 0 0 1 26 0 0 0 1 0 0 3 61 0 4 0 0 0 0 0 0 9 0 2 0 0 0 2 0 0 0 0 0 0 0 1 1 0 0 0 0 0 0 0 0 0 10 6 0 25 0 0 0 0 0 0 0 0 0 0 1 0 0 0 0 0 0 6 0 0 0 0 0 1 0 2 2 0 0 3 0 8 0 0 0 0 0 0 0 1 0 0 0 0 0 0 0 3 0 0 0 0 0 0 0 0 1 0 0 0 8 0 0 0 0 0 0 0 0 1 0 0 0 0 0 0 175 2 0 0 2 0 0 0 0 0 18 0 0 0 0 0 0 0 0 1 0 0 0 0 1 0 0 4 0 2 0 0 0 0 0 0 0 0 0 2 0 5 0 0 0 13 2 0 1 8 0 0 0 
89 856 0 0 1 0 0 0 3 0 0 0 0 0 0 0 0 1 0 3 0 0 65 2 0 0 0 2 0 0 0 0 0 0 0 0 0 0 0 0 0 0 6 1 0 0 0 1 0 24 0 0 0 0 0 6 0 0 0 0 1 40 0 0 2 0 4 0 0 0 4 0 0 0 0 0 0 0 8 16 0 3 0 1 0 0 3 52 2 7 0 0 0 0 0 0 17 0 0 0 0 0 1 0 0 0 0 0 0 0 1 0 0 0 0 1 0 0 0 0 0 15 10 3 29 0 0 0 0 0 0 0 0 0 1 5 0 0 0 0 0 0 22 0 0 0 0 0 4 4 0 7 1 0 3 0 9 0 0 0 0 2 0 3 0 0 0 0 0 0 0 0 3 0 0 0 0 0 0 0 0 0 0 0 2 9 0 0 0 0 0 1 0 3 4 0 0 1 2 0 1 340 1 0 0 3 0 0 0 0 0 28 0 0 0 0 0 0 0 0 1 0 0 0 0 0 0 1 5 0 0 0 0 0 0 0 0 0 0 0 1 0 5 2 1 0 18 3 0 0 8 0 0 0 
90 822 0 1 0 0 0 0 3 0 0 0 0 2 0 0 0 3 0 1 0 0 59 0 0 0 0 3 1 0 0 1 1 0 0 0 0 0 1 0 0 0 3 0 0 0 1 1 0 22 0 0 0 0 0 3 2 0 0 0 0 20 0 0 1 0 1 0 0 0 8 0 0 0 0 0 0 1 4 8 0 1 0 0 0 0 12 41 1 10 0 0 0 0 1 1 17 0 0 0 0 0 6 0 0 0 0 0 0 0 0 0 0 0 0 1 0 0 0 0 1 3 14 0 38 0 0 0 0 1 0 0 0 0 0 4 0 0 0 0 0 0 13 0 0 0 0 0 5 1 3 3 1 0 3 0 9 0 0 0 0 4 0 2 0 0 0 0 0 0 0 0 3 0 0 0 1 0 0 0 1 1 0 0 0 15 0 0 0 0 0 0 1 3 2 0 0 0 2 0 1 352 3 0 0 3 1 0 0 0 3 20 0 0 0 0 0 0 0 0 3 0 0 0 1 0 0 1 2 0 0 0 0 0 0 0 0 0 0 0 0 0 6 1 0 0 11 4 0 0 11 2 0 0 
91 810 0 0 0 0 0 1 0 0 0 0 0 0 0 0 0 0 0 0 0 0 108 1 0 0 0 3 0 0 0 0 0 0 0 0 0 0 0 0 1 0 10 6 0 0 0 0 0 21 0 0 0 0 0 10 0 0 1 0 0 36 0 0 0 0 1 0 0 0 4 0 0 0 0 0 0 0 4 7 0 1 0 0 0 0 5 39 2 10 0 0 0 0 1 3 26 0 0 0 0 0 0 0 0 0 1 0 0 0 0 0 1 0 0 7 0 0 0 0 1 3 14 1 47 0 0 0 0 0 0 0 0 0 0 5 0 0 0 0 0 0 9 0 0 0 0 0 1 0 0 3 0 1 3 0 5 0 0 0 0 1 0 0 0 0 0 0 0 0 0 0 5 0 0 0 0 0 0 0 0 0 0 0 1 12 0 0 0 0 0 0 0 0 0 0 0 2 3 1 0 310 0 0 0 9 1 0 0 0 0 10 0 0 0 0 0 0 0 0 0 0 0 0 0 1 0 0 3 0 0 0 0 0 0 0 0 0 0 0 0 0 13 1 1 0 2 4 0 3 5 0 1 0 
92 845 0 1 0 0 0 0 2 0 0 0 0 1 0 0 0 2 0 0 0 0 112 1 0 0 1 2 0 0 0 0 0 0 0 0 0 0 1 0 1 0 8 1 0 0 1 0 0 25 0 0 1 0 0 3 0 0 0 0 0 29 0 0 1 0 1 0 0 0 8 0 0 0 0 0 0 0 2 2 0 1 0 1 0 0 2 27 0 5 0 0 0 0 0 3 17 0 0 0 0 0 4 3 0 0 0 0 0 0 0 0 0 0 1 7 0 0 0 0 0 4 8 0 70 0 0 0 0 2 0 0 0 0 0 4 2 1 0 0 0 0 15 1 0 0 0 0 5 3 2 3 2 3 3 0 11 1 0 0 1 0 0 1 0 0 0 0 0 0 0 0 1 0 0 0 0 0 0 0 0 0 0 0 3 23 0 0 0 0 0 0 2 1 1 0 0 1 3 0 1 350 0 0 0 3 0 0 0 0 0 11 0 0 0 0 0 0 0 0 0 0 0 0 0 0 0 0 2 0 0 0 0 0 0 0 0 0 0 0 0 0 3 0 0 0 2 2 0 0 3 0 0 0 
93 787 0 0 0 0 0 0 4 0 0 0 0 1 0 0 0 1 0 0 0 0 63 0 0 0 0 5 0 2 0 0 0 0 0 0 0 0 1 0 0 0 1 1 0 0 0 0 0 16 0 0 0 0 0 7 0 1 0 0 0 32 0 0 0 0 3 0 0 0 8 0 0 1 1 0 0 2 3 11 0 2 0 0 0 0 8 20 0 2 0 0 0 0 1 1 28 0 0 0 0 0 1 0 0 0 0 0 0 0 0 0 0 1 0 1 0 0 0 0 0 2 16 0 34 1 0 0 0 0 0 0 0 0 0 4 0 0 0 0 0 0 18 0 0 0 0 0 3 1 0 3 2 2 4 0 12 0 0 0 0 0 0 2 6 0 0 0 0 0 0 0 0 0 0 0 0 0 0 0 0 0 1 0 3 35 0 0 0 0 0 1 2 1 2 0 0 0 5 0 1 329 3 0 0 3 1 0 0 0 1 10 0 0 1 0 0 0 0 0 0 0 0 0 0 0 0 0 1 0 2 0 0 0 0 0 0 0 1 0 1 0 8 2 1 0 2 0 0 1 6 0 1 0 
94 796 0 1 2 0 0 1 4 0 0 0 0 0 0 0 0 2 0 1 0 0 87 1 0 0 0 1 0 0 0 0 0 0 0 0 0 0 0 0 0 0 4 2 0 0 0 0 0 26 1 0 0 0 0 1 0 0 0 0 0 17 0 0 0 0 0 0 0 0 8 0 0 1 0 0 0 2 2 12 0 1 0 1 0 0 4 19 0 7 1 0 0 0 0 0 20 0 1 0 0 0 1 0 0 0 1 0 0 0 1 0 0 0 0 1 0 0 0 0 0 3 14 0 35 0 0 0 0 0 0 0 0 0 0 0 1 0 0 0 0 0 16 0 0 0 0 0 3 2 2 5 1 2 5 0 12 0 0 0 1 1 0 1 3 0 0 0 0 0 0 0 2 0 0 0 0 0 0 0 0 0 0 0 0 31 0 0 0 0 0 0 0 1 2 0 0 1 3 0 1 320 2 0 0 1 1 0 0 0 1 7 0 0 0 0 0 0 0 0 0 0 0 1 0 0 0 0 3 0 1 0 0 0 0 0 0 0 1 0 2 1 45 5 0 0 1 1 0 0 4 1 0 0 
95 776 0 0 0 0 0 0 0 0 0 0 0 0 0 0 0 2 0 0 0 0 105 0 0 0 0 3 0 0 0 0 0 0 0 0 0 0 0 0 0 0 2 3 0 0 1 0 0 11 0 0 0 0 0 1 0 0 0 0 0 45 0 0 1 0 2 0 0 0 11 0 0 0 1 0 0 4 1 20 0 0 0 0 0 0 5 6 0 3 0 0 0 1 0 1 14 0 1 0 0 0 2 0 0 0 0 0 0 1 0 0 0 0 0 2 0 0 0 0 0 7 11 0 32 0 0 0 0 1 0 0 0 0 0 3 0 0 0 0 1 0 3 0 0 0 0 0 2 0 1 3 3 1 3 0 10 0 0 1 0 0 0 2 1 0 0 0 0 0 0 0 0 0 0 0 0 0 0 0 0 1 0 0 0 11 0 0 0 0 0 2 1 0 3 0 0 0 2 0 0 364 3 0 0 2 1 0 0 0 0 0 0 0 0 0 0 0 0 0 1 0 0 0 1 0 0 0 0 0 1 0 0 0 0 0 0 0 0 0 1 0 16 5 0 0 1 3 0 0 6 0 0 0 
96 730 0 0 0 0 0 0 0 0 0 0 0 0 0 0 0 1 0 0 0 0 98 0 0 0 0 1 0 0 0 0 0 2 0 0 0 0 0 0 0 0 0 1 0 0 0 0 1 8 0 0 0 0 0 0 0 0 0 0 0 39 0 0 0 0 4 0 0 0 4 0 0 0 1 0 0 2 1 21 0 0 0 0 0 0 8 3 1 1 0 0 0 0 0 0 3 0 0 0 0 1 0 0 0 0 0 0 1 0 1 0 0 0 0 6 0 0 0 0 0 3 19 0 18 0 0 0 0 0 0 0 0 0 0 1 0 0 0 0 0 0 2 2 0 0 0 0 1 1 0 1 3 0 2 0 9 0 0 0 0 0 0 1 3 0 0 0 0 0 0 0 0 0 0 0 1 0 0 0 0 0 0 0 0 19 0 0 0 0 0 1 1 1 6 0 0 0 0 0 0 367 2 0 0 2 1 0 0 0 1 0 1 0 0 0 0 0 0 0 6 0 0 0 0 0 0 0 1 0 0 0 0 0 0 0 0 0 0 0 0 0 16 3 0 0 2 1 0 0 5 1 0 0 
97 793 0 0 0 0 0 1 1 0 0 0 0 0 0 0 0 3 0 0 0 0 105 1 0 0 1 3 0 0 0 0 0 0 0 0 0 0 0 0 0 0 2 6 0 0 1 0 0 2 0 0 0 0 0 1 0 0 0 0 0 40 0 1 0 0 5 0 0 0 3 0 0 0 0 0 0 0 0 32 0 1 0 0 0 0 2 2 3 0 0 0 0 0 0 1 1 0 0 0 0 0 1 0 0 0 0 0 0 0 0 0 0 0 0 1 0 0 0 0 0 9 12 0 14 0 0 0 0 0 0 0 0 0 0 0 0 0 0 0 0 0 1 1 0 0 0 0 0 0 0 3 1 0 2 0 14 0 0 0 0 0 0 5 1 0 0 0 0 0 0 0 1 0 0 0 0 1 0 0 0 1 0 0 0 10 0 0 0 0 1 0 1 0 1 0 0 1 1 0 0 427 4 0 0 0 0 0 0 0 3 1 1 0 0 0 0 0 0 0 1 0 0 0 0 1 0 0 0 0 1 0 0 0 0 0 0 0 0 0 0 0 21 4 0 0 4 0 0 1 9 0 0 0 
98 835 0 0 0 0 0 0 0 0 0 1 0 0 0 0 0 4 0 0 0 0 77 0 0 1 0 1 0 0 0 0 0 0 0 1 0 1 2 0 0 0 2 5 0 0 0 0 0 2 0 0 0 0 0 1 0 0 0 0 0 27 0 0 0 0 7 0 0 0 2 0 0 0 1 0 0 2 0 32 0 0 0 0 0 0 1 4 0 2 1 0 0 0 0 0 3 0 0 0 0 0 0 0 0 0 0 0 0 0 0 0 0 0 0 0 0 0 0 0 0 9 15 0 7 0 0 0 0 0 0 0 0 0 1 0 0 0 0 0 0 0 7 0 1 0 0 0 0 1 0 7 0 0 6 0 17 0 0 0 0 0 0 5 1 0 0 0 0 0 0 0 3 0 0 0 0 0 0 0 0 1 0 0 0 5 0 0 0 0 0 0 0 0 2 0 0 0 0 0 0 476 2 0 0 0 0 0 0 0 3 7 1 0 0 0 0 0 0 0 1 0 0 0 1 0 0 0 2 0 0 0 0 0 0 0 0 0 0 0 0 0 22 2 0 0 16 0 0 0 8 0 0 0 
99 807 0 0 0 0 0 1 0 0 0 0 0 1 0 0 0 2 0 0 0 0 54 0 0 0 0 0 0 0 0 0 0 3 0 0 0 0 0 0 0 0 0 7 0 0 0 0 0 3 0 0 0 0 0 0 0 0 0 0 0 15 0 0 0 0 1 0 0 0 1 0 0 0 1 0 0 4 2 32 0 0 0 0 0 0 2 3 3 0 0 0 0 0 0 3 2 0 0 0 0 0 0 0 0 0 0 0 0 0 0 0 0 0 0 0 0 0 0 0 0 10 16 0 2 1 0 0 0 0 0 0 0 0 0 0 0 0 0 0 0 0 3 0 0 0 0 0 0 0 0 2 2 0 2 0 16 1 0 0 0 0 0 1 0 0 0 1 0 0 0 0 3 0 0 0 0 0 0 0 0 1 0 0 0 2 0 0 0 0 0 0 0 0 3 0 0 0 4 0 0 493 2 0 0 1 0 0 0 0 4 3 5 0 0 0 0 0 0 0 6 0 0 1 0 0 0 0 2 0 0 0 0 0 0 0 0 0 0 0 1 0 14 2 0 0 25 2 0 0 10 0 0 0 
100 879 1 0 0 0 0 0 0 0 0 0 0 0 0 0 0 0 0 0 0 0 34 0 0 0 0 2 0 0 0 0 0 0 0 0 0 0 1 0 0 0 1 2 0 0 0 0 0 4 0 0 0 0 0 1 0 0 0 0 0 7 0 0 0 0 1 0 0 0 1 0 0 0 2 0 0 2 0 46 0 1 0 1 0 0 1 17 0 3 0 0 0 0 0 3 6 0 0 0 0 0 0 0 0 0 0 0 0 0 0 0 0 0 0 2 0 0 0 0 0 23 25 0 6 0 0 0 0 0 0 0 0 0 0 0 0 0 0 0 0 0 8 2 0 0 0 0 0 0 0 3 2 0 1 0 19 0 0 0 0 0 0 5 0 0 0 0 0 0 0 0 5 0 0 0 0 0 0 0 0 0 0 0 4 3 0 0 0 0 0 1 0 0 2 0 0 0 1 0 0 439 2 0 0 0 0 1 0 0 0 5 0 0 0 0 0 0 0 0 3 0 0 0 0 0 0 0 3 0 1 0 0 0 1 1 0 0 0 0 1 0 12 1 0 0 121 2 0 0 13 0 1 2 
101 774 0 0 0 0 0 0 1 0 0 0 2 0 0 0 0 3 0 1 0 0 25 0 0 0 0 1 1 0 0 0 0 0 0 0 0 0 0 0 1 0 0 8 0 0 0 0 0 2 0 0 0 0 0 0 1 0 1 0 0 5 0 1 2 0 2 0 0 0 0 0 0 0 0 0 0 2 3 35 0 1 0 0 0 0 3 33 0 5 0 0 0 0 0 4 7 0 0 0 0 0 0 0 0 1 0 0 0 0 1 0 0 1 0 1 0 0 0 0 1 25 14 0 6 0 0 0 0 0 0 0 0 0 0 1 0 0 0 0 0 0 7 0 0 0 0 0 0 1 1 2 3 0 2 0 10 0 0 0 0 0 0 2 1 0 0 0 0 0 0 0 6 0 0 0 0 1 0 0 0 0 0 1 4 10 0 0 0 0 0 1 0 0 2 0 0 0 0 0 0 426 1 0 0 3 0 0 0 1 1 6 1 0 0 0 0 0 0 0 5 0 0 0 0 0 0 0 1 0 1 0 0 0 0 0 0 0 0 0 0 0 9 6 0 0 15 1 0 0 12 0 0 0 
102 587 0 0 1 0 0 0 0 0 0 0 0 0 0 0 0 3 0 1 0 0 7 1 0 0 0 2 0 0 0 0 0 0 0 0 0 0 0 0 0 0 0 4 0 0 0 0 1 4 0 0 0 0 0 1 0 0 0 0 0 2 0 0 0 0 1 0 0 0 1 0 1 0 0 0 0 0 2 45 0 0 0 1 0 0 3 41 0 4 1 0 0 0 1 3 10 0 0 0 1 0 0 0 0 0 0 0 0 0 0 0 0 0 1 0 0 0 0 0 1 21 6 1 17 0 0 0 0 1 0 0 0 0 0 0 0 0 0 0 0 0 21 0 0 0 0 0 1 1 0 1 0 1 0 0 5 0 0 0 0 0 0 0 0 0 0 0 2 1 0 0 4 0 0 0 1 0 0 0 0 4 1 0 3 8 0 0 0 0 0 2 0 0 0 0 0 0 4 0 0 232 1 0 0 2 0 0 0 1 0 7 6 0 0 0 0 0 0 0 3 0 0 0 0 0 0 0 3 0 0 0 0 0 1 0 0 0 0 0 3 0 2 3 0 0 17 1 0 1 29 0 0 0 
103 473 0 0 0 0 0 0 1 0 0 1 0 0 0 0 0 1 0 0 0 0 9 1 0 0 0 0 1 0 0 0 0 0 0 0 0 0 0 0 0 0 0 3 0 0 0 0 0 7 0 0 0 0 0 1 0 1 0 0 1 0 0 1 0 0 0 0 0 0 1 0 0 0 0 0 0 0 6 48 0 0 0 1 0 0 1 59 0 3 0 0 0 0 0 1 12 0 0 0 0 0 1 0 0 0 0 0 0 0 0 0 0 0 0 1 0 0 0 0 0 20 3 3 14 0 0 0 0 1 0 0 0 0 0 1 1 1 0 0 0 0 18 1 2 0 0 1 0 0 3 0 1 1 1 0 4 0 0 0 0 0 0 1 0 0 0 0 0 1 0 0 3 0 0 0 0 0 0 0 0 0 0 0 3 8 0 0 0 1 0 1 4 1 0 0 0 1 3 0 3 114 0 0 0 1 0 0 0 0 0 6 3 0 0 0 0 0 0 0 3 0 0 0 0 1 0 0 2 0 0 0 0 0 0 1 0 0 0 0 3 0 1 2 1 0 22 4 0 1 13 0 0 0 
104 543 0 0 0 0 0 0 1 0 0 0 0 0 0 0 0 0 0 1 0 0 10 0 0 0 0 1 0 0 0 0 0 0 2 0 0 0 0 0 1 0 0 8 0 0 0 1 0 15 1 0 0 0 0 4 1 0 0 0 0 1 0 0 0 0 0 0 0 0 0 0 0 0 0 1 0 2 2 41 0 0 0 3 0 0 4 36 0 10 3 0 0 0 0 3 22 0 0 0 0 0 0 0 0 0 0 0 0 0 0 0 0 0 0 3 0 0 0 0 0 25 3 5 43 0 0 0 0 0 0 0 0 0 0 1 0 0 0 0 0 0 21 0 0 0 0 0 0 0 0 0 1 2 2 0 2 0 0 0 1 0 0 1 0 0 0 0 0 1 0 0 4 0 0 0 0 0 0 0 0 4 0 0 1 20 0 0 0 0 0 3 0 1 0 0 3 0 2 0 0 104 0 0 0 1 0 0 0 0 1 12 4 0 0 0 0 0 0 0 5 0 0 0 0 1 0 0 1 0 0 0 0 0 0 0 0 0 0 0 1 0 5 5 1 0 29 3 0 1 14 1 2 0 
105 518 0 1 0 0 0 0 6 0 0 0 0 0 0 1 0 1 0 1 0 0 22 0 0 0 0 1 1 0 0 0 0 0 1 0 0 0 0 0 1 0 0 9 1 0 0 0 0 18 0 0 0 0 0 6 1 0 1 0 0 2 0 2 0 0 0 0 0 0 1 0 0 0 0 0 0 0 7 39 0 2 0 0 0 0 4 52 0 6 0 0 0 0 0 4 22 0 0 0 0 0 0 0 0 1 1 1 0 0 0 0 0 0 0 0 0 0 0 0 0 22 1 1 33 0 0 0 0 0 0 0 0 0 0 2 0 1 0 0 1 0 36 2 2 0 0 0 0 0 0 0 1 3 0 0 1 0 0 1 0 0 0 2 0 0 0 0 0 0 0 0 6 0 0 0 0 0 0 0 0 3 0 0 1 1 0 0 0 0 0 7 1 0 0 0 0 0 4 0 1 64 0 0 0 2 0 0 0 0 0 10 4 0 0 0 0 0 0 0 4 0 1 0 0 0 0 0 4 0 0 0 0 0 0 0 0 0 0 0 2 0 1 6 0 0 21 5 0 0 19 1 1 0 
106 583 0 0 0 0 0 0 1 0 0 0 0 0 0 1 0 0 0 3 0 0 14 0 0 0 0 1 0 0 0 2 0 0 1 0 0 2 0 0 0 0 0 6 0 0 0 0 0 14 0 0 1 0 0 3 0 1 0 0 0 6 0 1 0 0 2 0 0 0 0 0 0 1 0 0 0 0 5 55 0 1 0 0 0 0 2 59 1 12 2 0 0 0 1 4 23 0 0 0 0 0 0 0 0 0 1 0 0 0 0 0 0 0 0 0 0 0 0 0 0 23 1 1 41 0 0 0 0 1 0 0 0 0 0 3 0 0 0 0 1 0 32 0 0 0 0 0 0 1 2 0 1 0 0 0 3 0 0 0 0 1 0 0 0 0 0 0 0 0 0 0 2 0 0 0 0 0 0 0 0 2 1 0 2 4 0 0 0 1 0 3 0 2 0 0 0 0 4 0 0 65 0 0 0 6 0 0 0 0 0 16 4 0 0 0 0 0 0 0 7 0 0 0 0 1 0 0 2 0 0 0 0 0 0 0 0 1 0 0 2 0 4 3 0 0 66 3 1 1 14 2 0 0 
107 649 0 0 0 0 0 0 5 0 0 0 0 1 0 1 0 0 0 1 0 0 27 0 0 0 0 2 0 0 0 1 0 0 1 0 0 0 0 0 1 0 4 5 0 0 1 0 0 33 0 0 0 0 0 5 0 1 0 0 0 26 0 2 0 0 0 0 0 0 5 0 0 0 1 0 0 0 10 63 0 0 0 0 0 0 6 51 0 7 1 0 0 0 2 3 15 0 0 0 2 0 1 0 0 0 0 0 0 0 0 0 0 0 0 1 0 0 0 0 1 33 0 0 48 0 0 0 0 1 0 0 0 0 0 2 1 1 0 0 0 0 25 1 0 0 0 0 4 0 3 0 2 0 2 0 9 0 0 0 0 0 0 1 1 0 0 0 0 0 0 0 5 0 0 0 0 0 0 0 0 1 0 0 0 12 0 0 0 1 0 1 1 0 0 0 0 0 3 0 1 84 0 0 0 2 1 0 0 0 0 18 2 0 0 0 0 0 0 0 0 0 0 0 0 0 0 0 3 0 0 1 0 0 0 0 0 1 0 0 0 0 2 8 0 0 21 9 0 4 20 1 1 0 
108 656 0 0 0 0 0 0 2 0 0 1 0 0 0 0 0 0 0 1 0 0 42 0 0 0 0 1 1 0 0 0 0 0 0 0 0 1 0 0 0 0 1 3 0 0 0 0 0 13 0 0 0 0 0 5 0 0 1 0 0 24 0 1 0 0 0 0 0 0 4 0 0 0 0 0 0 2 4 68 0 0 0 0 0 0 4 47 0 5 0 0 0 0 0 6 10 0 0 0 0 0 2 0 0 0 0 0 0 0 2 0 1 0 0 0 0 0 0 0 1 30 6 0 32 1 0 0 0 0 0 0 0 0 0 4 1 0 0 0 0 0 35 1 0 0 0 0 1 2 1 1 1 1 1 0 11 0 0 0 0 0 0 0 0 0 0 2 0 0 0 0 1 0 0 0 0 0 0 0 0 2 0 0 1 4 0 0 0 0 0 2 2 2 1 0 0 0 6 0 1 137 0 0 0 0 1 0 0 0 0 11 3 0 0 0 0 0 0 0 3 0 0 0 0 0 0 0 1 0 3 0 0 0 0 0 0 0 0 0 2 0 5 2 0 0 22 5 0 0 25 0 0 0 
109 715 0 1 0 0 0 0 0 0 0 0 0 0 0 0 0 2 0 4 0 0 42 0 0 0 0 0 1 0 0 1 0 0 1 0 0 0 0 0 0 0 1 13 0 0 0 0 0 13 0 0 0 0 0 4 0 0 0 0 0 30 1 3 0 0 2 0 0 0 4 0 0 0 0 0 0 0 6 88 0 0 0 2 0 0 2 46 1 7 0 0 0 0 1 0 13 0 0 0 0 0 1 0 0 0 0 0 0 0 1 0 0 0 0 1 1 0 0 0 2 18 4 1 23 3 0 0 0 0 0 0 0 0 0 6 0 1 0 0 0 0 26 0 1 0 0 0 0 0 2 0 0 1 0 0 15 0 0 0 0 1 0 5 0 0 0 0 1 1 0 0 3 0 0 0 0 0 0 0 0 1 0 0 2 16 0 0 0 0 0 4 0 0 1 0 0 0 2 0 1 179 1 0 0 1 1 0 0 0 0 17 1 0 0 0 0 0 0 0 2 0 0 0 1 0 0 0 8 1 1 0 0 0 2 1 0 0 0 0 1 0 6 2 1 0 12 3 0 1 18 0 1 0 
110 656 0 0 0 1 0 0 1 0 0 0 0 1 1 0 0 2 0 2 0 0 47 1 0 0 0 2 0 0 0 0 0 0 0 0 0 0 1 0 2 0 0 2 0 0 0 0 0 12 0 0 0 0 0 4 0 0 0 0 0 23 0 0 1 0 3 0 0 0 2 0 0 0 0 0 0 0 4 54 0 2 0 0 0 0 2 31 0 6 0 0 0 0 0 6 15 0 0 0 0 0 0 0 0 0 0 1 0 0 0 0 0 0 0 0 0 0 0 0 0 22 2 1 15 2 0 0 0 1 0 0 0 0 1 4 0 0 0 0 0 0 10 1 1 0 0 0 3 1 1 2 1 2 2 0 9 0 0 0 2 1 0 4 0 0 0 0 0 0 0 0 8 0 0 0 0 0 0 0 0 1 0 0 0 5 0 0 0 0 0 0 0 0 2 0 0 0 4 0 0 234 0 0 0 4 0 0 0 0 2 14 3 0 0 0 0 0 0 0 1 0 0 0 2 0 0 0 5 0 0 0 0 0 1 0 0 0 0 0 1 0 8 1 0 0 8 3 0 2 12 0 0 0 
111 707 1 1 0 0 0 0 5 0 0 0 0 0 0 0 0 1 0 1 0 0 53 0 0 0 0 1 0 0 0 0 0 0 0 0 0 1 1 0 0 0 1 3 0 0 0 0 0 12 0 0 0 0 0 4 0 0 0 0 0 21 0 0 0 0 1 0 0 0 3 0 0 0 0 0 0 0 4 47 0 0 0 0 0 0 2 48 0 5 1 0 0 0 0 3 9 0 0 0 0 0 2 0 0 0 0 0 0 0 0 0 0 0 0 1 0 0 0 0 0 13 7 4 20 0 0 0 0 0 0 0 0 0 1 4 0 0 0 0 0 0 15 0 0 0 0 0 1 2 1 3 3 0 1 0 10 0 0 0 0 0 0 3 2 0 0 0 0 0 0 0 6 0 0 0 0 0 0 0 0 1 0 0 4 7 1 0 0 0 0 3 1 0 1 0 0 0 1 0 1 272 0 0 0 3 2 0 0 1 1 13 4 0 0 0 0 0 0 0 0 0 0 0 0 1 0 1 7 0 1 0 0 0 0 0 0 0 0 0 0 0 3 2 0 0 21 5 0 0 8 0 0 0 
112 741 0 2 0 1 0 0 2 0 0 1 0 0 0 1 0 0 0 1 0 0 51 0 0 0 0 2 2 0 0 0 0 0 0 0 0 0 0 0 3 0 2 4 0 0 0 0 0 12 0 0 0 0 0 5 1 0 0 0 1 23 0 0 0 0 0 0 0 0 4 0 0 0 1 0 0 0 2 28 0 0 0 0 0 0 2 38 0 4 0 0 0 0 1 3 8 0 0 0 0 0 1 0 0 0 0 0 0 0 2 0 0 0 1 0 0 0 0 0 1 25 4 0 35 0 0 0 0 0 0 0 0 0 0 1 0 0 0 0 0 0 11 0 0 0 0 0 1 0 0 3 0 1 7 0 10 0 0 0 2 0 0 4 2 0 0 0 0 0 0 0 4 0 0 0 0 0 0 0 0 0 0 0 0 11 0 0 0 0 0 0 2 1 2 0 0 1 3 0 2 306 1 0 0 1 0 0 0 0 1 17 0 0 0 0 0 0 0 0 2 0 0 0 0 0 0 0 6 0 1 0 0 0 0 0 0 0 0 0 1 0 5 0 0 0 21 6 0 1 9 0 0 0 
113 780 0 1 2 1 0 0 4 0 0 0 0 2 0 0 0 1 0 3 0 0 53 0 0 0 0 2 0 1 0 1 0 0 0 0 0 0 0 0 0 0 1 2 0 0 0 0 0 32 0 0 0 1 0 3 0 0 0 0 0 17 0 1 1 0 2 0 0 0 5 0 0 0 0 0 0 0 5 20 0 1 0 0 0 0 4 48 0 9 0 0 0 0 0 5 18 0 1 0 0 0 1 0 0 1 1 0 0 0 0 0 0 2 2 0 0 0 0 0 0 12 6 0 35 0 0 0 0 0 0 0 0 0 2 6 1 0 0 0 1 0 11 0 0 0 0 0 0 0 1 1 0 1 4 0 13 0 0 2 0 0 0 2 0 0 0 1 0 0 0 0 1 0 0 0 1 2 0 0 0 0 0 0 5 2 0 0 0 0 0 0 1 0 0 0 0 0 2 0 0 303 2 0 0 4 1 0 0 0 0 22 1 0 0 0 0 0 0 0 1 0 0 0 0 0 0 0 6 0 1 0 0 0 0 1 0 0 0 0 0 0 11 0 0 0 28 4 0 0 8 1 0 1 
114 825 0 0 0 0 0 0 4 0 0 1 0 1 0 0 0 1 0 1 0 0 49 0 0 0 0 1 0 1 0 1 0 0 1 0 0 0 1 0 1 0 0 2 0 0 0 0 0 14 0 0 0 0 0 5 1 1 0 0 0 38 1 1 0 0 0 0 0 0 8 0 1 0 0 1 0 2 7 8 0 2 0 1 0 0 3 63 1 5 0 0 0 0 0 7 18 0 0 0 0 0 0 0 0 0 0 0 0 0 0 0 0 1 0 4 0 0 0 0 0 10 7 1 41 1 0 0 0 0 0 0 0 0 0 5 0 0 0 0 0 0 19 0 0 0 0 0 1 0 0 3 0 1 1 0 15 1 0 0 0 0 0 2 1 0 0 0 0 1 0 0 6 0 0 0 0 0 0 0 0 1 0 0 1 8 0 0 0 0 0 1 0 0 1 0 0 0 1 0 0 341 0 0 0 4 0 0 0 0 1 20 0 0 0 0 0 0 0 0 0 0 0 0 1 0 0 0 6 0 0 0 0 0 0 0 0 0 0 0 0 0 16 2 1 0 8 8 0 0 1 2 0 1 
115 843 0 0 0 1 0 0 2 0 0 0 0 1 0 0 0 2 0 2 0 0 72 0 0 0 0 1 0 1 1 0 0 0 0 0 0 0 0 0 0 0 1 1 0 0 0 0 0 36 0 0 0 0 0 8 0 0 1 0 0 45 0 0 0 0 2 0 0 0 14 0 0 0 2 0 0 1 5 10 0 3 0 1 0 0 4 79 1 6 0 0 0 0 0 5 26 0 0 0 0 0 0 0 0 0 0 0 0 0 0 0 0 0 0 1 0 0 0 0 1 3 8 6 48 0 0 0 0 0 0 0 0 0 1 7 0 0 0 0 0 0 23 1 0 0 0 0 2 1 1 4 1 0 1 0 16 0 0 0 1 0 0 2 0 0 0 0 0 0 0 0 6 0 0 0 0 0 0 0 0 0 1 0 4 14 0 0 0 0 0 0 1 1 1 0 0 0 1 0 3 278 1 0 0 3 0 0 0 0 1 21 1 0 0 0 0 0 0 0 1 0 0 0 0 0 0 1 4 0 1 0 0 0 0 0 0 0 0 0 2 0 7 2 1 0 4 1 0 0 1 0 1 0 
116 848 0 0 0 0 1 0 7 0 0 0 0 0 0 0 0 0 0 2 0 0 77 1 0 0 0 0 0 1 0 0 0 0 0 0 0 0 1 0 0 0 1 4 0 0 0 0 0 15 0 0 0 0 0 4 1 1 1 0 0 25 0 0 0 0 0 0 0 0 10 0 0 0 0 0 0 2 4 4 0 3 0 0 0 0 7 51 0 8 0 0 0 1 0 2 23 0 0 0 0 0 1 0 0 1 1 0 0 0 0 0 1 0 0 1 0 0 0 0 1 4 11 1 58 0 0 0 0 0 0 0 0 0 2 2 0 1 0 0 1 0 36 0 0 0 0 0 1 0 1 3 1 0 2 0 14 0 0 0 0 1 0 4 1 1 1 0 0 0 0 0 2 0 1 0 0 1 0 0 0 0 0 0 2 17 0 0 0 0 0 0 2 0 0 0 0 0 3 0 1 330 2 0 0 5 1 0 0 0 0 20 0 0 0 0 0 0 0 0 0 0 0 0 0 0 0 0 4 0 1 0 0 0 0 0 0 0 0 0 2 0 8 1 0 0 5 3 0 0 1 0 1 0 
117 785 0 0 0 0 0 1 4 0 0 0 0 0 0 0 0 1 0 1 0 0 66 0 0 0 0 1 0 1 1 0 1 0 0 0 0 0 1 0 1 0 0 2 0 0 0 0 0 14 0 0 0 0 0 3 0 0 0 0 0 24 0 0 0 0 4 0 0 0 11 0 0 1 1 0 0 0 2 5 0 1 0 0 0 0 7 69 1 10 0 0 1 0 1 0 32 0 0 0 0 0 1 0 0 0 0 0 0 0 0 0 0 1 0 3 0 0 0 0 0 3 5 2 52 0 0 0 0 0 0 0 0 0 1 4 1 0 0 0 0 0 17 0 0 0 0 0 3 3 0 5 0 2 2 0 14 0 0 0 0 0 0 1 3 0 0 0 0 0 0 0 2 0 0 0 0 0 0 0 0 0 1 0 3 14 0 0 0 0 0 0 0 1 5 0 0 0 4 0 3 296 3 0 0 3 1 0 0 0 1 13 0 0 0 0 0 0 0 0 1 0 0 0 1 0 0 0 6 0 0 0 0 0 0 0 0 0 0 0 0 0 9 3 1 0 3 1 0 1 2 0 0 0 
118 754 0 0 0 0 0 0 2 0 0 0 0 0 0 0 0 0 0 0 0 0 79 0 0 0 0 5 0 2 0 0 0 0 0 0 0 0 0 0 2 0 1 4 0 0 0 0 0 25 0 0 0 1 0 3 0 0 0 0 0 22 0 0 0 0 0 0 0 0 10 0 0 0 0 0 0 0 3 11 0 0 0 0 0 0 12 17 0 1 0 0 0 0 0 1 31 0 0 0 0 0 0 0 0 0 1 0 0 0 1 0 0 0 0 4 0 0 0 0 0 2 14 1 52 0 0 0 0 0 0 0 0 0 0 0 0 0 0 0 0 0 18 1 0 0 0 0 4 2 0 6 1 0 0 0 10 1 0 0 0 0 0 0 0 0 0 0 0 0 0 0 1 0 0 0 0 0 0 0 0 2 1 1 0 22 0 0 0 0 0 0 1 0 1 0 0 0 2 0 0 317 0 0 0 0 0 0 0 0 0 5 0 0 0 0 0 0 0 0 0 0 0 0 0 0 0 1 2 0 2 0 0 0 0 0 0 0 0 0 1 0 20 1 2 0 1 2 0 4 3 0 0 0 
119 749 0 0 0 0 0 2 1 0 0 0 0 0 0 1 0 0 0 0 0 0 104 0 0 0 0 2 0 0 0 0 0 0 2 0 0 0 2 0 0 0 1 2 0 0 0 0 0 11 0 0 0 0 0 3 0 2 0 0 0 36 0 0 0 0 2 0 0 0 9 0 0 0 0 1 0 0 0 22 0 1 0 0 0 0 8 11 2 5 0 0 1 0 0 1 16 0 0 0 0 0 1 0 0 0 0 0 0 0 0 0 0 0 0 3 0 0 0 0 0 7 4 0 30 0 0 0 0 0 0 0 0 0 0 2 0 0 0 0 0 0 11 0 0 0 0 0 0 1 0 4 2 0 1 0 10 0 0 0 0 0 0 2 4 0 0 0 0 0 0 0 0 0 0 0 0 0 0 0 0 2 1 0 0 9 0 0 0 0 0 1 0 0 1 0 0 0 2 0 0 325 3 0 0 2 0 0 0 1 1 5 0 0 0 0 0 0 0 0 0 0 0 0 0 0 0 0 0 0 2 0 0 0 0 0 0 0 1 0 0 0 15 2 0 0 2 1 0 2 12 1 0 0 
120 862 0 0 0 0 0 1 0 0 0 0 0 1 0 0 0 1 0 0 0 0 153 0 0 0 0 0 0 1 0 0 0 0 1 0 0 0 0 0 0 0 2 2 0 0 0 0 0 8 0 0 0 0 0 0 0 0 0 0 0 40 0 1 0 0 5 0 0 0 2 0 1 0 0 0 0 0 0 23 0 0 0 0 0 0 3 6 2 0 0 0 0 0 0 0 8 0 0 0 0 0 0 0 0 0 0 0 0 0 0 0 0 0 0 4 0 0 0 0 0 10 7 0 14 0 0 0 0 1 0 0 0 0 0 1 1 0 0 0 0 0 2 2 0 0 0 0 1 1 0 5 2 0 3 0 27 0 0 0 0 0 0 3 0 3 0 1 0 0 0 0 0 0 0 0 0 0 0 0 0 0 0 0 0 6 0 0 0 1 0 0 0 0 2 0 0 1 0 0 0 444 2 0 0 4 1 0 0 1 0 1 3 0 0 0 0 0 0 0 4 0 0 1 0 0 0 0 0 0 1 0 0 0 0 0 0 0 0 0 0 0 9 3 0 0 1 1 0 2 8 0 0 0 
121 789 0 0 0 0 0 1 1 0 0 0 0 0 0 0 0 1 0 1 0 0 91 2 0 0 0 2 0 0 0 0 0 0 0 0 0 0 1 0 0 0 3 4 0 0 0 0 0 2 0 0 0 0 0 1 0 0 0 0 0 38 0 0 0 0 2 0 0 0 0 0 0 0 1 0 0 3 0 35 0 0 0 0 0 0 2 5 0 1 0 0 0 0 0 0 5 0 0 0 0 0 0 0 0 1 0 0 0 0 0 0 0 0 0 5 0 0 0 0 0 8 10 0 10 0 0 0 0 1 0 0 0 0 1 0 0 0 0 0 0 0 0 0 0 0 0 0 0 1 0 10 1 0 11 0 23 0 0 1 0 0 0 1 0 0 0 0 0 0 0 0 1 0 0 0 0 0 0 0 0 0 0 0 1 7 0 0 0 0 0 1 0 0 5 0 0 0 1 0 0 413 6 0 0 0 2 0 0 0 2 3 1 0 0 0 0 0 0 0 4 0 0 0 0 0 0 1 1 0 3 0 0 0 0 0 0 0 1 0 2 0 15 2 0 0 5 1 0 1 9 0 0 0 
122 877 0 0 0 0 0 0 0 0 0 0 0 0 0 0 0 1 0 0 0 0 78 1 0 0 0 1 0 0 0 0 0 2 0 0 0 0 0 0 0 0 2 4 1 0 1 0 0 6 0 1 0 0 0 0 0 0 0 0 0 50 0 0 1 0 6 0 0 0 0 0 0 0 1 0 0 0 1 35 0 0 0 0 0 0 0 3 0 1 0 0 1 0 0 1 3 0 0 0 0 0 0 0 0 0 0 0 0 0 0 0 0 0 0 6 1 0 0 0 0 12 13 0 2 0 0 0 0 0 0 0 0 0 0 0 0 0 0 0 0 0 2 0 0 0 0 0 0 0 0 5 1 0 2 0 13 0 0 0 0 0 0 0 1 0 0 0 0 0 0 0 0 0 0 0 0 0 0 0 0 1 0 0 0 2 0 0 0 0 0 1 0 0 3 0 0 0 0 0 0 530 4 0 0 0 1 0 0 1 3 1 1 0 0 0 0 0 0 0 1 0 0 1 0 0 0 0 2 0 0 0 0 0 1 0 0 0 0 0 0 0 25 2 0 0 9 0 0 1 8 0 0 0 
123 760 0 0 0 0 0 0 0 0 0 1 0 0 0 0 0 2 0 0 0 0 30 1 0 0 0 1 0 0 0 1 0 2 0 0 0 0 0 0 0 0 1 7 0 0 0 0 0 5 0 0 0 0 0 0 0 0 0 0 0 14 0 0 0 0 1 0 0 0 0 0 0 0 0 0 0 1 2 51 0 0 0 0 0 0 0 8 1 2 2 0 0 0 0 1 3 0 0 0 0 0 0 0 0 0 0 1 0 0 0 0 0 0 0 2 0 0 0 0 1 25 16 0 2 0 0 0 0 0 0 0 0 0 1 0 0 0 0 0 0 0 1 0 0 0 0 0 0 0 0 4 0 0 2 0 14 0 0 0 0 1 0 6 0 0 0 0 0 0 0 0 3 0 0 0 0 0 0 0 0 1 0 0 0 1 0 0 0 0 0 0 0 0 2 0 0 0 2 0 0 461 4 0 0 1 0 0 0 0 1 1 5 0 0 0 0 0 0 0 1 0 0 0 0 0 0 1 0 0 2 0 0 0 0 0 0 0 0 0 2 0 12 5 0 0 13 1 0 0 7 0 0 0 
124 705 0 0 0 0 0 0 0 0 0 0 0 2 0 0 0 2 0 0 0 0 33 1 0 0 0 3 0 2 0 0 0 0 0 0 0 0 1 0 0 0 1 6 0 0 0 0 0 2 0 0 0 0 0 0 0 0 0 0 0 10 1 1 0 0 3 0 0 0 0 0 0 0 1 0 0 1 0 38 0 0 0 0 0 0 1 18 2 2 2 0 0 0 0 2 6 0 0 0 0 0 1 0 0 1 0 0 0 0 0 0 0 0 0 1 0 0 0 0 0 15 14 1 4 0 0 0 0 2 0 0 0 0 2 0 0 0 0 0 1 0 4 1 1 0 0 0 2 0 0 4 2 1 2 0 7 0 0 0 0 2 0 5 0 0 0 0 0 0 0 0 1 0 0 0 0 0 0 0 0 7 0 0 5 0 0 0 0 0 0 1 0 0 5 0 0 0 0 0 0 384 5 0 0 0 0 0 0 0 1 4 2 0 0 0 0 0 0 0 1 0 0 0 0 0 0 0 2 0 0 0 0 0 0 0 0 0 0 0 1 0 6 3 0 0 19 2 0 0 20 0 0 0 
125 600 0 1 0 0 0 0 0 0 0 0 0 0 0 0 0 0 0 1 0 0 19 0 0 0 0 6 0 0 0 1 0 0 0 0 0 0 0 0 0 0 0 4 0 0 0 0 0 2 0 0 0 0 0 0 1 0 0 0 0 3 0 1 1 0 1 0 0 0 0 0 0 0 0 0 0 2 3 38 0 0 0 1 0 0 1 27 1 1 1 0 1 0 0 2 13 0 0 0 0 0 0 0 0 0 0 0 0 0 0 0 0 0 0 0 0 0 0 0 1 16 10 0 7 0 0 0 0 0 0 0 0 0 1 1 0 0 0 0 0 0 10 0 0 0 0 0 0 0 1 2 0 0 1 0 6 0 0 0 0 0 0 1 1 0 0 0 0 0 0 0 2 0 0 0 1 0 0 0 0 1 0 0 8 3 0 0 0 0 0 1 0 0 1 0 0 0 4 0 0 298 0 0 0 1 0 0 0 1 0 5 5 0 0 0 0 0 0 0 8 0 0 0 0 0 0 0 3 0 0 0 0 0 0 0 0 0 0 0 1 0 6 2 0 0 20 0 1 0 11 0 0 1 
126 584 0 0 0 0 0 1 1 0 0 0 0 0 0 0 0 1 0 1 0 0 9 1 0 0 0 2 0 0 0 0 1 0 0 0 0 0 0 0 1 0 0 10 0 0 0 0 0 10 0 0 0 0 0 5 1 0 0 0 0 5 0 0 0 0 0 0 0 0 1 0 0 0 0 0 0 0 2 39 0 0 0 2 0 0 0 42 0 1 3 0 1 0 1 1 11 0 0 0 0 0 0 0 0 0 0 0 0 0 0 0 0 0 0 1 0 0 0 0 0 32 4 1 13 0 0 0 0 0 0 0 0 0 0 2 0 1 0 0 1 0 16 0 0 0 0 0 0 1 1 3 1 0 0 0 6 0 0 0 1 0 0 0 0 0 0 0 0 0 0 0 6 0 0 0 1 0 0 0 0 2 0 0 2 7 0 0 0 0 0 1 1 1 0 0 0 0 3 0 0 224 1 0 0 1 0 0 0 1 0 15 3 0 0 0 0 0 0 0 1 0 0 0 0 0 0 0 1 0 0 0 0 0 2 1 0 0 0 0 0 0 2 4 0 0 28 2 0 0 11 1 0 0 
127 493 0 0 0 0 0 0 1 0 0 1 0 1 0 0 0 0 0 2 0 0 3 0 0 0 0 2 2 1 0 0 0 0 0 0 0 1 0 0 0 0 1 11 0 0 0 0 0 11 0 0 0 0 0 3 0 0 0 0 0 0 0 0 0 0 0 0 0 0 2 0 0 0 0 0 0 0 4 46 0 1 0 0 0 0 1 33 0 4 1 0 0 0 0 2 13 0 0 0 0 0 0 0 0 0 0 0 0 0 1 0 0 1 0 0 0 0 0 0 1 23 2 0 23 0 0 0 0 1 0 0 0 0 0 1 1 0 0 0 0 0 14 1 2 0 0 0 1 0 1 0 3 0 2 0 6 0 0 0 0 0 0 0 0 0 0 0 0 0 0 0 9 0 0 0 0 0 0 0 0 0 1 0 0 0 0 0 0 0 0 2 0 0 1 0 0 0 5 0 1 130 1 0 0 4 0 0 0 0 0 12 2 0 0 0 0 0 0 0 8 0 0 0 0 0 0 0 4 0 0 0 0 0 0 0 0 0 0 0 0 0 0 3 0 0 23 4 0 1 19 0 1 1 
128 483 0 0 0 0 0 0 1 0 0 0 0 1 0 0 0 0 0 4 0 0 8 0 0 0 0 3 1 0 0 0 0 0 1 0 0 0 0 0 0 0 0 8 0 0 0 1 0 7 0 0 0 0 0 4 1 1 0 0 0 1 0 0 0 0 0 0 0 0 2 0 0 0 0 0 0 0 2 51 0 0 0 1 0 0 5 44 0 8 2 0 2 0 1 2 16 0 0 0 0 0 1 0 0 0 1 0 0 0 1 0 0 0 0 0 0 0 0 0 2 22 1 0 38 1 0 0 0 0 0 0 0 0 0 4 0 1 0 0 0 0 21 0 0 0 0 0 1 0 0 0 0 1 0 0 1 0 0 0 1 0 0 1 0 0 0 0 1 0 0 0 6 0 0 0 0 0 0 0 0 0 0 0 1 4 0 0 0 0 0 1 1 0 0 0 2 0 5 0 0 68 0 0 0 6 0 0 0 0 0 15 1 0 0 0 0 0 0 0 2 0 0 0 0 0 0 0 4 0 0 0 0 0 0 0 0 0 0 0 1 0 3 10 0 0 23 6 0 0 19 0 0 1 
129 493 0 0 0 0 0 0 3 0 0 0 0 0 0 0 0 0 0 1 0 0 22 0 0 0 0 4 1 0 0 1 0 0 0 0 0 0 0 0 1 0 0 7 0 0 0 0 0 10 0 0 0 0 0 2 0 0 0 0 0 4 0 0 0 0 1 0 0 0 5 0 0 0 0 0 0 0 3 64 0 2 0 4 0 0 2 57 0 6 2 0 1 0 2 0 22 0 0 0 0 0 4 0 0 0 0 0 0 0 0 0 0 0 0 0 0 0 0 0 0 22 2 1 31 0 0 0 0 2 0 0 0 0 0 4 0 0 0 0 0 0 26 1 1 0 0 0 0 0 0 0 2 0 0 0 2 1 0 0 0 1 0 0 0 0 0 0 0 0 0 0 7 0 0 0 0 0 0 0 0 2 0 0 4 4 0 0 0 0 0 3 1 0 1 0 0 0 3 0 0 48 0 0 0 2 0 0 0 1 0 11 2 0 0 0 0 0 0 0 4 0 0 0 0 0 0 0 2 0 0 0 0 0 0 0 0 0 0 0 0 0 2 0 0 0 21 3 1 2 19 1 0 1 
130 536 0 0 0 0 0 0 4 0 0 0 0 0 0 0 0 0 0 4 0 0 28 0 0 0 0 2 0 0 0 0 0 0 1 0 0 0 0 0 1 0 0 7 0 0 0 0 0 24 0 0 0 0 0 2 1 1 0 0 0 7 1 1 0 0 0 0 0 0 5 0 0 1 0 0 0 0 10 57 0 0 0 2 0 0 1 45 0 6 0 0 0 0 0 3 22 0 0 0 0 0 0 0 0 1 1 0 0 0 0 0 0 0 0 0 0 0 0 0 1 20 1 5 44 0 0 0 0 0 0 0 0 0 0 2 0 1 0 0 0 0 23 1 0 0 0 0 0 1 1 0 1 1 1 0 6 3 0 0 0 0 0 0 0 0 0 0 0 0 0 0 3 0 0 0 1 0 0 0 0 1 0 0 0 4 0 0 0 1 0 1 1 0 0 0 0 0 5 0 1 73 2 0 0 4 1 0 0 0 1 12 3 0 0 0 0 0 0 0 5 0 1 1 0 0 0 1 3 0 0 0 0 0 0 1 0 1 1 0 0 0 5 3 0 0 11 3 0 0 12 0 0 1 
131 632 0 0 0 1 2 0 3 0 0 0 1 0 0 0 0 2 0 3 0 0 45 1 0 1 0 1 0 2 0 0 0 0 1 0 0 0 0 0 0 0 2 5 0 0 0 0 0 14 0 0 0 0 0 9 0 4 0 0 0 23 0 3 0 0 1 0 0 0 0 0 0 0 3 0 0 0 6 70 0 0 0 0 0 0 7 46 0 5 1 0 0 0 0 0 16 0 0 0 0 0 1 0 0 0 0 0 0 0 1 0 0 0 0 1 0 0 0 0 1 22 2 0 48 0 0 0 0 0 0 0 0 0 0 4 1 2 0 0 0 0 27 1 0 0 0 0 2 1 2 1 0 0 3 0 5 0 0 0 0 0 0 0 1 0 0 0 0 0 0 0 8 0 0 0 0 0 0 0 0 0 0 0 0 16 0 0 0 0 0 2 1 1 0 0 0 0 6 0 0 104 0 0 0 2 0 0 0 1 1 19 1 0 0 0 0 0 0 0 3 0 1 0 2 0 0 0 2 0 0 0 0 0 0 1 0 0 0 0 1 0 2 3 0 0 14 2 0 1 12 1 0 0 
132 627 0 0 0 1 0 0 0 0 0 0 0 0 0 0 0 1 0 2 0 0 38 0 0 0 0 0 0 0 0 0 0 0 0 0 0 0 1 0 1 0 1 4 0 0 0 0 0 20 0 0 0 0 0 4 0 0 0 0 0 26 0 1 0 0 2 0 0 0 2 0 1 0 1 0 0 0 4 79 0 0 0 0 0 0 4 27 0 4 0 0 0 0 0 2 7 0 0 0 0 0 2 0 0 0 2 0 0 0 1 0 0 0 0 4 0 0 2 0 1 26 6 1 35 1 0 0 0 0 0 0 0 0 0 3 1 0 0 0 0 0 36 0 0 0 0 0 2 1 1 1 2 0 0 0 8 0 0 0 1 0 0 0 1 0 0 0 0 0 0 0 5 0 1 0 0 0 0 0 0 2 0 0 3 16 0 0 0 0 0 2 0 2 1 0 0 0 4 0 1 124 0 0 0 2 0 0 0 0 1 13 0 0 0 0 0 1 0 0 6 0 0 0 0 0 0 0 6 0 1 0 0 0 0 0 0 0 0 0 1 0 4 1 0 0 15 1 0 6 13 0 0 0 
133 719 0 0 0 0 1 0 1 0 0 1 0 0 0 0 0 2 0 0 0 1 39 2 0 0 0 3 0 1 0 0 0 0 0 0 0 1 1 0 1 0 1 5 0 0 0 0 0 12 0 1 1 0 0 5 0 0 0 0 0 48 1 0 0 0 0 0 0 0 2 0 0 0 0 0 0 1 4 73 0 0 0 1 0 0 6 40 0 3 0 0 1 1 0 2 10 0 0 0 0 0 1 0 0 1 1 0 0 0 0 0 0 0 2 0 0 0 0 0 0 40 3 0 22 0 0 0 0 0 0 0 0 0 0 4 0 0 0 0 1 0 22 0 0 0 0 0 1 1 0 1 4 2 2 0 9 0 0 0 1 0 0 2 0 0 0 0 1 0 0 0 1 0 0 0 0 0 0 0 0 1 1 1 2 16 0 1 0 1 0 1 0 0 1 0 0 0 1 0 0 217 1 0 0 2 0 0 0 0 0 12 0 0 0 0 0 0 0 0 3 0 0 0 0 0 0 0 1 0 0 1 0 0 0 1 0 0 0 0 1 0 4 2 0 0 9 5 0 1 22 0 0 0 
134 784 1 0 0 0 0 0 2 0 0 1 0 0 0 0 0 2 0 1 0 0 48 0 0 0 0 0 1 1 1 0 0 0 1 0 0 0 2 0 1 0 0 5 0 0 0 0 0 11 0 0 0 0 0 8 0 0 0 0 0 36 1 0 0 0 0 0 0 0 3 0 0 0 0 0 0 1 11 83 0 0 0 2 0 0 4 33 0 2 0 0 0 0 0 1 9 0 0 0 0 0 0 1 0 0 0 0 0 0 0 0 0 1 0 3 0 0 0 0 0 24 5 1 30 0 0 0 0 0 0 0 0 0 0 3 1 2 0 0 0 0 13 0 3 0 0 0 2 0 0 3 2 1 4 0 3 0 0 0 0 0 0 2 2 0 0 0 0 0 0 0 2 0 0 0 0 0 0 0 0 1 0 0 1 11 0 0 0 1 0 1 1 1 1 0 0 0 3 0 0 265 0 0 0 2 2 0 0 0 1 11 7 0 0 0 0 0 0 0 3 0 0 0 0 2 0 0 4 0 0 0 0 0 0 0 0 0 0 0 1 0 3 4 0 0 25 4 0 1 29 0 0 1 
135 741 0 0 0 0 1 0 1 0 0 0 0 1 0 0 0 0 0 1 0 0 47 1 0 0 0 0 0 1 0 0 0 0 1 0 0 0 1 0 1 0 2 5 0 0 0 0 0 12 0 0 0 0 0 5 2 0 0 0 0 20 0 0 0 0 1 0 0 0 1 0 0 0 0 0 0 0 4 41 0 4 0 1 0 0 5 43 0 6 2 0 0 0 0 1 13 0 0 0 0 0 1 0 0 0 0 0 0 0 1 0 1 0 1 3 0 0 0 0 0 20 10 0 25 0 0 0 0 0 0 0 0 0 0 2 0 1 0 0 0 0 15 0 0 0 0 0 0 0 0 8 2 1 3 0 9 0 0 0 0 0 0 0 2 0 0 0 0 0 0 0 3 0 0 0 0 0 0 0 0 0 1 0 2 14 0 0 0 0 0 4 3 2 3 0 0 0 4 0 0 282 0 0 0 0 0 0 0 0 1 13 1 0 0 0 0 0 0 0 3 0 0 0 0 0 0 0 1 0 1 0 0 0 0 0 0 0 0 0 1 0 6 0 0 0 26 1 0 3 19 0 1 0 
136 787 0 0 0 1 0 0 3 0 0 0 0 0 0 0 0 1 0 1 0 0 45 2 0 0 0 0 0 0 0 0 0 0 1 0 0 0 1 0 1 0 1 3 0 0 0 0 0 12 0 1 0 0 0 5 0 1 0 0 0 43 0 0 0 0 1 0 0 0 2 0 0 0 0 0 0 1 3 30 0 1 0 0 0 0 6 49 0 6 0 0 0 1 0 5 15 0 0 0 0 0 0 0 1 0 0 0 0 0 0 0 0 0 1 2 0 0 0 0 3 27 12 0 29 0 0 0 0 0 1 0 0 0 0 1 0 0 0 0 0 0 13 0 0 0 0 0 1 1 1 2 2 0 4 0 20 0 0 1 0 0 0 1 1 0 0 0 0 0 0 0 4 0 0 0 0 0 0 0 0 1 0 0 3 16 0 0 0 0 0 2 2 1 4 0 0 0 5 0 0 289 1 0 0 1 0 0 0 0 0 27 1 0 0 0 0 0 0 0 0 0 0 0 0 0 0 0 2 0 0 0 0 0 0 0 0 0 0 0 0 0 6 3 2 0 16 3 0 0 11 0 0 0 
137 787 0 2 2 0 0 0 2 0 0 0 0 0 0 0 0 0 0 2 0 0 47 0 0 0 0 2 0 1 1 0 0 0 1 1 0 0 1 0 0 0 1 2 0 0 0 0 0 15 0 0 0 0 0 2 0 1 1 0 0 41 2 0 0 0 2 0 0 0 3 0 0 0 1 0 0 4 4 18 0 1 0 1 0 0 4 47 0 6 0 0 0 0 0 2 22 0 0 0 0 0 0 0 0 0 0 0 0 0 0 0 0 0 0 0 0 0 0 0 0 9 4 0 31 0 0 0 0 0 0 0 0 0 0 1 0 0 0 0 0 0 7 0 0 0 0 0 1 1 1 2 0 0 0 0 13 0 0 0 0 0 0 1 0 0 0 0 0 0 0 0 6 0 0 0 0 0 0 0 0 0 0 0 1 14 0 0 0 0 0 5 1 2 3 0 0 0 1 0 0 336 0 0 0 0 1 0 0 0 0 22 0 0 0 0 0 0 0 1 2 0 0 0 1 0 0 1 3 0 3 0 0 0 0 0 0 0 0 0 1 0 6 1 0 0 28 5 0 0 10 0 1 0 
138 823 0 0 0 0 0 2 4 0 0 0 0 0 0 1 0 1 0 1 0 0 52 2 0 0 0 2 0 0 0 0 0 0 0 0 0 0 0 0 0 0 2 1 0 0 0 0 0 16 0 0 0 0 0 6 1 0 0 0 0 37 0 0 0 0 1 0 0 0 4 0 0 0 0 0 0 2 4 10 0 0 0 0 0 0 6 55 2 12 2 0 1 0 1 9 18 0 1 0 0 0 2 0 0 0 0 0 0 0 1 0 0 0 0 1 0 0 0 0 0 11 9 0 31 0 0 0 0 2 0 0 0 0 0 2 1 0 0 0 0 0 19 1 0 0 0 0 2 1 1 2 1 0 0 0 23 0 0 0 0 1 0 4 1 0 0 0 0 0 0 0 6 0 0 0 1 1 0 0 0 0 1 0 0 12 0 0 0 1 1 0 5 0 2 0 0 0 3 0 1 318 1 0 0 4 1 0 0 0 2 29 0 0 1 0 0 0 0 0 1 0 0 0 0 0 0 0 4 0 2 0 0 0 0 0 0 0 0 0 0 0 11 1 0 0 9 6 1 0 1 0 0 0 
139 775 0 2 1 0 0 0 2 0 0 0 0 1 0 0 0 0 0 2 0 0 49 2 0 0 0 4 1 0 0 0 0 0 2 0 0 0 1 0 1 0 0 0 0 0 1 0 0 23 0 0 0 0 0 6 0 1 0 0 0 28 1 0 0 0 2 0 0 0 10 0 0 0 0 0 0 1 4 7 0 0 0 0 0 0 6 55 0 10 0 0 0 0 0 3 13 0 0 0 0 0 3 0 0 0 0 0 0 0 0 0 0 0 0 1 0 0 0 0 2 7 10 2 35 2 0 0 0 0 0 0 0 0 0 3 0 3 0 0 0 0 13 0 1 0 0 0 1 3 2 4 0 2 2 0 6 0 0 0 0 0 0 2 1 0 0 0 1 0 0 0 2 0 0 0 0 1 0 0 0 0 0 0 2 17 0 0 0 0 0 0 4 0 2 0 0 2 6 0 1 318 0 0 0 4 0 0 0 0 3 14 0 0 0 0 0 0 0 0 1 0 0 0 0 0 0 0 3 0 1 0 0 0 1 0 0 0 0 0 1 0 6 3 0 0 13 1 0 0 1 1 1 0 
140 754 0 1 0 0 0 0 2 0 0 0 0 1 0 0 0 1 0 2 0 0 56 0 0 0 0 2 0 1 0 0 0 0 0 0 0 0 0 0 0 0 3 5 0 0 0 0 0 35 0 0 0 0 0 3 1 0 2 0 0 34 0 0 0 0 0 0 0 0 2 0 0 1 0 0 0 0 5 6 0 0 0 0 0 0 7 31 0 5 0 0 0 0 1 2 22 0 0 0 0 0 1 0 0 0 0 0 1 0 0 0 0 0 0 2 0 0 1 0 1 6 9 0 41 0 0 0 0 0 0 0 0 0 0 2 0 1 0 0 0 0 13 0 0 0 0 0 5 0 2 1 1 0 2 0 20 0 0 1 1 0 0 3 0 0 0 0 0 0 0 0 1 0 0 0 0 0 0 0 0 0 1 0 4 14 0 0 0 0 0 1 0 1 0 0 0 1 3 0 4 312 4 0 0 8 1 0 0 0 1 12 0 0 0 0 0 0 0 0 1 0 0 1 1 0 0 0 6 0 0 0 0 0 0 0 0 0 0 0 0 0 4 3 1 0 6 2 0 1 1 0 0 0 
141 733 0 0 0 0 0 0 3 0 0 0 0 0 0 0 0 0 0 2 0 0 74 1 0 0 0 1 0 1 0 0 0 0 0 0 0 0 0 0 1 0 1 3 0 0 0 0 0 30 0 0 1 0 0 6 0 0 1 0 1 30 0 0 1 0 1 0 0 0 4 0 0 0 1 0 0 1 2 6 0 0 0 0 0 0 8 24 1 9 0 0 0 0 1 0 22 0 0 0 0 0 2 0 0 0 1 0 0 0 0 0 0 0 0 3 0 0 0 0 0 6 3 0 48 0 0 0 0 1 0 0 0 0 0 3 0 0 0 0 0 0 19 1 0 0 0 0 2 2 1 6 0 1 6 0 12 0 0 0 0 0 0 1 0 0 0 1 0 0 0 0 2 0 0 0 0 0 0 0 0 0 0 0 1 31 0 0 0 0 0 0 0 3 0 0 0 0 2 0 0 279 0 0 0 3 0 0 0 0 2 14 0 0 0 0 0 0 0 0 0 0 0 0 0 0 0 0 2 0 0 0 0 0 0 0 0 1 0 0 0 0 5 1 0 0 5 3 0 3 3 0 0 1 
142 714 0 0 0 0 0 1 2 0 0 0 1 0 0 0 0 1 0 1 0 0 77 1 0 0 0 1 0 0 0 0 1 0 0 0 0 0 1 0 0 0 0 6 0 0 0 0 0 17 0 0 0 0 0 3 0 0 0 0 0 39 0 0 1 0 2 0 0 0 5 0 0 0 0 0 0 1 9 10 0 1 0 0 0 0 5 20 0 3 0 0 0 0 1 0 11 0 0 0 0 0 0 0 0 0 0 0 0 0 0 0 0 0 0 1 0 0 0 0 0 7 7 0 31 0 0 0 0 0 0 0 0 0 0 0 0 0 0 0 0 0 16 0 0 0 0 0 2 0 1 1 0 0 3 0 12 0 0 0 0 0 0 4 1 0 0 0 0 0 0 0 0 0 0 0 0 0 0 0 0 1 0 0 0 17 0 0 0 0 0 1 2 1 1 0 0 0 1 0 2 321 1 0 0 3 2 0 0 0 3 11 0 0 1 0 0 0 0 0 0 0 0 0 1 0 0 0 0 0 2 0 0 0 0 0 0 0 0 0 0 0 10 1 0 0 0 1 0 2 4 0 0 0 
143 786 0 0 0 0 0 1 1 0 0 0 0 0 0 0 0 0 0 0 0 0 129 2 0 0 0 1 0 0 0 0 0 0 1 0 0 1 1 0 0 0 6 4 0 0 0 0 0 10 0 0 0 0 0 2 0 0 0 0 0 26 1 2 0 0 1 0 0 0 7 0 0 0 1 0 0 1 3 17 0 0 0 0 0 0 1 9 0 1 1 0 0 0 0 1 7 0 1 0 0 0 0 0 0 0 0 0 0 0 0 0 0 0 0 6 0 0 0 0 0 12 10 2 44 0 0 0 0 0 0 0 0 0 1 1 0 0 0 0 0 0 3 2 0 0 0 0 0 2 1 1 2 1 3 0 11 0 0 0 0 0 0 3 1 0 0 0 0 0 0 0 0 0 0 0 0 1 0 0 0 2 0 0 0 14 0 0 0 0 0 0 0 1 3 0 0 0 1 0 0 355 1 0 0 2 1 0 0 0 1 6 4 0 0 0 0 0 0 0 2 0 0 0 0 0 0 0 0 0 2 0 0 0 0 0 0 0 0 0 0 0 14 2 0 0 1 1 0 1 4 0 0 0 
144 773 0 0 0 0 0 1 0 0 0 0 0 0 0 0 0 2 0 0 0 0 119 1 0 0 0 2 0 0 1 0 0 0 0 0 0 0 0 0 0 0 3 7 0 0 0 0 0 8 0 0 0 0 0 1 0 0 0 0 0 40 0 0 0 0 6 0 0 0 3 0 0 0 0 0 0 2 2 17 0 0 0 0 0 0 3 5 1 0 0 0 0 0 0 0 7 0 0 0 0 0 0 0 0 0 0 0 0 0 0 0 0 0 0 0 0 0 0 0 0 10 10 0 29 0 0 0 0 0 0 0 0 0 0 1 0 0 0 0 0 0 2 0 0 0 0 0 0 0 0 1 1 0 4 0 15 0 0 0 0 0 0 5 1 0 0 0 0 0 0 0 0 0 0 0 0 0 0 0 0 1 0 0 0 10 0 0 0 1 0 0 0 0 1 0 0 0 2 0 0 385 2 0 0 0 0 0 0 1 1 4 0 0 0 0 0 0 0 0 2 0 0 0 0 1 0 1 1 0 0 0 0 0 0 0 0 0 0 0 0 0 16 1 0 0 7 0 0 2 7 0 2 0 
145 491 0 0 0 0 0 1 1 0 0 0 0 0 0 0 0 1 0 0 0 0 85 0 0 0 0 1 0 0 0 0 0 0 1 0 0 0 0 0 0 0 1 4 0 0 0 0 0 6 0 0 0 0 0 0 0 0 0 0 0 26 0 0 0 0 4 0 0 0 0 0 0 0 0 0 0 1 0 21 0 0 0 0 0 0 0 1 1 0 0 0 0 0 0 0 3 0 0 0 0 0 0 0 0 0 0 0 0 0 0 0 0 0 0 4 0 0 0 0 0 6 10 0 5 1 0 0 0 0 0 0 0 0 0 0 0 0 0 0 0 0 0 0 0 0 0 0 0 0 0 3 0 0 1 0 9 0 0 0 0 0 0 3 2 0 0 0 0 0 0 0 0 0 0 0 0 0 0 0 0 0 0 0 0 4 0 0 0 0 0 0 0 0 1 0 0 0 2 0 1 232 3 0 0 0 1 0 0 0 0 0 2 0 0 0 0 0 0 0 1 0 0 0 0 0 0 1 0 0 1 0 0 0 0 0 0 0 0 0 0 0 13 3 0 0 5 0 0 0 8 0 0 0 
146 739 0 0 0 0 0 3 0 0 0 0 1 0 0 0 0 1 0 2 0 0 109 1 0 0 0 2 0 0 0 0 0 0 0 0 0 0 0 0 0 0 1 3 0 0 0 0 0 1 1 0 0 0 0 0 0 0 0 0 0 41 0 0 0 0 5 0 0 0 2 0 0 0 0 0 0 0 2 32 0 0 0 0 0 0 3 3 3 0 0 0 0 0 0 0 1 0 0 0 0 0 0 0 0 0 0 0 0 0 0 0 0 0 0 0 0 0 0 0 0 19 10 0 2 0 0 0 0 0 0 0 0 0 0 0 0 1 0 0 0 0 0 0 0 0 0 0 0 0 0 4 0 0 3 0 19 0 0 0 0 0 0 1 1 0 0 0 0 0 0 0 1 0 0 0 1 0 0 0 0 0 0 1 0 4 0 0 0 1 0 0 1 0 7 0 0 0 0 0 0 383 1 0 0 0 0 0 0 0 0 1 1 0 0 0 0 0 0 0 1 0 0 0 0 0 0 0 0 0 0 0 0 0 0 1 0 0 0 0 1 0 21 1 0 0 6 2 0 0 7 0 0 0 
147 725 0 2 0 0 0 0 0 0 0 0 0 0 0 0 0 1 0 0 0 0 45 1 0 0 0 0 0 0 0 0 0 0 0 0 0 0 2 0 0 0 0 3 0 0 0 0 0 4 0 0 0 0 0 1 0 0 0 0 0 36 0 2 0 0 0 1 0 0 2 1 0 0 0 0 0 1 2 34 0 0 0 0 0 0 1 9 2 0 0 0 0 0 0 1 3 0 0 0 0 0 0 0 0 0 0 0 1 0 0 0 0 0 0 2 0 0 0 0 0 16 15 0 6 0 0 0 0 0 0 0 0 0 2 0 0 0 0 0 0 0 1 0 0 0 0 0 0 0 0 5 0 0 1 0 12 0 0 0 0 0 0 3 0 0 0 0 0 0 0 0 8 0 0 0 0 0 0 0 0 0 0 0 1 3 0 0 0 0 0 2 0 0 5 0 0 1 0 0 0 400 5 0 0 0 0 0 0 0 0 0 8 0 0 0 0 0 0 0 5 0 0 1 0 0 0 1 1 0 3 0 0 0 0 0 0 0 0 0 1 0 13 5 0 0 7 0 0 0 14 0 0 0 
148 592 1 0 0 0 0 2 1 0 0 0 0 0 0 0 0 2 0 1 0 0 24 1 0 0 0 1 0 0 0 0 0 0 0 0 0 0 0 0 0 0 0 6 0 0 0 0 0 2 0 0 0 0 0 2 0 0 0 0 0 18 0 0 0 0 1 0 0 0 1 0 1 0 0 0 0 1 1 40 0 0 0 0 0 0 1 24 1 1 0 0 0 0 0 0 4 0 0 0 0 0 0 0 0 0 0 0 0 0 0 0 1 0 0 1 0 0 0 0 1 14 7 1 5 1 0 0 0 0 0 0 0 0 0 0 0 0 0 0 1 0 9 2 0 0 0 0 0 0 0 1 1 0 2 0 6 0 0 1 0 0 0 2 0 0 0 0 0 1 0 0 6 0 0 0 0 0 0 0 0 1 0 0 0 4 0 0 0 0 0 1 0 0 2 0 0 0 0 0 0 290 3 0 0 0 1 0 0 0 0 2 20 0 0 0 0 0 0 0 2 0 0 1 0 0 0 1 1 0 1 0 0 0 0 0 0 0 0 0 2 0 6 4 0 0 17 1 0 0 12 0 0 0 
149 121 0 1 0 0 0 0 0 0 0 0 0 0 0 0 0 1 0 1 0 0 3 0 0 0 0 2 0 0 0 0 0 0 0 0 0 0 0 0 0 0 0 2 0 0 0 0 0 1 0 0 0 0 0 0 0 0 0 0 0 2 0 0 0 0 1 0 0 0 0 0 0 0 0 0 0 0 1 6 0 0 0 1 0 0 0 5 0 0 0 0 0 0 0 0 2 0 0 0 0 0 0 0 0 0 0 0 0 0 0 0 0 0 0 0 0 0 0 0 0 4 1 0 1 0 0 0 0 0 0 0 0 0 0 1 0 0 0 0 0 0 3 0 0 0 0 0 0 0 0 1 0 0 0 0 2 0 0 0 0 0 0 0 0 0 0 0 0 0 0 0 1 0 0 0 0 0 0 0 0 0 0 0 1 0 0 0 0 0 0 0 0 0 1 0 0 0 0 0 0 60 1 0 0 0 0 0 0 1 0 1 4 0 0 0 0 0 0 0 0 0 0 1 0 0 0 0 0 0 0 0 0 0 0 0 0 0 0 0 0 0 0 0 0 0 3 0 0 0 2 0 0 0 
150 310 0 0 0 0 0 0 0 0 0 0 0 0 0 0 0 0 0 0 0 0 2 0 0 0 0 0 0 0 0 0 0 0 1 0 0 0 0 0 0 0 0 5 0 0 0 0 0 1 0 0 0 0 0 2 0 0 1 0 0 4 0 0 0 0 1 0 0 0 0 0 0 0 0 0 0 0 0 24 0 0 0 0 0 0 1 21 0 3 0 0 0 0 0 2 0 0 0 0 0 0 1 0 0 0 0 0 0 0 0 0 0 0 0 0 0 0 0 0 0 17 6 0 6 0 0 0 0 0 0 0 0 0 0 0 0 1 0 0 0 0 5 1 1 0 0 0 0 0 1 1 0 1 0 0 7 0 0 0 0 0 0 1 0 0 0 0 0 0 0 0 3 0 0 0 0 0 0 0 0 0 0 0 3 2 0 0 0 0 0 0 0 0 0 0 0 0 1 0 0 132 2 0 0 0 0 0 0 0 2 6 5 0 0 0 0 0 0 0 3 0 0 0 0 0 0 0 1 0 0 0 0 0 0 0 0 0 0 0 0 0 1 1 0 0 14 0 0 0 4 0 0 0 
151 63 0 0 0 0 0 0 0 0 0 0 0 0 0 0 0 0 0 0 0 0 1 0 0 0 0 0 0 0 0 0 0 0 0 0 0 0 0 0 0 0 0 1 0 0 0 0 0 0 0 0 0 0 0 0 0 0 0 0 0 0 0 0 0 0 0 0 0 0 0 0 0 0 0 0 0 0 0 3 0 0 0 0 0 0 0 5 0 1 0 0 0 0 0 0 4 0 0 0 0 0 0 0 0 0 0 0 0 0 0 0 0 0 0 0 0 0 0 0 0 1 0 0 3 0 0 0 0 0 0 0 0 0 0 0 0 0 0 0 0 0 2 0 0 0 0 0 0 0 0 0 0 0 0 0 0 0 0 0 0 0 0 0 0 0 0 0 0 0 0 0 1 0 0 0 0 0 0 0 0 0 0 0 0 0 0 0 0 0 0 0 0 0 0 0 0 0 0 0 0 30 0 0 0 1 0 0 0 0 0 0 0 0 0 0 0 0 0 0 0 0 0 0 0 0 0 0 0 0 0 0 0 0 0 0 0 0 0 0 0 0 0 0 0 0 1 0 0 0 4 0 0 0 
152 224 0 0 0 0 0 0 1 0 0 0 0 1 0 0 0 0 0 1 0 0 8 0 0 0 0 1 0 1 0 0 0 0 0 0 0 0 0 0 1 0 0 4 0 0 0 0 0 10 0 0 0 0 0 3 0 0 1 0 0 2 1 0 0 0 0 0 0 0 1 0 0 0 0 0 0 0 2 23 0 1 0 0 0 0 2 15 0 4 0 0 0 0 0 1 4 0 0 0 0 0 2 0 0 0 0 0 0 0 0 0 0 1 0 0 0 0 0 0 0 11 0 0 12 0 0 0 0 0 0 0 0 0 0 2 0 0 0 0 0 0 9 0 0 0 0 0 0 0 0 0 2 0 0 0 2 0 0 0 0 0 0 0 0 0 0 0 0 0 0 0 7 0 0 0 0 0 0 0 0 0 0 0 1 0 0 0 0 0 0 2 0 0 0 0 0 1 3 0 0 30 0 0 0 1 0 0 0 0 1 5 1 0 0 0 0 0 0 0 4 0 0 0 0 0 0 0 1 0 0 0 0 0 0 0 0 0 0 0 0 0 3 2 0 0 12 1 0 0 6 0 1 0 
153 275 0 0 0 0 0 0 2 0 0 0 0 0 0 0 0 0 0 0 0 0 12 0 0 0 0 0 0 1 0 0 0 0 0 0 0 0 0 0 0 0 0 5 0 0 0 0 0 6 0 0 0 0 0 6 1 0 0 0 0 2 0 0 0 0 0 0 0 0 0 0 0 0 0 0 0 0 0 20 0 1 0 0 0 0 1 27 0 4 0 0 0 0 0 1 11 0 0 0 0 0 0 0 0 0 0 0 0 0 0 0 0 0 0 0 0 0 0 0 0 11 0 0 16 0 0 0 0 0 0 0 0 0 0 1 1 1 0 0 0 0 10 0 1 0 0 0 2 1 1 0 1 0 0 0 4 0 0 0 1 1 0 0 0 0 0 0 0 0 0 0 2 0 0 0 0 0 0 0 0 0 0 0 2 0 0 0 0 0 0 0 1 1 0 0 0 0 3 0 0 25 0 0 0 1 0 0 0 0 0 9 20 0 0 0 0 0 0 0 2 0 0 0 0 0 0 0 1 0 0 0 0 0 0 0 0 0 0 0 0 0 0 3 1 0 19 1 0 1 9 0 0 1 
154 312 0 0 0 0 0 0 0 0 0 0 0 0 0 1 0 1 0 1 0 0 13 0 0 0 0 1 1 0 0 0 0 0 0 0 0 0 0 0 1 0 0 4 0 0 0 0 0 11 0 0 0 0 0 3 1 1 0 0 0 2 0 0 0 0 2 0 0 0 1 0 0 0 0 0 0 0 3 28 0 0 0 0 0 0 0 39 0 5 0 0 0 0 0 4 10 0 0 0 0 0 0 0 0 0 0 0 0 0 0 0 0 0 0 0 0 0 0 0 0 14 2 0 20 0 0 0 0 0 0 0 0 0 0 2 0 0 0 0 0 0 16 1 0 0 0 0 0 0 0 0 0 0 0 0 2 0 0 0 0 0 0 0 0 0 0 0 0 0 0 0 2 0 0 0 0 0 0 0 0 0 0 0 1 1 0 0 0 0 0 1 1 0 0 0 0 0 1 0 0 36 0 0 0 0 0 1 0 0 1 5 14 0 0 0 0 0 0 0 4 0 0 0 0 0 0 1 1 0 0 0 0 0 0 0 0 0 0 0 0 0 5 2 1 0 15 0 0 1 12 2 0 0 
155 301 0 0 0 0 0 0 2 0 0 0 0 0 0 0 0 1 0 0 0 0 19 0 0 0 0 0 1 0 0 0 0 0 1 0 0 0 0 0 0 0 1 5 0 0 0 0 0 9 0 0 0 0 0 4 2 0 0 0 0 11 0 1 0 0 1 0 0 0 1 0 0 0 1 0 0 0 5 24 0 0 0 0 0 0 1 28 1 3 1 0 0 0 0 4 4 0 1 0 0 0 1 0 0 0 0 0 0 0 0 0 0 1 0 0 0 0 0 0 1 12 4 0 16 0 0 0 0 0 0 0 0 0 0 1 0 0 0 0 0 0 12 0 0 0 0 0 0 0 1 0 1 1 1 0 6 0 0 0 0 0 0 0 0 0 0 0 0 0 0 0 2 0 0 0 0 0 0 0 0 0 0 0 1 2 0 0 0 0 0 2 1 0 0 0 0 0 4 0 0 46 0 0 0 0 0 0 0 0 1 5 1 0 0 0 0 0 0 0 3 0 0 0 0 0 0 0 3 0 0 0 0 0 0 0 0 0 0 0 0 0 2 3 1 0 9 3 0 1 8 0 1 0 
156 327 0 0 0 0 0 0 0 0 0 0 0 0 0 0 0 1 0 2 0 0 21 0 0 0 0 2 0 1 1 0 0 0 0 0 0 0 0 0 1 0 1 3 0 0 0 0 0 13 0 0 0 0 0 2 0 1 0 0 0 8 0 0 0 0 0 0 0 0 0 0 0 0 0 0 0 1 2 28 0 1 0 0 0 0 5 25 0 5 0 0 0 0 0 0 4 0 0 0 0 0 0 0 0 0 0 0 0 0 0 0 0 1 0 0 0 0 0 0 0 9 1 1 18 0 0 0 0 0 0 0 0 0 0 2 0 0 0 0 1 0 11 0 0 0 0 0 0 0 1 1 0 1 1 0 4 0 0 1 0 0 0 0 0 0 0 0 0 1 0 0 5 0 0 0 0 0 0 0 0 2 0 0 0 3 0 0 0 1 0 2 0 0 1 0 0 0 5 0 0 79 0 0 0 1 0 0 0 0 1 7 0 0 0 0 0 0 0 0 2 0 0 0 0 0 0 0 5 0 0 0 0 0 0 0 0 0 0 0 1 0 3 2 0 0 10 1 0 2 4 1 0 0 
157 402 0 1 0 0 0 0 0 0 0 0 0 0 0 0 0 0 0 2 0 0 36 0 0 0 0 0 0 0 0 0 0 0 0 0 0 0 0 0 0 0 0 3 0 0 0 0 0 8 0 0 0 0 0 2 0 0 0 0 0 26 0 0 0 0 1 0 0 0 0 0 0 0 0 0 0 0 4 52 0 1 0 0 0 0 2 16 0 4 0 0 0 0 0 2 4 0 0 0 0 0 0 0 0 0 0 0 1 0 0 0 0 1 0 1 0 0 0 0 2 15 1 1 14 1 0 0 0 0 0 0 0 0 0 2 0 1 0 0 1 0 15 1 0 0 0 0 0 0 1 0 1 0 3 0 7 0 0 0 0 0 0 2 0 0 0 0 0 0 0 0 1 0 0 0 0 0 0 0 0 2 0 0 0 7 0 0 0 0 0 2 1 1 0 0 0 0 1 0 0 103 1 0 0 0 0 0 0 0 0 6 0 0 0 0 0 0 0 0 2 0 0 0 0 0 0 0 2 0 0 0 0 0 0 0 0 0 2 0 0 0 2 2 0 0 14 0 0 2 11 0 0 0 
158 373 0 2 0 0 0 1 2 0 0 0 0 0 0 0 0 0 0 1 0 1 15 0 0 0 0 1 1 0 0 0 0 0 0 0 0 0 0 0 1 0 1 5 0 0 0 0 0 6 0 0 1 0 0 7 0 0 0 0 0 6 0 1 0 0 1 0 0 0 1 0 0 0 1 0 0 1 5 23 0 0 0 0 0 0 2 17 0 2 0 0 0 0 1 2 5 0 0 0 0 0 1 0 0 0 2 0 0 0 0 0 0 0 0 1 0 0 0 0 0 17 4 0 14 0 0 0 0 0 0 0 0 0 0 4 0 0 0 0 0 0 7 0 1 0 0 0 2 0 1 1 0 0 0 0 5 0 0 0 0 0 0 0 0 0 0 0 0 0 0 0 4 0 0 0 0 0 0 0 0 2 0 0 1 1 0 0 0 0 0 1 1 0 0 0 0 0 2 0 0 146 0 0 0 0 0 0 0 0 0 6 0 0 0 0 0 0 0 0 1 0 0 1 0 0 0 0 1 0 0 0 0 0 0 0 0 0 1 0 0 0 3 0 0 0 10 0 0 2 5 0 0 0 
159 377 0 1 0 0 0 0 1 0 0 0 0 0 0 0 0 2 0 1 0 0 30 0 0 0 0 4 0 0 0 0 0 0 0 0 0 0 2 0 0 0 1 2 0 0 0 0 0 8 0 0 0 0 0 6 0 0 0 0 0 20 0 0 0 0 2 0 0 0 2 0 0 0 1 0 0 0 1 19 0 1 0 1 0 0 1 11 0 1 0 0 0 0 0 2 7 0 0 0 0 0 0 0 0 0 0 1 0 0 0 0 0 0 0 2 0 0 0 0 1 15 7 0 6 0 0 0 0 0 0 0 0 0 0 1 0 1 0 0 0 0 9 0 1 0 0 0 2 0 2 3 0 0 1 0 10 0 0 0 0 0 0 0 0 0 0 0 0 0 0 0 4 0 0 0 0 0 0 0 0 1 0 0 0 3 0 0 0 0 0 0 0 0 0 1 0 0 2 0 0 135 1 0 0 0 0 0 0 0 1 6 0 0 0 0 0 0 0 0 0 0 0 0 0 0 0 0 1 0 1 0 0 0 0 0 0 0 0 0 1 0 3 1 0 0 7 0 0 1 7 0 0 2 
160 373 0 1 0 0 0 0 1 0 0 0 0 0 0 0 0 0 0 2 0 0 26 0 0 0 0 0 0 0 0 0 0 0 0 0 0 0 0 0 0 0 0 1 0 0 0 0 0 4 0 0 0 0 0 8 0 0 0 0 0 6 0 0 0 0 3 0 0 0 2 0 0 0 0 0 0 0 4 13 0 0 0 0 0 0 2 23 0 1 1 0 0 0 2 1 8 0 0 0 0 0 0 0 0 0 0 0 0 0 0 0 0 0 0 0 0 0 0 0 2 15 3 0 16 0 0 0 0 0 0 0 0 0 0 0 0 0 0 0 0 0 9 0 0 0 0 0 0 0 0 2 0 0 2 0 4 0 0 0 0 2 0 1 0 0 0 0 0 0 0 0 2 0 0 0 0 0 0 0 0 0 0 0 1 9 0 0 0 0 0 0 0 0 3 1 0 0 2 0 0 153 0 0 0 0 0 0 0 0 1 7 0 0 0 0 0 0 0 0 1 0 0 0 1 0 0 0 2 0 0 0 0 0 1 0 0 1 0 0 0 0 3 0 0 0 6 2 0 1 2 0 0 0 
161 393 0 0 0 0 0 0 0 0 0 0 0 0 0 0 0 0 0 1 0 0 20 0 0 0 0 1 0 0 0 0 0 0 0 0 0 0 0 0 2 0 0 0 0 0 0 0 0 8 0 0 0 0 0 2 0 0 0 0 0 17 1 0 0 0 1 0 0 0 2 0 0 0 0 0 0 2 2 7 0 0 0 1 0 0 3 17 0 5 0 0 0 0 0 2 11 0 0 0 0 0 1 0 0 0 1 0 0 0 1 0 0 0 0 1 0 0 0 0 0 6 4 0 14 0 0 0 0 0 0 0 0 0 0 0 0 0 0 0 0 0 7 0 0 0 0 0 3 0 0 4 0 0 1 0 4 0 0 0 0 0 0 2 1 0 0 0 0 0 0 0 1 0 1 0 0 1 0 0 0 0 0 0 0 4 0 0 0 0 0 0 2 1 0 0 0 0 1 0 1 167 0 0 0 1 2 0 0 0 0 19 0 0 0 0 0 0 0 0 1 0 0 0 0 0 0 0 5 0 0 0 0 0 0 0 0 0 0 0 0 0 5 0 0 0 11 1 0 1 2 0 0 0 
162 350 0 0 0 0 0 0 2 0 0 0 0 0 0 0 0 0 0 1 0 0 25 0 0 0 0 0 0 0 0 0 0 0 1 0 0 0 1 0 0 0 0 1 0 0 0 0 0 10 0 0 0 0 0 2 0 0 0 0 0 12 0 0 0 0 0 0 0 0 6 0 0 0 0 0 0 0 1 6 0 0 0 0 0 0 2 18 1 1 1 0 1 0 0 0 9 0 0 0 0 0 0 0 0 0 0 0 0 0 1 0 0 0 0 4 0 0 0 0 0 1 5 1 24 0 0 0 0 0 0 0 0 0 0 0 0 1 0 0 0 0 7 2 0 0 0 0 1 0 1 2 0 0 1 0 4 0 0 0 0 0 0 0 1 0 0 0 0 0 0 0 2 0 0 0 0 0 0 0 0 0 0 0 1 2 0 0 0 1 0 0 1 0 1 0 0 1 2 0 1 136 0 0 0 0 0 0 0 0 1 20 0 0 0 0 0 0 0 0 1 0 1 0 1 0 0 0 0 0 0 0 0 0 0 0 0 0 0 0 0 0 3 0 0 0 7 2 0 0 1 0 0 0 
163 398 0 0 0 0 0 0 1 0 0 0 0 0 0 0 0 0 0 2 0 0 27 0 0 0 0 1 0 0 0 0 0 0 0 0 0 0 0 0 1 0 0 5 0 0 0 0 0 19 0 0 0 0 0 4 0 0 0 0 0 7 0 0 0 0 0 0 0 0 5 0 0 0 0 0 0 0 4 1 0 1 0 0 0 0 5 22 2 5 0 0 0 0 1 1 8 0 0 0 0 0 2 0 0 0 0 0 0 0 0 0 1 0 0 1 0 0 0 0 0 3 5 1 28 0 0 0 0 0 0 0 0 0 0 1 2 0 0 0 0 0 7 0 0 0 0 0 0 0 1 0 0 0 1 0 7 0 0 0 0 0 0 2 0 0 0 0 0 0 0 0 1 0 0 0 0 0 0 0 0 0 0 0 0 13 0 0 0 0 0 1 0 1 1 0 0 0 3 0 0 152 0 0 0 1 1 0 0 0 0 11 0 0 0 0 0 0 0 0 0 0 0 0 0 0 0 0 0 0 1 0 0 0 0 0 0 0 0 0 0 0 6 1 0 0 5 2 0 1 3 0 1 0 
164 433 0 0 0 0 0 0 3 0 0 0 0 0 0 0 0 1 0 0 0 0 34 1 0 0 0 1 0 1 0 0 0 0 0 0 0 0 0 0 0 0 0 0 0 0 0 0 0 36 0 0 1 0 0 0 0 0 0 0 0 13 0 0 0 0 0 0 0 0 5 0 0 0 0 0 0 0 3 2 0 3 0 0 0 0 8 19 0 7 0 0 0 0 0 1 19 0 0 0 0 0 0 1 0 0 1 0 1 0 0 0 0 0 0 1 0 0 0 0 0 0 14 0 24 0 0 0 0 0 0 0 0 0 0 1 1 1 0 0 0 0 7 0 0 0 0 0 0 0 0 0 1 0 2 0 6 0 0 0 0 0 0 0 1 0 0 0 0 0 0 0 1 0 0 0 0 0 0 0 0 0 0 0 0 10 0 0 0 0 0 0 0 0 1 0 0 0 5 0 0 155 0 0 0 2 0 0 0 1 1 11 0 0 0 0 0 0 0 0 1 0 0 0 0 0 0 0 2 0 2 0 0 0 0 0 0 0 0 0 1 0 4 0 1 0 2 1 0 0 0 0 0 1 
165 365 0 0 0 0 0 1 2 0 0 0 0 0 0 1 0 1 0 1 0 0 34 2 0 0 0 2 0 1 0 0 0 0 0 0 0 1 0 0 0 0 0 5 0 0 0 0 0 18 0 0 0 0 0 2 0 0 0 0 0 14 0 0 0 0 2 0 0 0 7 0 0 0 0 0 0 0 0 2 0 1 0 1 0 0 2 7 0 2 0 0 0 0 0 0 9 0 0 0 0 0 1 0 0 0 1 0 0 0 0 0 0 0 0 2 0 0 1 0 0 0 4 0 30 0 0 0 0 0 0 0 0 0 0 1 0 0 0 0 0 0 7 0 0 0 0 0 4 0 0 2 0 2 0 0 8 0 0 0 0 0 0 1 1 0 0 1 0 0 0 0 1 0 0 0 0 1 0 0 0 1 0 0 1 20 0 0 0 0 0 0 0 0 0 1 0 0 6 0 0 113 0 0 0 0 0 0 0 0 0 5 0 0 0 0 0 0 0 0 0 0 0 0 0 0 0 0 1 0 1 0 0 0 0 0 0 0 0 0 1 0 7 5 0 0 2 0 0 0 2 0 1 1 
166 383 0 0 0 0 0 0 0 0 0 0 1 0 0 0 0 1 0 0 0 0 46 0 0 0 0 0 0 0 0 0 0 0 0 0 0 0 0 0 0 0 2 5 0 0 0 0 0 8 0 0 0 0 0 1 0 0 1 0 0 23 1 0 1 0 2 0 0 0 3 0 0 0 0 0 0 1 2 8 0 0 0 0 0 0 2 6 1 1 0 0 0 0 0 2 6 0 0 0 0 0 0 0 0 0 0 0 0 0 0 0 0 0 0 1 0 0 0 0 0 1 4 0 21 0 0 0 0 0 0 0 0 0 0 2 0 0 0 0 0 0 7 1 0 0 0 0 1 0 0 1 2 0 2 0 7 0 0 0 1 0 0 1 1 0 0 0 0 0 0 0 0 0 0 0 0 0 0 0 0 0 0 0 2 14 0 0 0 0 0 0 0 0 2 0 0 0 0 0 0 163 1 0 0 1 0 0 0 0 0 3 0 0 0 0 0 0 0 0 0 0 0 0 0 0 0 0 1 0 0 0 0 0 0 0 0 0 0 0 0 0 5 2 0 0 1 0 0 0 1 0 0 0 
167 332 0 0 0 0 0 0 0 0 0 0 0 0 0 0 0 2 0 1 0 0 35 0 0 0 0 0 0 1 0 0 0 0 0 0 0 0 0 0 0 0 1 6 0 0 0 0 0 4 0 0 0 0 0 0 0 0 1 0 0 14 0 0 0 0 0 0 0 0 1 0 0 0 0 0 0 0 1 11 0 0 0 0 0 0 2 4 1 2 0 0 0 0 0 0 4 0 0 0 0 0 0 0 0 0 0 0 0 0 1 0 0 0 0 0 0 0 0 0 0 2 3 0 10 0 0 0 0 0 0 0 0 0 0 1 0 0 0 0 0 0 5 0 0 0 0 0 0 2 0 3 0 0 2 0 5 0 0 0 0 0 0 2 0 0 0 0 0 0 0 0 0 0 0 0 0 0 0 0 0 0 0 0 0 11 0 0 0 0 0 1 0 0 2 0 0 0 1 0 0 163 0 0 0 1 0 0 0 0 2 0 0 0 0 0 0 0 0 0 0 0 0 0 0 0 0 0 0 0 2 0 0 0 0 0 0 0 0 0 0 0 6 1 0 0 0 0 0 0 3 0 0 0 
168 374 0 0 0 0 0 2 0 0 0 0 0 0 0 0 0 1 0 0 0 0 68 1 0 0 0 1 0 0 0 0 0 0 0 0 0 0 0 0 0 0 1 2 0 0 0 0 0 5 0 0 0 0 0 1 0 0 0 0 0 17 0 0 0 0 0 0 0 0 1 0 0 0 0 0 0 1 1 11 0 0 0 0 0 0 2 1 0 1 0 0 0 0 0 0 0 0 0 0 0 0 0 0 0 0 0 0 0 0 0 0 0 1 0 1 0 0 1 0 0 0 6 0 1 0 0 0 0 0 0 0 0 0 0 0 0 0 0 0 0 0 1 0 0 0 0 0 0 0 1 2 2 0 3 0 4 0 0 0 0 0 0 3 2 0 0 0 0 0 0 0 0 0 0 0 0 0 0 0 0 0 0 0 0 17 0 0 0 0 0 0 0 0 0 0 0 0 0 0 0 191 1 0 0 0 1 0 0 0 1 0 0 0 0 0 0 0 0 0 0 0 0 0 0 0 0 0 0 0 0 0 0 0 0 1 0 0 0 0 0 0 2 1 0 0 0 0 0 0 5 0 0 0 
