day total blank BD BF BG BA BB BE BL BM BN BO BH BI BJ BT JM BV BW WS BQ BR BS JE BY BZ RU RW RS LT RE TM TJ RO TK GW GU GT GS GR GQ GP JP GY GG GF GE GD GB GA GN GM GL GI GH OM TN JO WF HR HT HU HK HN HM VE PR PS PW PT KN AF IQ PA PF PG PE PK PH PN PL PM ZM EH EE EG ZA EC IT VN SB ET SO ZW SA ES ER ME MD MG MF MA MC UZ MM ML MO MN MH MK MU MT MW MV MQ MP MS MR IM UG MY MX IL FR AW SH AX SJ FI FJ FK FM FO NI NL NO NA VU NC NE NF NG NZ NP NR NU CK XK CI CH CO CN CM CL CC CA CG CF CD CZ CY CX CR PY CW CV CU SZ SY SX KG KE SS SR KI KH SV KM ST SK KR SI KP KW SN SM SL SC KZ KY SG SE SD DO DM DJ DK DE YE DZ US UY YT UM LB LC LA TV TW TT TR LK LI LV TO TL LU LR LS TH TF TG TD TC LY VA VC AE AD AG VG AI VI IS IR AM AL AO AN AQ AS AR AU AT IO IN TZ AZ IE ID UA QA MZ 
0 2686 0 2 1 0 0 0 0 0 1 1 0 1 0 0 0 0 0 0 0 0 323 0 0 2 0 2 0 1 0 0 0 0 0 0 0 0 1 0 0 0 0 21 0 0 0 0 0 6 0 0 0 0 0 2 0 0 1 0 0 0 0 4 0 0 2 0 0 0 3 0 0 0 1 0 0 3 1 79 0 0 0 0 0 0 7 6 3 3 2 0 0 0 0 0 8 0 0 0 0 0 0 0 0 0 0 0 0 0 0 0 0 2 0 0 0 0 0 0 0 857 19 0 7 0 0 0 0 0 0 0 0 0 0 2 0 0 0 0 0 0 3 2 0 0 0 0 1 0 1 2 1 0 8 0 3 0 0 0 0 0 0 3 3 0 0 0 0 0 0 0 1 0 0 0 0 0 0 0 0 7 0 0 0 7 0 0 0 0 0 5 0 0 2 0 0 0 3 0 0 140 2 0 0 0 0 0 0 4 0 3 1 0 0 0 0 0 0 0 18 0 0 0 0 0 0 0 1 0 0 0 0 0 0 0 0 0 0 0 0 0 31 3 0 0 12 1 0 0 1040 0 1 0 
1 2926 0 0 0 0 0 0 0 0 0 2 0 0 0 0 0 2 0 0 0 0 196 0 0 0 0 0 0 0 0 0 0 0 0 0 0 0 2 0 0 0 0 16 0 0 0 0 0 1 0 0 0 0 0 0 0 0 0 0 0 1 0 1 2 0 5 0 0 0 0 0 0 0 0 0 0 5 6 81 0 0 0 0 0 0 1 6 7 2 1 0 0 0 0 0 6 0 0 0 0 0 1 0 0 0 0 0 0 0 0 0 0 0 1 0 0 0 0 0 0 1056 12 0 10 0 0 0 0 0 0 0 0 0 1 0 0 0 0 0 0 0 2 1 0 0 0 0 0 0 0 2 4 0 3 0 8 0 0 0 0 0 0 1 4 0 0 1 0 0 0 0 1 0 0 0 0 0 0 0 0 8 0 0 1 2 0 0 0 0 0 9 1 0 2 0 0 0 3 0 0 166 1 0 0 0 0 0 0 5 3 2 4 0 1 1 0 0 0 0 32 0 0 0 0 1 0 0 1 0 0 0 0 0 1 0 0 0 0 0 0 0 30 4 1 0 16 1 0 0 1172 0 0 0 
2 3453 1 0 0 0 0 0 0 0 0 0 1 0 0 0 0 4 0 0 0 0 126 1 0 0 0 1 0 0 0 0 0 0 0 0 0 0 2 0 0 0 0 19 0 0 0 0 0 6 0 0 0 0 0 1 1 0 0 0 0 0 1 6 1 0 8 0 0 0 0 0 0 0 0 0 0 2 9 100 0 0 0 0 0 0 2 5 1 1 1 0 0 0 0 1 4 0 0 0 0 0 0 0 1 0 0 1 0 0 0 0 0 0 0 0 0 0 0 0 0 1167 16 0 5 0 0 0 0 1 0 0 0 0 0 1 0 0 0 0 0 0 2 2 1 0 0 0 0 0 0 8 6 0 8 0 11 0 0 0 0 0 0 3 3 0 0 0 0 0 0 0 5 0 0 0 1 0 0 0 0 5 0 0 0 1 0 0 0 0 0 20 0 1 3 0 0 0 1 0 0 213 5 0 0 0 0 0 0 6 0 3 1 0 0 0 0 0 0 0 39 0 0 0 1 0 0 0 5 0 0 0 0 0 0 0 0 0 0 0 0 0 24 15 0 0 38 1 0 0 1512 0 1 0 
3 3476 0 1 0 1 0 1 0 0 0 1 0 1 0 0 0 1 0 1 0 0 78 1 0 0 0 1 0 0 0 0 0 0 0 0 0 0 0 0 0 0 0 34 0 0 0 0 0 2 0 0 0 0 0 0 0 1 2 0 0 0 0 3 0 0 3 0 0 0 2 0 0 0 0 0 0 3 6 86 0 1 0 0 0 0 5 9 2 2 3 0 0 0 0 1 4 0 0 0 0 0 0 0 0 1 0 1 0 0 0 0 0 0 1 0 0 0 1 0 0 1231 19 0 3 0 0 0 0 0 0 0 0 0 0 0 0 0 0 0 0 0 3 1 0 0 0 0 0 0 0 6 1 0 5 0 15 0 0 0 1 0 0 1 1 0 0 0 0 0 0 0 26 0 0 0 0 1 0 0 0 17 0 0 1 3 0 0 0 0 0 23 0 0 1 0 0 0 1 0 0 235 1 0 0 0 0 0 0 0 0 2 3 0 0 0 0 0 0 0 41 0 0 0 1 0 0 1 6 0 0 0 0 0 0 0 0 0 0 0 0 0 18 11 0 0 33 8 0 0 1488 0 0 0 
4 3927 2 0 0 0 0 0 1 0 0 1 0 1 0 0 0 1 0 6 0 0 40 0 0 1 0 1 1 0 0 0 0 0 0 1 0 0 0 0 0 0 0 17 0 0 0 0 0 2 0 0 0 0 0 0 0 0 2 0 0 0 0 3 0 0 2 0 0 0 0 0 0 0 1 0 0 2 11 124 0 0 0 0 0 0 2 36 0 1 3 0 0 0 1 14 5 0 0 0 0 0 0 0 0 0 0 1 1 0 0 0 0 0 0 0 1 0 0 0 1 1625 16 0 7 0 0 0 0 1 0 0 0 0 0 1 0 0 0 0 0 0 7 3 1 0 0 0 0 0 0 5 5 0 2 0 4 0 0 1 0 1 0 1 1 0 0 0 0 0 0 0 20 0 0 0 0 0 0 0 0 6 0 0 14 0 0 0 0 0 0 19 0 0 0 0 0 0 4 0 0 215 5 0 0 1 0 0 0 3 0 6 6 0 0 0 1 0 0 0 68 0 0 0 0 0 0 0 7 0 0 0 0 0 0 1 0 0 0 0 0 0 14 7 0 0 62 15 0 0 1469 0 0 1 
5 4711 2 3 0 0 0 0 0 0 0 4 1 2 0 0 0 1 0 5 0 0 31 0 0 0 0 3 2 2 0 0 0 0 0 0 0 0 1 0 0 0 1 28 0 0 0 0 0 8 0 0 0 0 0 0 5 0 1 0 0 0 1 1 1 0 3 0 0 0 2 0 0 1 1 0 0 0 21 158 0 0 0 0 0 0 9 62 0 2 2 0 0 0 1 12 4 0 0 0 0 0 0 0 1 1 0 0 0 0 0 0 0 1 0 0 0 0 1 0 0 2031 8 0 14 0 0 0 0 3 0 0 0 0 3 3 0 1 0 0 0 0 23 2 1 0 0 0 0 0 3 3 2 0 3 0 8 0 0 0 1 0 0 2 0 0 0 0 0 0 0 0 20 0 0 0 0 0 0 0 0 9 0 0 7 0 0 1 0 0 0 26 0 1 0 0 0 0 5 1 0 149 1 0 0 1 0 0 0 2 2 17 4 0 0 0 0 0 0 0 106 0 0 0 0 0 0 0 1 0 0 0 0 0 0 0 0 0 0 0 0 0 8 9 0 0 92 21 0 0 1717 1 1 0 
6 4942 1 3 0 0 0 0 0 0 0 3 0 1 0 0 0 0 0 5 0 0 15 1 0 1 0 3 5 2 0 0 0 0 0 0 0 0 0 0 0 0 0 36 0 0 0 2 0 8 0 0 0 0 0 2 4 0 0 0 1 1 0 3 0 0 1 0 0 0 4 0 1 1 13 0 0 2 31 132 0 1 0 0 0 0 10 80 0 9 2 0 0 0 1 10 13 0 0 0 0 0 0 0 1 0 0 0 0 0 0 0 0 1 1 0 0 0 0 0 2 2017 5 0 12 0 0 0 0 1 0 0 0 0 0 3 0 0 0 0 0 0 26 1 0 0 0 0 0 1 2 3 3 0 1 0 1 0 0 0 0 0 0 2 0 0 0 0 0 0 0 0 37 0 0 0 1 0 0 0 0 6 0 0 8 0 0 0 0 0 0 34 0 1 0 0 0 0 4 0 0 95 1 0 0 2 0 0 0 6 0 22 6 0 0 0 0 1 0 0 77 0 1 0 0 0 0 0 12 0 0 0 0 0 0 0 0 0 2 0 0 1 4 17 0 0 116 26 0 1 1956 0 2 0 
7 4727 1 2 0 0 0 1 0 0 0 7 0 2 0 0 0 1 0 4 0 0 19 0 0 0 0 2 9 0 0 0 0 0 2 0 0 0 0 0 1 0 0 36 0 0 0 0 0 22 0 0 0 0 0 2 2 0 1 0 0 0 0 2 0 0 0 0 0 0 2 0 0 0 3 0 0 2 27 149 0 1 0 1 0 0 8 63 0 4 0 0 0 0 3 9 25 0 0 0 0 0 1 0 1 3 0 1 0 0 0 0 0 0 1 0 0 0 0 0 4 1925 2 0 20 0 0 0 0 0 0 0 0 0 0 6 2 1 0 0 0 0 27 6 2 0 0 0 0 0 0 2 4 1 0 0 2 0 0 0 0 0 0 1 1 0 0 0 0 0 0 0 55 0 0 0 0 1 0 0 0 13 0 0 10 0 0 0 0 0 0 26 3 2 0 0 0 1 9 0 0 48 1 0 0 0 0 0 0 2 0 20 9 0 0 0 0 0 0 0 68 0 0 0 0 0 0 0 4 0 0 0 0 0 0 1 0 1 0 0 0 0 3 24 4 0 134 33 0 1 1814 0 2 0 
8 4764 3 2 0 2 0 0 1 0 0 3 0 3 0 0 0 1 0 4 0 0 55 0 0 1 0 5 4 2 0 1 0 0 1 0 0 0 0 0 0 0 0 34 0 0 0 1 0 21 0 0 0 0 0 5 3 0 7 0 0 0 1 4 0 0 0 0 0 0 2 0 0 0 0 1 0 0 19 152 0 0 0 1 0 0 18 68 0 10 2 0 0 0 1 12 31 0 0 0 0 0 0 0 0 1 0 1 0 0 0 0 0 3 2 0 1 0 0 0 3 2024 1 2 23 0 0 0 0 1 0 0 0 0 0 3 1 4 0 0 0 0 28 2 0 0 0 0 2 1 5 0 3 1 1 0 3 0 0 0 1 0 0 0 0 0 0 0 0 1 0 0 41 0 0 0 1 0 0 0 0 4 0 0 6 1 0 0 0 0 0 20 0 3 0 0 0 1 11 0 0 27 0 0 0 0 0 0 0 6 0 23 5 0 0 0 0 0 0 0 70 0 0 1 0 0 0 0 19 0 0 0 0 0 0 0 0 0 0 0 0 0 1 25 0 0 79 43 1 2 1762 0 2 1 
9 4720 1 1 0 0 0 0 3 0 0 7 0 1 0 0 0 0 0 1 0 0 55 0 0 0 0 4 1 2 2 0 0 0 0 0 0 0 0 0 0 0 0 39 0 0 0 0 0 29 0 0 0 2 0 1 2 0 3 0 1 0 0 1 0 0 0 0 0 0 2 0 1 0 0 0 0 0 22 205 0 4 0 3 0 0 16 64 0 8 9 0 0 0 3 15 13 0 0 0 0 0 0 0 1 0 0 1 0 0 0 0 0 0 1 0 0 0 0 0 0 1905 2 0 33 0 0 0 0 0 0 0 0 0 0 5 0 2 0 0 0 0 20 2 3 0 0 0 2 0 2 0 3 1 1 0 4 0 0 0 0 0 0 0 1 0 0 0 0 0 0 0 49 0 0 0 1 0 0 0 0 9 0 0 12 0 0 0 0 0 0 29 2 7 0 0 0 0 8 0 1 33 0 0 0 0 0 1 0 5 0 27 9 0 0 0 0 0 0 1 62 0 0 0 0 1 0 0 6 0 0 0 0 0 0 2 0 0 0 0 0 1 3 21 2 0 69 40 1 3 1794 0 0 0 
10 5178 3 2 0 0 0 0 2 0 0 5 1 0 0 0 0 0 0 3 0 0 66 0 0 0 0 7 0 1 0 0 0 0 1 0 0 0 0 0 0 0 0 30 0 0 0 0 0 26 0 0 1 0 0 3 0 0 6 0 1 0 1 0 0 0 0 0 0 0 1 0 0 0 0 0 0 1 23 187 0 1 0 0 0 0 23 76 1 11 0 0 0 0 0 15 19 0 2 0 0 0 0 0 1 1 0 0 0 0 0 0 0 0 0 0 1 0 0 0 0 2132 0 0 25 0 0 0 0 0 0 0 0 0 0 8 0 0 0 0 0 0 35 4 0 0 0 0 3 2 4 1 9 0 4 0 3 0 0 1 1 0 0 0 3 0 0 0 0 1 0 0 35 0 1 0 0 0 0 0 0 3 0 0 14 1 0 0 0 1 0 28 2 3 0 0 0 0 13 0 0 49 1 0 0 1 0 0 0 8 0 30 9 0 0 0 0 0 0 0 51 0 0 0 0 0 0 0 7 0 0 0 0 0 0 0 0 0 0 0 0 0 3 14 2 0 70 23 0 1 2032 1 0 0 
11 5417 0 0 0 0 0 0 2 0 0 3 0 1 0 0 0 0 0 2 0 0 67 0 0 0 0 6 0 3 0 0 0 0 3 0 0 0 0 0 0 0 0 28 0 0 0 2 0 18 0 0 0 0 0 3 0 0 6 0 1 0 0 5 0 0 0 0 0 0 4 0 1 2 0 0 0 0 32 243 0 2 0 0 0 1 11 91 0 9 1 0 0 0 2 13 24 0 0 0 0 0 0 0 1 0 0 0 1 0 0 0 0 1 1 0 0 0 0 0 2 2265 0 0 28 0 0 0 0 2 0 0 0 0 0 8 0 0 0 0 0 0 26 1 0 0 0 0 2 0 5 1 3 1 2 0 3 0 0 0 1 0 0 0 0 0 0 0 0 0 0 0 20 0 0 0 1 0 0 0 0 9 0 0 11 3 0 0 0 0 0 26 2 2 0 0 0 0 13 0 0 51 1 0 0 3 0 1 0 1 0 22 9 0 0 0 0 0 0 0 73 0 0 0 0 0 0 0 4 0 0 0 0 0 0 1 0 0 0 0 0 0 16 13 2 0 85 14 1 1 2073 0 4 0 
12 5262 0 1 0 1 0 0 0 0 0 3 0 3 0 0 0 0 0 1 0 0 56 0 0 0 0 7 1 0 0 0 0 0 2 1 0 0 2 0 1 0 0 56 0 0 0 0 0 24 0 0 1 0 0 2 1 5 1 0 1 0 0 3 0 0 0 0 0 0 2 0 0 1 0 0 0 0 31 257 0 0 0 0 0 0 11 45 0 8 0 0 0 0 1 7 31 0 0 0 1 0 0 0 0 0 0 0 0 0 0 0 0 0 0 0 0 0 0 0 4 2279 4 0 27 0 0 0 0 0 0 0 0 0 0 1 1 0 0 0 0 0 19 2 4 0 0 0 0 0 4 6 5 0 1 0 8 1 0 1 0 1 0 1 1 0 0 0 1 0 0 0 27 0 0 0 3 0 0 0 0 4 0 0 14 0 0 0 0 1 0 28 0 1 0 0 0 0 6 0 0 76 0 0 0 0 0 0 0 5 0 32 1 0 0 0 0 0 0 0 44 0 0 0 0 1 0 0 7 0 0 0 0 0 0 1 0 0 0 0 2 0 15 21 2 0 74 14 0 1 1930 1 0 0 
13 4885 0 1 0 0 0 0 1 0 0 3 1 2 0 0 0 0 0 2 0 0 97 0 0 0 0 5 3 3 0 0 0 0 0 0 0 0 0 0 0 0 0 33 0 0 0 1 0 19 0 0 0 0 0 1 0 0 6 0 0 0 1 1 0 0 0 0 0 0 1 0 0 0 0 0 0 2 37 210 0 3 0 0 0 0 21 50 0 6 0 0 0 0 1 13 18 0 0 0 0 0 0 0 0 0 0 0 0 0 0 0 0 0 0 0 0 0 0 0 0 2092 10 0 18 0 0 0 0 1 0 0 0 0 1 1 0 1 0 0 0 0 22 0 4 0 0 0 2 1 2 0 2 1 4 0 11 0 0 0 0 0 0 2 1 0 0 0 0 0 0 0 30 0 0 0 1 0 0 0 0 7 0 0 10 0 0 0 0 0 0 16 1 1 1 0 0 0 5 0 0 81 0 0 0 2 0 0 0 8 0 27 2 0 0 0 0 0 0 0 38 0 0 0 0 0 0 1 9 0 0 0 0 0 0 1 0 0 0 0 0 0 10 11 0 0 76 11 2 0 1806 0 3 1 
14 4529 1 3 0 0 0 0 0 0 0 3 0 2 0 0 0 0 0 3 0 0 78 1 0 0 0 5 0 2 0 0 0 0 0 0 0 0 1 0 0 0 0 18 0 0 0 0 0 27 0 0 0 0 0 2 0 0 4 0 1 0 2 4 1 0 4 0 0 0 2 0 0 3 1 0 0 1 42 166 0 0 0 0 0 0 8 52 1 10 1 0 0 0 0 9 18 0 0 0 0 0 1 0 0 0 0 1 0 0 0 0 0 0 2 0 0 0 0 0 1 1968 11 2 11 0 0 0 0 1 0 0 0 0 0 6 0 0 0 0 0 0 18 0 8 0 0 0 2 1 1 3 4 2 1 0 8 0 0 0 1 0 0 0 1 0 1 0 0 0 0 0 33 0 0 0 0 0 0 0 0 4 1 0 18 1 0 0 0 0 0 42 4 0 1 0 0 1 6 0 0 111 1 0 0 0 0 0 0 3 0 36 11 0 0 0 0 0 0 0 36 0 0 0 0 0 0 0 16 0 0 0 0 0 0 1 0 1 0 0 0 0 7 13 0 0 57 14 0 5 1562 2 1 3 
15 4182 0 1 0 1 1 0 3 0 0 1 0 0 0 2 0 0 0 1 0 0 123 0 0 0 0 3 2 2 0 0 0 0 0 0 0 0 0 0 0 0 0 19 0 0 0 0 0 13 0 0 0 0 0 5 2 0 5 0 0 1 0 3 0 0 0 0 0 0 1 0 0 2 0 0 0 1 28 170 0 2 0 0 0 0 9 34 1 11 1 0 0 0 1 14 22 0 0 0 0 0 2 0 1 1 0 0 0 0 0 0 0 0 1 0 0 0 0 0 2 1830 12 1 15 0 0 0 0 0 0 0 0 0 0 4 0 0 0 0 0 0 28 0 4 0 0 0 2 0 1 7 8 2 3 0 6 0 0 0 1 1 0 1 1 0 0 0 0 0 0 0 51 0 0 0 0 0 0 0 0 4 0 0 8 8 0 0 0 0 0 30 0 1 0 0 0 1 8 0 1 101 3 0 0 2 0 0 0 4 0 37 8 0 0 0 0 0 0 0 25 0 0 0 0 1 0 0 11 0 0 0 0 0 0 1 0 0 0 0 0 0 9 5 0 0 78 10 0 0 1348 0 2 1 
16 3401 2 3 0 1 0 0 3 0 0 4 0 2 0 0 0 1 0 1 0 0 129 0 0 0 0 3 1 2 0 0 0 0 0 0 0 0 1 0 0 0 0 22 0 0 0 0 0 20 0 0 0 0 0 4 2 0 5 0 0 1 2 4 0 0 2 0 0 0 5 0 0 0 1 1 0 1 45 88 0 2 0 0 0 1 10 54 1 11 0 0 0 1 2 12 17 0 0 0 0 0 1 0 0 2 0 0 1 0 0 0 1 0 1 0 0 0 0 0 4 1523 8 1 25 0 0 0 0 1 0 0 0 0 0 2 0 0 0 0 0 0 14 0 2 0 0 0 0 0 0 4 5 0 3 0 7 0 0 2 1 0 0 0 0 0 0 0 1 0 0 0 32 0 0 0 0 0 0 0 0 6 0 0 28 4 0 0 0 0 0 26 1 2 1 0 0 0 11 0 1 114 3 0 0 0 0 0 0 4 0 47 6 0 0 0 0 0 0 0 18 0 0 0 1 1 0 0 15 0 1 0 0 0 0 1 0 0 0 0 0 0 11 2 0 0 67 16 1 0 901 0 1 0 
17 2603 1 1 0 0 0 1 1 0 0 0 0 1 0 0 0 0 0 3 0 0 66 1 0 0 0 3 2 1 0 0 0 0 0 0 0 0 1 0 0 0 0 16 0 0 0 0 0 21 0 0 0 0 0 6 1 0 2 0 0 0 1 1 0 0 1 0 0 0 3 0 0 1 0 0 1 3 48 60 0 0 0 0 0 0 17 59 0 10 0 0 0 0 1 18 9 0 0 0 0 0 0 0 0 0 0 0 1 0 1 0 0 0 0 0 0 0 0 0 0 1150 10 2 21 0 0 0 0 0 0 0 0 0 0 7 1 0 0 0 0 0 20 0 0 0 0 0 0 1 1 3 6 1 2 0 5 0 0 0 1 1 0 3 1 0 0 0 0 0 0 0 32 0 0 0 0 0 0 0 0 2 0 0 30 12 0 0 0 0 0 8 0 2 1 0 0 0 12 0 0 107 1 0 0 0 1 0 0 1 0 35 1 0 0 0 0 0 0 0 2 0 0 0 0 1 0 0 8 0 0 0 0 0 0 0 0 0 1 0 0 0 18 1 1 0 73 19 2 2 627 0 1 0 
18 1872 0 1 1 0 0 0 2 0 0 0 5 1 0 0 0 2 0 3 0 0 79 0 0 0 0 9 0 5 0 0 0 0 1 0 0 0 2 0 0 0 0 13 0 0 0 0 0 19 0 0 0 0 0 1 0 0 2 0 0 0 0 2 0 0 3 0 0 0 4 0 0 0 1 0 0 1 40 17 0 2 0 2 0 0 6 75 1 10 1 0 0 0 0 13 24 0 0 0 0 0 0 0 0 0 0 0 0 0 1 0 0 0 2 0 0 0 0 0 1 646 12 1 24 0 0 0 0 2 0 0 0 0 0 3 0 0 0 0 0 0 17 0 2 0 0 0 2 1 0 4 6 1 1 0 8 0 0 0 0 0 0 0 1 0 0 0 0 0 0 0 19 0 0 0 1 1 0 0 0 2 0 0 22 3 0 0 0 0 0 3 2 0 0 0 0 0 3 0 3 134 3 0 0 2 0 0 0 0 1 45 4 0 0 0 0 0 0 0 2 0 0 0 0 0 0 0 11 0 0 0 0 0 1 3 0 0 0 0 0 0 8 1 2 0 75 13 0 2 412 0 0 0 
19 1358 0 2 0 0 1 0 4 0 0 1 0 0 0 0 0 0 0 1 0 0 84 0 0 0 0 3 1 3 0 0 0 0 2 1 0 0 1 0 3 0 0 8 0 0 0 1 0 18 0 0 0 1 0 3 1 0 2 0 0 0 0 0 1 0 1 0 0 0 11 0 0 0 0 0 0 3 25 13 0 0 0 0 0 0 14 89 0 12 0 0 0 2 1 15 26 0 0 0 0 0 0 0 0 0 0 0 0 0 1 0 0 1 1 0 0 0 0 0 0 331 15 1 29 0 0 0 0 2 0 0 0 0 0 7 0 1 0 0 0 0 13 1 0 0 0 0 3 0 2 4 0 1 4 0 7 0 0 0 0 0 0 3 1 0 0 1 0 0 0 0 20 0 0 0 0 0 0 0 0 2 0 0 32 16 0 0 0 0 0 4 5 0 1 0 0 1 9 0 2 109 3 0 0 1 0 0 0 0 0 39 0 0 0 0 0 0 0 0 0 0 0 0 0 1 0 1 10 0 0 0 0 0 0 0 0 0 0 0 0 0 12 3 1 0 24 15 0 3 254 1 1 0 
20 1151 0 0 0 0 0 0 1 0 0 0 0 3 0 0 0 1 0 2 0 0 106 2 0 2 0 3 0 1 2 0 0 0 1 0 0 0 2 0 0 0 0 23 0 0 0 1 0 31 0 0 0 0 0 3 0 1 3 0 0 0 0 0 0 0 1 0 0 0 10 0 0 2 0 0 0 4 17 10 0 3 0 0 0 0 13 58 0 9 1 0 0 0 2 6 19 0 1 0 0 0 1 0 0 0 0 0 0 0 0 0 0 0 1 0 0 0 0 0 1 192 13 0 39 0 0 0 0 0 0 0 0 0 0 4 0 1 0 0 0 0 17 0 0 0 0 0 3 0 1 4 0 1 2 0 6 0 0 0 1 1 0 4 4 0 0 1 0 0 0 0 22 0 0 0 1 0 0 0 0 0 1 0 21 7 0 0 0 0 0 3 1 0 0 0 0 0 10 0 2 119 1 0 0 2 0 0 0 0 0 43 1 0 0 0 0 0 0 0 0 0 0 0 0 0 0 0 12 0 0 0 0 0 0 0 0 0 0 0 0 0 8 12 1 0 13 4 2 1 214 1 0 0 
21 1318 0 0 0 0 1 0 5 0 1 0 0 1 0 0 0 1 0 1 0 0 114 0 0 0 0 1 0 1 0 0 0 0 0 0 0 0 0 0 0 0 0 22 0 0 0 0 0 24 0 0 0 0 0 2 0 0 4 0 0 0 0 1 1 0 2 0 0 0 8 0 0 0 0 0 0 0 17 20 0 14 0 0 0 0 21 38 1 7 0 0 0 0 0 12 21 0 0 0 0 0 0 0 0 0 0 0 0 0 0 0 0 0 0 1 0 0 0 0 2 178 19 0 31 0 0 0 0 2 0 0 0 0 0 3 0 3 0 0 0 0 24 1 1 0 0 0 2 0 1 0 0 0 1 0 4 0 0 0 0 2 0 2 2 0 0 0 0 0 0 0 14 0 0 0 0 0 0 0 0 1 0 0 31 5 0 0 0 0 0 1 2 0 0 1 0 1 4 0 2 120 4 0 0 1 0 0 0 0 0 36 0 0 0 0 0 0 0 0 3 0 0 0 0 1 0 0 12 0 0 0 0 0 0 1 0 0 1 0 0 0 19 3 2 0 12 4 0 0 412 0 0 1 
22 1729 0 0 0 1 0 1 1 0 0 2 0 0 0 0 0 1 0 1 0 0 115 0 0 1 0 0 0 1 0 0 0 0 0 0 0 0 0 0 0 0 0 28 0 0 0 0 0 28 0 0 0 0 0 3 0 0 14 0 1 0 0 1 0 0 5 3 0 0 6 0 1 0 2 0 0 6 19 55 0 0 0 0 0 0 18 38 0 8 0 0 0 0 1 6 26 0 0 0 0 0 0 0 0 0 0 0 0 0 1 0 0 0 0 0 0 0 0 0 0 331 15 2 32 1 0 0 0 0 0 0 0 0 0 3 0 2 0 0 0 0 11 2 0 0 0 0 1 0 0 8 0 0 3 0 10 0 0 0 0 0 0 1 3 0 0 0 0 0 0 0 5 0 0 0 0 0 0 0 2 4 0 0 17 11 0 0 0 0 0 2 1 2 1 0 0 0 5 0 1 132 2 0 0 0 0 0 0 2 0 16 0 0 1 0 0 0 0 0 2 0 0 0 0 0 0 0 5 0 0 0 0 0 0 1 0 0 0 0 0 0 17 14 0 0 8 1 0 2 649 0 0 0 
23 2321 0 6 0 0 1 0 1 0 0 0 0 1 0 0 0 1 0 0 0 0 157 0 0 0 0 1 0 1 0 0 0 0 0 0 0 0 0 0 0 0 0 20 0 0 0 0 0 16 0 0 1 0 0 3 0 0 0 0 0 0 1 3 0 0 2 0 0 0 4 0 0 0 2 2 0 2 6 42 0 1 0 0 0 0 15 26 1 4 0 0 0 0 0 6 13 0 0 0 0 0 0 0 0 0 0 1 0 0 0 0 0 0 0 1 0 0 0 0 0 672 18 3 36 0 0 0 0 0 0 0 0 0 0 2 1 0 0 0 0 0 8 1 0 0 0 0 0 0 0 8 1 0 4 0 13 0 0 0 0 1 0 2 0 0 0 0 0 0 0 0 3 0 0 0 0 0 0 0 0 6 0 0 16 3 0 0 0 0 0 12 0 0 1 0 0 0 2 0 2 150 6 0 0 0 0 0 0 0 0 13 2 0 0 0 0 0 0 0 18 0 0 0 0 0 0 0 2 0 0 0 0 0 0 1 0 0 0 0 0 0 21 13 0 0 8 0 0 2 914 0 1 1 
24 2725 0 0 0 0 0 0 1 0 0 3 0 0 0 0 0 0 0 0 0 0 178 0 0 0 0 2 0 0 1 0 0 0 0 0 0 0 1 0 0 0 0 15 0 0 0 0 0 13 0 0 0 0 0 0 0 0 1 0 0 0 0 3 0 0 2 0 0 0 1 0 0 0 1 0 0 6 3 84 0 0 0 0 0 0 9 11 1 0 1 0 0 0 0 7 10 0 0 0 0 0 0 0 0 0 0 0 0 0 0 0 0 0 0 0 0 0 0 0 0 953 15 3 20 0 0 0 0 0 0 0 0 0 0 1 0 1 0 0 0 0 5 2 0 0 0 0 0 1 1 2 3 0 5 0 7 0 0 0 0 0 0 0 4 0 0 0 0 0 0 0 5 0 0 0 0 0 0 0 0 3 0 0 8 1 0 0 0 0 0 19 1 0 0 0 0 0 6 0 0 178 2 0 0 0 0 0 0 3 0 7 1 0 0 0 0 0 0 0 34 0 0 0 0 0 0 0 2 0 0 0 0 0 0 1 0 0 0 0 1 0 14 4 0 0 12 0 0 0 1039 0 0 0 
25 3080 0 1 0 1 0 1 0 0 0 0 0 0 0 0 0 2 0 0 0 0 171 1 0 0 0 1 0 0 0 0 0 0 0 0 0 0 2 0 0 0 0 14 0 0 0 0 0 4 0 0 0 0 0 1 1 0 1 0 0 0 0 1 1 0 6 1 0 0 1 0 0 0 3 0 0 6 10 95 0 2 0 0 0 0 15 5 0 0 0 0 0 0 0 3 2 0 0 0 0 0 0 0 0 0 0 0 0 0 0 0 0 0 0 0 0 0 0 0 0 1060 17 0 13 0 0 0 0 0 0 0 0 0 0 1 0 0 0 0 0 0 6 4 2 0 0 0 0 1 1 12 3 0 3 0 16 0 0 0 0 0 0 1 0 0 0 0 0 0 0 0 3 0 0 0 0 1 0 0 0 2 0 0 4 5 0 0 0 0 0 11 0 0 0 0 0 0 4 0 0 176 4 0 0 0 0 0 0 3 0 2 2 0 0 0 0 0 0 0 37 0 0 0 0 0 0 0 2 0 0 0 0 0 0 0 0 0 0 0 1 1 27 9 0 0 11 0 0 0 1271 0 3 0 
26 3582 0 1 0 0 0 0 3 0 0 1 0 0 0 0 0 0 0 0 0 0 127 0 0 0 0 1 0 0 0 0 0 0 1 0 0 0 2 0 0 0 0 19 0 0 0 0 0 5 0 0 0 0 0 0 0 0 0 0 0 0 0 4 0 0 3 3 0 0 1 0 0 0 4 0 0 4 8 119 0 1 0 1 0 0 3 16 3 0 3 0 0 0 0 2 3 0 0 0 0 0 0 0 0 0 0 2 0 0 0 0 0 0 0 1 0 0 0 0 0 1332 22 0 8 0 0 0 0 0 0 0 0 0 3 1 1 0 0 0 0 0 3 1 0 0 0 0 1 0 1 10 5 0 7 0 8 0 0 0 0 0 0 1 2 0 0 0 0 0 0 0 7 0 0 0 0 0 0 0 0 7 0 0 1 4 0 0 0 0 0 11 0 0 0 0 0 0 2 1 0 193 2 0 0 0 0 0 0 5 0 5 1 0 0 0 0 0 0 0 26 0 0 0 0 0 0 0 6 0 1 0 0 0 0 0 0 0 0 0 0 0 28 11 0 0 39 0 0 0 1470 0 1 0 
27 3935 2 0 0 0 0 0 0 0 0 0 0 0 0 0 0 2 0 1 0 0 103 0 0 0 0 0 0 0 0 0 0 0 0 0 0 0 2 0 3 0 0 35 0 0 0 0 0 6 0 0 0 0 0 0 0 1 0 0 0 0 0 3 0 0 2 2 0 0 1 1 1 0 0 0 0 1 24 142 0 0 0 0 0 0 3 18 0 0 0 0 0 1 2 2 5 0 0 0 0 0 0 0 0 0 0 2 0 0 0 0 0 1 0 0 0 0 0 0 0 1577 32 0 1 0 0 0 0 0 0 0 0 0 2 1 0 0 0 0 0 0 4 4 0 0 0 0 0 0 0 5 7 0 2 0 4 0 0 0 0 0 0 7 3 0 0 0 0 0 0 0 31 0 0 0 1 0 0 0 0 6 0 0 1 0 0 0 0 1 0 19 0 0 2 0 0 0 0 0 0 173 3 0 0 1 0 0 0 4 0 1 6 0 0 0 0 0 0 0 37 0 0 0 1 0 0 0 7 0 0 0 0 0 0 0 0 0 0 0 0 0 29 7 0 0 80 9 0 0 1491 0 0 0 
28 4482 0 2 0 0 1 0 0 0 0 3 0 0 0 0 0 0 0 2 0 0 70 0 0 0 0 5 0 1 0 0 0 0 0 1 0 0 1 0 1 0 0 33 0 0 0 0 0 5 0 1 0 0 0 0 0 0 2 0 0 0 0 5 2 0 5 0 0 0 2 0 0 0 1 0 0 2 14 152 0 1 0 0 0 0 10 37 1 3 7 0 0 0 0 6 6 0 0 0 0 0 0 0 1 0 1 1 0 0 0 0 0 0 0 0 0 0 0 0 1 1929 20 0 6 0 0 0 0 0 0 0 0 0 0 3 1 0 0 0 0 0 12 3 1 0 0 0 0 0 2 5 9 0 1 0 12 0 0 0 0 0 0 2 0 0 0 0 0 0 0 0 31 0 0 0 0 1 0 0 0 11 0 0 6 0 0 0 0 0 0 23 1 0 4 0 0 0 5 0 0 165 0 0 0 0 0 0 0 4 1 9 5 0 0 0 0 0 0 0 64 0 0 0 0 0 0 0 5 0 0 0 0 0 0 0 0 0 0 0 0 0 16 3 0 0 81 10 0 0 1638 0 1 0 
29 4451 1 1 0 1 1 0 0 0 0 3 0 0 0 0 0 0 0 3 0 0 26 0 0 0 0 1 1 1 0 0 0 0 0 0 0 0 1 0 0 0 0 33 0 0 0 0 0 3 0 0 0 0 0 2 0 0 3 0 0 0 0 11 0 0 1 0 0 0 0 0 0 1 1 0 0 4 27 144 0 2 0 1 0 0 3 69 0 12 2 0 0 0 3 4 10 0 0 0 0 0 0 0 0 0 0 0 0 0 0 0 2 0 0 0 0 0 0 0 3 1852 12 1 15 0 0 0 0 0 0 0 0 0 1 4 1 0 0 0 0 0 10 3 3 0 0 0 2 0 1 3 9 0 6 0 9 0 0 0 1 0 0 1 0 0 0 0 0 0 0 0 36 0 0 0 1 0 0 0 0 8 0 0 1 0 0 0 0 0 0 21 2 1 3 0 0 1 4 0 0 145 1 0 0 0 0 0 0 8 0 12 7 0 0 0 0 0 0 0 65 0 0 0 0 0 0 0 4 0 0 0 0 0 0 0 0 0 0 0 0 1 3 10 0 0 66 18 0 1 1703 0 2 1 
30 4949 2 0 0 2 0 0 5 0 0 1 0 1 0 0 0 1 0 5 0 0 20 0 0 0 0 2 3 3 0 0 0 0 1 0 0 0 2 0 0 0 0 41 0 0 0 2 0 8 0 0 0 0 0 2 0 1 0 0 0 0 1 1 0 0 2 0 0 0 6 0 0 0 2 0 0 1 25 157 0 1 0 0 0 0 4 76 1 6 2 0 0 2 1 3 18 0 0 0 0 0 1 0 0 1 0 0 1 0 0 0 0 1 0 0 0 0 0 0 2 2063 7 0 23 0 0 0 0 2 0 0 0 0 0 6 0 0 0 0 0 0 18 3 2 0 0 0 3 1 1 2 5 0 1 0 5 0 0 0 1 0 0 1 0 0 0 0 0 0 0 0 39 0 0 0 0 0 0 0 0 10 1 0 2 1 0 0 0 1 0 27 0 1 3 0 0 0 11 0 0 78 1 0 0 4 0 1 0 8 1 16 9 0 0 0 0 0 0 1 64 0 0 0 0 0 0 0 12 0 0 0 0 0 1 0 0 0 0 0 0 0 5 11 0 0 78 34 0 0 1957 0 1 1 
31 4968 0 1 0 0 0 1 3 0 0 6 0 0 1 0 0 0 0 0 0 0 15 0 0 0 0 8 4 1 0 0 0 0 0 0 0 0 1 0 0 0 0 32 0 0 0 0 0 17 0 0 0 0 0 4 0 0 0 0 1 0 2 2 0 0 0 0 0 0 5 0 0 1 0 0 2 0 41 133 0 1 0 2 0 0 10 70 0 13 0 0 0 0 1 4 15 0 0 0 0 0 0 0 0 0 0 0 0 0 0 0 0 0 1 0 1 0 0 0 2 2286 6 1 19 0 0 0 0 0 0 0 0 0 0 9 1 4 0 0 0 0 34 6 1 0 0 0 0 0 3 0 6 1 0 0 2 0 0 0 0 0 0 1 0 0 0 0 0 0 0 0 34 0 0 0 0 0 0 0 0 5 1 0 5 0 0 0 0 0 0 19 2 1 3 0 0 0 12 0 1 75 1 0 0 0 0 1 0 2 0 26 3 0 1 0 0 0 0 0 66 0 0 0 0 0 0 0 10 0 0 0 0 0 0 0 0 0 0 0 2 0 2 13 3 0 69 34 1 3 1778 0 0 0 
32 5117 1 2 0 0 0 0 2 0 0 7 0 1 0 0 0 0 0 2 0 0 42 0 0 0 0 4 3 0 0 0 0 0 2 0 0 0 0 0 1 0 0 30 0 0 0 1 0 16 0 0 0 0 0 3 0 0 1 0 0 0 0 13 0 0 0 0 0 0 4 0 0 1 0 0 0 2 33 156 0 0 0 0 0 0 11 53 1 3 3 0 0 0 1 13 22 0 0 0 0 0 1 0 2 1 0 0 1 0 0 0 1 1 0 0 0 0 0 0 2 2377 1 1 27 0 0 0 0 1 0 0 0 0 0 2 0 1 0 0 0 0 35 3 3 0 0 0 0 1 3 0 4 0 0 0 3 0 0 1 2 2 0 1 0 0 0 0 0 0 0 0 44 0 0 0 0 0 0 0 0 9 0 0 8 0 0 1 0 1 0 30 4 2 3 0 0 0 6 0 0 49 0 0 0 3 0 0 0 5 0 36 6 0 0 0 0 0 0 0 72 0 0 0 0 0 0 0 15 0 0 0 0 0 0 0 0 0 1 0 0 0 3 10 1 0 64 37 1 0 1775 1 1 1 
33 5464 1 0 0 0 0 1 0 0 0 4 0 0 0 0 0 0 0 0 0 0 47 0 0 0 0 8 1 0 0 0 0 0 1 0 0 0 0 0 2 0 0 45 0 0 0 1 0 30 0 0 1 1 0 3 1 0 1 0 0 0 4 3 0 0 1 0 0 0 2 0 0 0 0 0 0 1 51 195 0 3 0 2 0 0 12 59 1 12 3 0 0 0 1 17 17 0 1 0 0 0 0 0 0 0 0 1 0 0 0 0 0 0 0 0 0 0 0 0 1 2526 0 2 23 0 0 0 0 5 0 0 0 0 0 9 1 0 0 0 0 0 43 4 0 0 0 0 1 0 4 0 3 0 0 0 3 0 0 1 1 0 0 1 1 0 0 0 0 0 0 0 35 0 0 0 0 0 0 0 0 11 0 0 10 0 0 0 1 0 0 27 2 2 3 0 0 1 6 0 1 35 0 0 0 2 0 0 0 9 0 41 6 0 0 0 0 0 0 0 86 0 0 0 0 0 0 0 18 0 0 0 0 0 0 1 0 0 0 0 1 0 3 23 2 0 63 33 3 2 1853 0 2 1 
34 5659 0 2 0 0 0 0 0 0 0 8 0 5 0 0 0 0 0 5 0 0 45 0 0 1 0 6 2 0 0 0 0 0 3 0 0 0 1 0 1 0 0 51 0 0 0 0 0 31 0 0 1 0 0 4 1 0 1 0 1 0 0 16 0 0 0 0 0 0 5 0 0 3 0 0 0 0 29 219 0 13 0 1 0 0 18 58 0 11 3 0 0 0 3 8 16 0 0 1 0 0 1 0 0 1 0 2 1 0 0 0 0 0 0 0 0 0 0 0 0 2548 6 0 28 0 0 0 0 1 0 0 0 0 0 9 0 1 0 0 0 0 42 4 0 0 0 0 0 0 2 1 2 0 0 0 3 0 0 0 0 2 0 0 2 0 0 0 0 0 0 0 40 0 0 0 2 0 0 0 0 12 0 0 14 30 0 0 0 0 0 20 1 1 3 0 0 0 12 0 0 35 0 0 0 2 0 1 0 3 0 37 2 0 0 0 0 0 0 0 96 0 0 0 0 0 1 0 12 0 1 0 0 0 0 0 0 1 0 0 0 0 1 28 0 0 59 18 0 5 1983 0 3 0 
35 5306 2 0 0 0 0 0 1 0 0 11 0 1 0 1 0 0 0 2 0 0 61 0 0 0 0 3 0 1 0 0 1 0 1 0 0 0 0 0 0 0 0 39 0 0 0 0 0 29 0 0 0 0 0 1 2 0 7 0 1 0 1 4 0 0 2 0 0 0 3 0 0 0 0 0 0 0 26 258 0 1 0 0 0 0 15 57 0 5 3 0 0 0 2 8 20 0 0 0 0 0 2 0 0 1 0 0 0 0 0 0 0 2 0 0 0 0 0 0 1 2376 6 2 16 0 0 0 0 0 0 0 0 0 0 8 1 1 0 0 0 0 31 1 2 0 0 0 2 1 1 3 6 1 1 0 4 0 0 0 0 0 0 0 1 0 0 0 0 0 0 0 26 0 0 0 0 0 0 0 0 9 0 0 16 14 0 0 0 0 0 32 2 2 3 0 0 0 8 0 2 58 1 0 0 4 0 0 0 1 0 25 3 0 1 0 0 0 0 0 99 0 0 0 0 3 0 0 9 0 0 0 0 0 0 1 0 2 0 0 0 0 12 8 0 0 60 16 0 2 1832 2 1 0 
36 5014 1 1 0 0 0 0 4 0 0 1 0 0 0 0 0 0 0 2 0 0 75 1 0 0 0 4 2 0 0 0 0 0 4 0 0 0 1 0 1 0 1 42 0 0 0 0 0 30 0 0 1 0 0 3 0 1 4 0 0 0 0 8 0 0 0 0 0 0 4 0 0 1 0 0 0 2 31 248 0 1 0 0 0 0 30 48 0 13 4 0 0 1 3 15 19 0 0 0 0 0 1 0 0 0 0 0 3 0 0 0 0 0 0 0 0 0 0 0 2 2332 5 1 14 0 0 0 0 0 0 0 0 0 0 5 0 0 0 0 1 0 28 1 0 0 0 0 1 0 2 3 4 0 3 0 4 0 0 0 0 0 0 1 1 0 0 0 0 0 0 0 20 0 0 0 0 1 0 0 0 22 0 0 10 15 0 0 0 0 0 37 3 2 0 0 0 0 10 1 2 70 1 0 0 1 1 0 0 4 0 37 2 0 0 0 0 0 0 0 67 0 0 0 0 0 0 0 11 0 0 0 0 0 0 0 0 0 0 0 0 0 4 10 2 0 39 21 0 8 1576 0 1 0 
37 4487 0 0 0 0 2 0 1 0 0 9 0 0 0 0 0 0 0 2 0 0 83 0 0 0 0 6 0 1 0 0 0 0 1 0 0 0 0 0 0 0 0 35 0 0 0 1 0 26 0 0 0 0 1 2 0 0 3 0 0 0 0 6 0 0 0 0 0 0 5 0 0 3 3 0 0 1 26 244 0 1 0 0 0 0 15 55 0 14 1 0 0 1 0 19 43 0 0 0 0 0 1 0 0 0 0 0 1 0 0 0 0 0 0 0 0 0 0 0 6 1973 3 1 20 0 0 0 0 1 0 0 0 0 0 1 2 0 0 0 0 0 18 0 5 0 0 0 2 0 3 2 3 0 6 0 12 0 0 1 0 0 0 1 0 0 0 0 0 0 0 0 20 0 0 0 0 0 0 0 0 11 0 0 23 10 0 0 0 0 0 19 1 1 0 0 0 0 6 0 1 60 2 0 0 0 0 0 0 3 0 32 8 0 1 0 0 0 0 0 44 0 0 0 0 1 0 0 8 0 0 0 0 0 0 3 0 1 0 0 1 0 10 8 0 0 57 13 0 2 1459 0 2 0 
38 4285 1 0 0 0 0 0 2 0 0 4 0 1 0 1 0 0 0 2 0 0 74 0 0 0 0 9 0 1 0 0 0 0 0 0 0 0 1 0 0 0 0 22 0 0 0 0 0 16 0 0 0 0 0 2 3 0 1 0 1 0 2 4 0 0 1 0 0 0 3 0 0 0 1 0 0 3 20 231 0 3 0 0 0 0 16 43 0 4 3 0 1 1 1 11 28 0 1 0 0 0 1 0 0 0 0 0 0 0 0 0 0 0 1 0 0 0 0 0 0 1939 10 6 36 0 0 0 0 2 0 0 0 0 0 5 1 1 0 0 0 0 25 1 1 0 0 0 2 0 0 2 1 0 2 0 7 0 0 0 0 2 0 0 1 0 0 0 0 0 0 0 23 0 0 0 0 0 0 0 0 8 0 0 13 3 0 0 0 0 0 16 2 2 1 0 0 2 5 0 1 93 3 0 0 4 1 0 0 4 0 47 5 0 0 0 0 0 0 0 24 0 0 0 1 0 0 0 10 0 0 0 0 0 0 2 0 0 0 0 0 0 11 9 1 0 57 12 0 1 1346 1 2 0 
39 4332 1 3 0 0 1 0 1 0 0 6 2 0 1 0 0 2 0 2 0 0 86 0 0 0 0 2 0 2 0 0 0 0 1 0 0 0 1 0 1 0 0 27 0 0 0 0 0 22 0 0 0 0 0 4 1 1 7 0 1 0 1 6 0 0 0 0 0 0 2 0 0 0 1 0 0 3 17 148 0 3 0 0 0 0 11 35 0 11 1 0 0 0 0 10 21 0 3 0 0 0 0 0 1 0 0 0 1 0 1 0 0 0 0 0 0 0 0 0 0 2003 4 0 24 1 0 0 0 0 0 0 0 0 0 3 0 0 0 0 0 0 20 0 2 0 0 0 2 0 1 4 8 0 7 0 12 0 0 0 0 0 0 1 4 0 0 0 0 0 0 0 22 0 0 0 0 0 0 0 0 8 0 0 12 11 0 0 0 1 0 24 2 1 0 0 0 0 11 0 0 129 1 0 0 1 0 0 0 4 0 46 10 0 0 0 0 1 0 0 21 0 0 0 0 2 0 0 16 0 0 0 0 0 0 0 0 0 0 0 0 0 14 5 1 0 72 14 1 1 1345 0 4 0 
40 3779 0 5 0 0 0 1 0 0 0 2 2 2 0 0 0 1 0 3 0 0 67 0 0 0 0 5 1 1 0 0 0 0 0 0 0 0 0 0 0 0 0 12 0 0 0 0 0 19 0 0 0 0 0 2 1 0 2 0 0 0 1 3 0 0 0 0 0 0 3 0 0 1 0 0 0 0 28 90 0 0 0 0 0 0 18 50 1 12 0 0 0 0 1 8 19 0 0 1 0 0 1 0 1 1 0 0 0 0 0 0 0 0 1 0 0 0 0 0 1 1929 14 0 25 0 0 0 0 1 0 0 0 0 0 1 5 0 0 0 0 0 15 0 2 0 0 0 2 0 0 2 4 0 2 0 8 0 1 1 0 1 0 1 2 0 1 0 0 0 0 0 21 0 0 0 0 0 0 0 0 4 0 0 27 7 0 0 0 0 0 15 1 1 0 0 0 1 11 0 0 121 1 0 0 1 0 0 0 4 0 38 2 0 0 0 0 0 0 0 13 0 0 0 0 0 0 0 11 0 0 0 0 0 0 0 0 0 0 0 0 0 15 1 1 0 64 16 0 4 1006 0 2 1 
41 2957 0 1 0 1 0 0 2 0 0 0 0 0 0 0 0 0 0 5 0 0 74 0 0 1 0 2 0 0 0 0 0 0 3 0 0 0 3 0 0 0 0 10 0 0 0 0 0 28 0 0 0 0 0 4 2 0 7 0 0 0 0 3 0 0 1 0 0 0 5 0 1 1 1 0 0 0 40 64 0 0 0 0 0 0 20 69 2 7 0 0 0 0 2 13 14 0 0 0 0 0 1 0 1 0 0 0 0 0 0 0 1 1 1 1 0 0 0 0 1 1272 12 1 20 0 0 0 0 2 0 0 0 0 0 6 0 0 0 0 0 0 17 1 0 0 0 0 0 1 1 3 4 0 4 0 5 0 0 3 3 0 0 2 0 0 0 0 0 0 0 0 20 0 0 0 1 0 0 0 0 4 0 0 30 8 0 0 0 0 0 14 2 1 2 0 0 0 11 0 0 152 1 0 0 3 0 0 0 0 0 61 1 0 0 0 0 0 0 0 7 0 0 0 0 0 0 0 9 0 1 0 0 1 0 1 0 0 0 0 1 0 11 3 1 0 62 18 3 1 765 0 2 2 
42 1898 0 2 0 0 0 0 3 0 0 0 0 4 0 0 0 1 0 2 0 0 76 1 0 0 0 1 0 2 0 0 0 0 2 0 0 2 0 0 0 0 0 10 0 0 0 0 0 21 0 0 0 0 0 2 2 0 3 0 1 0 1 1 0 0 3 0 0 0 7 0 0 4 0 0 0 2 38 26 0 0 0 0 0 0 16 58 4 6 0 0 0 0 0 8 26 0 0 0 0 0 0 0 0 0 1 0 0 0 1 0 1 0 0 0 0 0 0 0 0 690 11 0 22 1 0 0 0 0 0 0 0 0 0 3 0 1 0 1 0 0 17 2 0 0 0 0 2 1 1 2 9 0 1 0 7 0 0 1 2 2 0 0 1 0 0 0 0 0 0 0 28 0 0 0 4 0 0 0 0 0 0 0 21 7 0 0 0 0 0 13 4 1 1 0 0 1 8 0 1 123 1 0 0 2 0 0 0 3 0 54 0 0 0 0 0 0 0 0 1 0 0 0 0 0 0 0 8 0 0 0 0 0 0 2 0 1 0 0 0 0 5 2 1 0 46 10 0 1 423 0 2 1 
43 1585 1 2 0 0 0 1 2 0 0 0 0 1 0 0 0 0 0 2 0 0 91 2 0 0 0 2 0 3 0 1 0 0 0 0 0 0 0 0 2 0 0 10 0 0 0 2 0 27 0 0 0 1 0 3 0 0 4 0 0 0 0 1 0 0 2 0 0 0 11 0 1 1 0 0 0 4 42 29 0 4 0 2 0 0 17 68 0 8 0 0 0 0 0 15 17 0 0 0 0 0 0 0 0 0 0 0 0 0 2 0 0 0 0 1 0 0 0 0 2 428 16 0 25 0 0 0 0 2 0 0 0 0 0 5 0 0 0 0 1 0 19 1 1 0 0 0 3 0 2 3 2 0 4 0 9 0 0 0 2 0 0 0 1 0 0 0 0 0 0 0 16 0 0 0 0 0 0 0 0 1 2 0 18 3 0 0 0 0 0 8 2 1 1 1 0 2 10 1 1 156 3 0 0 0 0 0 0 2 1 48 2 0 0 0 0 0 0 0 1 0 0 0 0 0 0 0 15 0 0 0 0 0 0 0 0 0 1 0 0 0 8 5 0 0 23 11 1 3 324 1 1 0 
44 1199 0 0 0 1 0 0 2 0 0 1 0 1 0 0 0 1 0 6 0 0 94 0 0 0 0 0 1 1 0 0 0 0 0 0 0 0 1 0 0 0 0 11 0 0 0 0 0 32 0 0 0 0 0 6 1 0 3 0 0 0 0 0 0 0 1 0 0 0 5 0 0 1 0 0 0 2 16 18 0 2 0 0 0 0 11 50 1 16 1 0 0 0 0 6 17 0 0 0 0 0 1 0 0 0 0 0 0 0 1 0 0 0 0 0 0 0 0 0 1 223 17 0 20 0 0 0 0 0 0 0 0 0 0 4 0 0 0 0 0 0 19 0 0 0 0 0 1 0 1 2 0 1 0 0 5 0 0 0 0 0 0 1 0 0 0 0 0 1 0 0 18 0 0 0 0 0 0 0 0 1 1 0 18 9 0 0 0 0 0 4 2 0 1 0 0 0 11 0 3 131 1 0 0 1 0 0 0 0 0 49 0 0 1 0 0 0 0 0 1 0 0 0 0 0 0 0 12 0 0 0 0 0 1 0 0 1 0 0 0 0 11 4 1 0 13 9 1 1 276 2 3 0 
45 1175 0 0 0 0 0 0 1 0 0 2 0 0 0 0 0 0 0 1 0 0 110 0 0 0 0 4 0 1 0 0 0 0 0 0 0 0 0 0 1 0 0 25 0 0 0 0 0 19 0 0 0 0 0 3 0 1 4 0 0 0 0 1 0 0 0 0 0 0 7 0 0 2 1 0 0 4 7 36 0 2 0 0 0 0 28 38 0 8 0 0 0 0 0 7 16 0 0 0 0 0 0 0 0 0 0 0 0 0 0 1 0 0 1 0 1 0 0 0 0 179 9 1 27 0 0 0 0 1 0 0 0 0 0 4 0 0 0 0 0 0 30 1 0 0 0 0 0 0 1 2 1 0 3 0 7 0 0 0 0 0 0 1 7 0 0 0 0 0 0 0 14 0 0 0 0 0 0 0 1 2 0 0 18 2 0 0 0 0 0 2 1 5 1 0 0 1 7 0 0 124 1 0 0 1 0 0 0 1 0 35 0 0 0 0 0 0 0 0 2 0 0 0 0 2 0 0 10 0 0 0 0 0 0 2 0 0 0 0 0 0 13 5 0 0 2 8 0 1 298 0 2 0 
46 1680 0 0 0 0 0 0 1 0 0 2 0 0 0 0 0 2 0 2 0 0 111 0 0 0 0 1 0 0 0 0 0 0 0 0 0 0 1 0 0 0 0 29 0 0 0 1 0 12 0 0 0 0 0 2 1 0 3 0 0 0 1 0 0 0 3 3 0 0 6 0 0 0 0 0 0 2 4 35 0 3 0 0 0 0 16 27 0 5 0 0 0 0 2 6 9 0 1 0 0 0 0 0 0 0 0 0 0 0 0 0 0 0 0 0 0 0 0 0 0 373 20 0 15 0 0 0 0 1 0 0 0 0 0 3 1 0 0 0 0 0 41 0 0 0 0 0 0 2 2 9 2 0 1 0 10 0 0 0 0 1 0 0 2 0 0 0 0 0 0 0 10 0 0 0 0 0 0 0 0 8 1 0 31 0 0 0 0 0 0 10 0 3 2 0 0 1 3 0 0 134 2 0 0 0 1 0 0 2 1 19 1 0 1 0 0 0 0 0 3 0 0 0 0 0 0 0 5 0 0 0 0 0 0 1 0 0 0 0 0 0 16 10 0 0 1 3 0 0 633 0 0 0 
47 2256 0 0 0 0 0 0 3 0 0 2 0 2 0 0 0 0 0 0 0 0 132 1 0 0 0 1 0 1 0 0 0 0 0 0 0 0 1 0 0 0 0 41 0 0 0 0 0 10 0 0 1 0 0 1 0 0 0 0 0 0 1 1 0 0 0 1 0 0 6 0 0 2 0 0 0 1 4 66 0 1 0 0 0 0 17 21 0 6 2 0 0 0 0 5 11 0 0 0 0 0 0 0 0 0 0 1 0 0 0 0 0 0 0 0 0 0 0 0 1 669 18 0 15 0 0 0 0 0 0 0 0 0 0 0 0 0 0 0 0 0 16 1 0 0 0 0 2 0 1 3 3 0 3 0 8 0 0 0 0 1 0 2 2 0 0 0 0 0 0 0 4 0 0 0 0 0 0 0 0 3 0 0 13 6 0 0 0 0 0 9 0 2 1 0 0 1 4 0 0 162 5 0 0 0 0 0 0 6 0 15 0 0 0 0 0 0 0 0 3 0 0 0 0 1 0 0 4 0 0 0 0 0 0 0 0 0 0 0 0 0 16 3 0 0 6 1 0 0 895 0 0 0 
48 2957 0 0 0 0 0 0 1 0 0 0 0 0 0 0 0 2 0 0 0 0 134 0 0 0 0 2 0 0 0 0 0 0 0 0 0 0 1 0 0 0 0 28 0 0 0 0 0 7 0 0 0 0 0 0 0 0 0 0 0 1 0 8 1 0 3 0 0 0 3 0 1 0 2 0 0 2 4 97 0 2 0 0 0 0 13 9 1 2 0 0 0 0 0 1 15 0 0 0 0 0 4 0 0 0 0 0 0 0 0 0 0 0 0 0 1 0 0 0 0 938 13 0 17 0 0 0 0 0 0 0 0 0 0 4 0 0 0 0 0 0 10 4 0 0 0 0 1 0 1 2 1 0 10 0 7 0 0 0 0 0 0 2 3 1 0 0 0 0 0 0 6 0 0 0 0 0 0 0 0 5 0 0 10 2 0 0 0 0 0 10 0 1 4 0 0 0 7 0 0 289 2 0 0 0 0 0 0 5 0 3 1 0 0 0 1 0 1 0 17 0 0 0 0 0 0 0 3 0 0 0 0 0 0 0 1 0 0 0 0 0 16 2 0 0 16 0 1 0 1187 0 0 0 
49 3301 0 0 0 0 0 0 0 0 0 3 0 0 0 0 0 2 0 0 0 0 121 0 0 0 0 1 0 0 0 0 0 0 0 0 0 0 1 0 0 0 0 31 0 0 0 0 0 8 0 0 1 0 0 0 0 0 1 0 0 1 0 3 0 0 3 0 0 0 3 0 0 0 0 0 1 6 8 97 0 0 0 0 0 0 10 4 1 2 2 0 0 0 0 0 13 0 0 0 0 0 0 0 0 0 0 0 0 0 0 0 0 0 0 0 0 0 0 0 0 1215 22 0 9 0 0 0 0 0 0 0 0 0 0 1 0 0 0 0 0 0 1 1 1 0 0 0 0 0 0 13 2 0 2 0 13 0 0 0 0 0 0 0 3 1 0 0 0 0 0 0 3 0 0 0 0 0 0 0 0 7 0 0 10 2 0 0 0 0 0 10 0 0 1 0 0 0 1 2 1 169 5 0 0 1 0 0 0 6 0 3 2 0 0 0 0 0 0 0 18 0 0 0 0 0 0 0 4 0 0 0 0 0 0 0 0 0 1 0 0 0 20 7 0 0 20 0 0 0 1389 0 1 0 
50 4282 0 1 0 0 0 0 0 0 2 1 0 1 0 0 0 1 0 0 0 0 131 0 0 0 0 0 0 1 0 0 0 0 0 0 0 0 1 0 1 0 1 37 0 0 0 1 0 7 0 0 0 0 0 0 0 0 1 0 0 1 0 2 0 0 1 0 0 0 1 0 0 0 0 0 1 1 13 151 0 0 0 0 0 0 16 11 0 2 3 1 0 0 0 5 3 0 0 0 0 0 0 0 0 1 0 1 0 0 0 0 0 0 0 0 0 0 0 0 0 1532 16 0 3 0 0 0 0 0 0 0 0 0 0 1 0 0 0 0 0 0 0 3 1 0 0 0 0 1 0 5 5 0 2 0 9 0 0 0 0 0 0 3 4 0 0 0 0 0 0 0 3 0 0 0 1 0 0 0 0 2 0 0 5 0 0 0 0 0 0 20 0 0 1 0 0 0 2 0 1 190 1 0 0 0 0 0 0 18 0 1 2 0 0 0 1 0 0 0 29 0 0 0 0 0 0 0 4 0 0 0 0 0 0 0 0 0 0 0 0 0 20 8 0 0 32 1 0 0 1941 0 1 0 
51 4389 1 0 0 0 0 0 1 0 0 3 1 0 0 0 0 1 0 0 0 0 95 0 0 0 0 2 0 0 0 0 0 0 1 0 0 0 1 0 0 0 1 42 0 0 0 0 0 5 0 0 0 0 0 0 0 0 2 0 0 0 0 2 0 0 4 0 0 0 0 0 0 0 2 0 0 2 10 139 0 1 0 0 0 0 4 9 1 0 3 0 0 0 1 2 5 0 0 0 0 0 0 0 0 1 0 0 0 0 0 0 0 0 0 0 0 0 0 0 0 1619 22 0 6 0 0 0 0 1 0 0 0 0 1 1 0 0 0 0 0 0 1 1 2 0 0 0 0 0 0 7 3 0 0 0 13 0 0 2 0 0 0 1 2 0 0 0 0 0 0 0 15 0 0 0 0 0 0 0 0 2 0 0 5 2 0 0 0 0 0 16 0 0 0 0 0 0 1 0 0 204 4 0 0 0 0 0 0 3 0 4 0 0 0 0 1 0 0 0 39 0 0 0 0 0 0 0 10 0 0 0 0 0 0 1 0 0 0 0 0 0 18 11 1 0 77 3 0 0 1927 0 0 0 
52 4924 0 2 0 0 1 0 1 0 0 4 0 0 0 0 0 2 0 1 0 0 89 0 0 0 0 1 0 2 0 0 0 0 1 0 0 0 0 0 1 0 0 54 0 0 0 0 0 3 0 0 0 0 0 0 0 0 0 0 0 0 0 5 2 0 3 0 0 0 0 0 0 0 0 0 0 1 8 171 0 1 0 1 0 0 12 16 0 6 2 0 0 1 1 5 9 0 0 0 0 0 0 0 0 0 0 0 0 0 0 0 0 0 1 0 0 0 0 0 0 2028 16 0 3 0 0 0 0 1 0 0 0 0 3 1 1 0 0 0 0 0 12 4 3 0 0 0 0 0 1 3 3 0 1 0 5 0 0 1 1 0 0 2 1 0 0 0 0 0 0 0 14 0 0 0 0 0 0 0 0 4 0 0 0 2 0 0 0 0 0 18 0 0 0 0 0 0 7 0 0 197 2 0 0 0 0 0 0 6 0 6 1 0 0 0 0 0 0 0 63 0 0 0 0 0 0 0 9 0 0 0 0 0 0 0 0 0 0 0 0 0 15 8 0 0 66 14 0 0 1986 0 0 0 
53 5286 0 2 0 0 0 0 0 0 0 4 0 0 0 0 0 2 0 11 0 0 42 0 0 0 0 5 0 2 0 0 0 0 0 0 0 0 2 0 3 0 0 41 0 0 0 1 0 8 0 0 0 0 0 0 0 0 1 0 1 0 0 4 0 0 1 0 0 0 0 0 0 0 1 0 0 5 17 184 0 0 0 1 0 0 12 37 2 3 2 0 0 0 1 4 3 0 0 0 0 0 0 0 0 0 0 0 0 0 0 0 0 0 1 1 0 0 0 0 1 2225 16 1 8 0 0 0 0 1 0 0 0 0 0 2 0 0 0 0 1 0 20 3 4 0 0 0 0 0 0 2 1 0 2 0 7 0 0 0 1 1 0 3 0 0 0 0 0 0 0 0 17 0 1 0 2 0 0 0 0 9 0 0 1 0 0 0 0 0 0 33 1 0 0 0 1 0 8 0 0 137 1 0 0 0 0 0 0 6 0 10 5 0 1 0 0 0 0 0 108 0 0 0 0 0 0 0 15 0 0 0 0 0 0 2 0 0 0 0 0 0 12 12 0 0 77 24 0 1 2077 0 1 0 
54 5148 0 2 0 1 0 0 0 0 0 2 0 0 0 0 0 5 0 0 0 0 32 0 0 0 0 2 0 0 0 0 0 0 1 0 0 0 0 0 0 0 0 56 0 0 0 0 0 8 0 0 0 0 0 1 1 0 4 0 0 0 0 5 1 0 0 1 0 0 1 0 0 0 0 0 0 0 19 153 0 0 0 0 0 0 10 46 0 11 5 0 0 0 0 15 16 0 0 0 0 0 0 0 0 1 0 0 0 0 0 0 0 0 2 0 0 0 0 0 1 2340 9 0 8 0 0 0 0 1 0 0 0 0 1 1 0 0 0 0 0 0 18 2 3 0 0 0 0 0 2 2 6 1 4 0 10 0 0 0 0 0 0 1 0 0 0 0 1 0 0 0 19 0 0 0 1 0 0 0 0 8 0 0 5 0 0 0 1 0 0 37 0 0 0 0 0 1 6 0 0 101 0 0 0 0 0 0 0 4 0 25 4 0 0 0 0 0 0 0 106 0 0 0 0 2 0 0 19 0 0 0 0 0 0 0 0 0 0 0 0 0 7 12 0 0 80 33 0 0 1844 0 1 0 
55 10543 1 7 0 1 1 0 2 0 0 6 0 1 0 0 0 0 0 6 0 0 44 0 0 1 0 11 1 6 0 0 0 0 2 0 0 0 0 0 0 0 0 122 0 0 0 0 0 39 0 0 0 0 0 5 3 1 5 0 1 0 3 13 1 0 1 3 0 0 3 0 0 3 1 0 1 0 39 347 0 2 0 3 0 0 21 149 2 19 4 0 0 1 4 20 34 0 0 0 0 0 0 0 1 1 0 1 1 0 0 0 0 2 1 0 0 0 0 0 2 4736 15 1 36 0 0 0 0 1 0 0 0 0 1 13 1 6 0 0 0 0 44 10 10 0 0 0 1 0 4 5 11 0 2 0 16 0 0 0 0 1 0 2 0 0 0 0 0 0 0 1 49 0 0 0 2 0 1 0 0 17 2 0 15 3 0 0 0 1 11 43 3 5 1 0 0 0 22 1 1 150 2 0 0 5 0 0 0 7 0 68 16 0 3 0 0 0 0 1 206 0 0 0 0 0 0 0 23 0 0 0 0 0 0 1 2 0 0 0 1 0 9 26 2 0 159 50 2 7 3731 1 2 2 
56 10240 1 1 0 1 1 0 5 0 0 13 0 4 0 0 1 0 0 6 1 0 43 0 0 0 0 9 0 1 0 0 0 0 2 0 0 0 0 0 1 0 0 113 0 0 0 1 0 48 0 0 0 0 0 6 0 1 6 0 1 0 1 14 0 0 2 2 0 0 7 0 1 0 1 0 0 3 62 366 0 3 0 4 0 0 35 148 0 19 4 0 0 0 2 19 34 0 1 0 0 0 2 0 6 0 0 2 0 0 0 1 1 1 1 0 1 0 0 0 7 4647 7 0 32 0 0 0 0 2 0 0 0 0 0 10 2 0 0 0 0 0 44 10 3 0 0 0 2 0 8 2 14 0 0 0 13 0 0 3 1 1 0 0 0 0 0 0 0 1 0 0 68 0 0 0 1 0 0 0 1 11 0 0 11 2 0 0 0 0 0 53 2 1 0 0 0 2 13 0 1 97 0 0 0 3 0 1 0 14 0 60 3 0 0 0 1 3 0 0 182 0 0 1 0 0 0 0 23 0 0 0 0 0 0 0 0 0 1 0 0 0 9 35 0 0 163 36 4 2 3586 0 2 0 
57 10704 1 2 0 4 0 0 5 0 0 10 0 2 0 1 0 0 0 6 0 0 62 0 0 1 0 10 10 5 0 0 0 2 1 0 0 0 1 0 3 0 0 108 0 0 0 0 0 75 0 1 0 1 0 5 1 0 3 0 6 0 2 12 0 0 0 1 0 0 13 0 0 0 0 0 0 2 56 373 0 5 0 3 0 1 39 150 1 24 4 0 0 1 1 26 43 0 0 0 0 0 0 0 1 0 0 1 1 0 1 0 0 0 2 0 0 0 0 0 2 4683 3 0 75 0 0 0 0 3 0 0 0 0 0 7 2 0 0 0 0 0 47 7 3 0 0 0 7 3 4 0 7 0 0 0 13 0 0 1 1 1 0 1 0 0 1 0 0 1 0 0 58 0 0 0 2 0 0 0 0 28 2 0 14 0 0 0 1 0 0 42 3 2 0 0 0 1 26 0 1 75 1 0 0 1 0 0 0 12 0 76 7 0 0 0 0 0 0 1 205 0 0 0 0 0 1 0 28 0 0 0 0 0 1 1 0 1 0 0 1 0 15 43 0 0 185 45 3 3 3810 2 3 0 
58 11299 3 6 0 2 1 0 3 0 0 6 1 0 0 0 0 1 0 2 0 0 100 0 0 0 0 11 2 2 0 0 0 0 1 1 0 0 1 0 3 0 0 106 0 0 0 0 0 63 0 0 1 0 0 7 1 1 3 0 2 0 5 14 0 0 3 0 0 0 20 0 1 1 1 0 0 0 56 407 0 10 0 3 0 0 34 156 0 28 5 0 0 1 7 22 41 0 0 0 0 0 1 1 1 1 1 2 0 0 0 0 1 1 0 0 0 0 0 0 2 4958 3 4 65 0 0 0 0 1 0 0 0 0 1 14 2 1 0 0 0 0 66 2 5 0 0 0 5 1 7 1 10 0 0 0 13 0 0 0 5 1 0 0 0 0 0 0 0 1 0 0 50 0 0 0 1 0 0 0 1 23 1 0 20 16 0 0 0 1 0 47 2 0 0 0 0 1 17 0 2 85 0 0 0 8 0 3 0 56 0 100 9 0 0 0 0 1 0 1 196 0 0 0 0 1 0 0 25 0 0 0 0 0 0 0 1 2 0 0 0 0 13 38 2 0 135 48 3 3 4036 0 3 1 
59 11673 1 2 0 0 1 1 8 0 0 12 0 1 1 0 0 0 0 7 0 0 126 0 0 1 0 13 2 3 1 0 0 0 0 0 0 1 0 0 2 0 0 85 0 0 0 0 0 80 0 1 0 0 0 17 1 1 10 0 3 0 5 18 0 0 3 0 0 0 14 0 2 0 0 0 1 0 56 474 0 4 0 0 0 2 30 121 1 28 1 0 0 2 1 19 65 0 0 0 0 0 0 0 1 0 0 0 0 0 0 0 0 0 4 0 1 0 0 0 2 5126 5 0 58 0 0 0 0 7 0 0 0 0 0 10 1 1 0 0 0 0 57 12 2 0 0 0 2 1 6 2 24 0 3 0 7 0 0 0 2 0 0 1 3 0 0 0 0 1 0 0 51 0 0 0 2 0 0 0 0 18 2 2 25 11 0 0 0 0 0 54 5 3 0 0 0 2 17 0 1 96 1 0 0 5 1 0 0 12 0 94 4 0 2 0 0 0 0 1 223 0 0 0 0 0 0 0 21 0 0 0 0 0 2 2 0 0 0 0 0 0 15 30 1 0 111 38 0 2 4218 1 7 0 
60 12478 0 3 0 0 0 0 4 0 0 14 0 2 0 0 0 4 0 7 0 0 174 0 0 1 0 10 1 3 0 0 0 0 3 0 0 2 1 0 5 0 0 103 0 0 0 1 0 50 0 0 1 0 0 32 1 1 5 0 0 0 6 7 0 0 2 0 0 0 12 0 0 3 0 1 0 0 43 460 0 1 0 5 0 0 43 112 0 20 4 0 0 0 5 19 59 0 1 0 0 0 2 0 1 1 0 0 0 0 1 0 0 1 1 0 0 0 0 0 2 5550 5 1 43 0 0 0 0 4 0 0 0 0 0 14 1 2 0 0 0 0 44 3 4 0 0 0 0 2 8 3 13 1 6 0 14 0 0 0 5 0 0 1 2 1 0 0 0 0 0 0 46 0 0 0 2 0 0 0 0 20 4 1 18 6 1 0 0 0 0 43 3 2 1 0 0 1 19 0 1 110 1 0 0 2 0 0 0 26 0 87 3 0 0 0 0 0 0 1 185 0 0 0 1 0 0 0 23 0 0 0 0 0 0 1 0 1 0 0 0 0 9 37 2 0 157 59 3 5 4596 3 2 0 
61 11684 0 2 0 0 0 1 2 0 0 15 0 3 1 0 0 4 0 1 0 0 160 0 0 0 0 12 2 0 0 0 0 0 1 0 0 0 1 0 2 0 0 89 0 0 0 0 0 78 0 0 0 1 0 11 0 0 2 0 2 0 3 7 0 0 2 0 0 0 14 0 2 1 1 0 0 1 43 425 0 11 0 0 0 2 18 101 1 16 9 0 0 2 2 21 40 0 0 0 0 0 5 0 2 0 2 2 1 0 1 0 2 2 2 1 0 0 0 0 4 5417 11 1 40 0 0 0 0 5 0 0 0 1 0 11 4 1 0 0 0 0 62 10 7 0 0 0 4 1 2 6 6 1 4 0 11 0 0 0 4 1 0 1 2 0 0 0 0 0 0 2 41 0 0 0 1 0 0 0 0 23 0 0 22 12 0 0 1 0 0 54 9 2 1 0 0 2 31 0 1 155 1 0 0 3 1 2 0 20 3 77 3 0 1 0 1 0 0 0 96 0 0 0 0 0 0 0 20 0 0 0 0 0 1 3 0 0 0 0 0 0 21 29 1 0 176 53 1 3 4044 1 0 0 
62 11542 1 2 0 1 0 2 2 0 0 6 0 0 0 0 1 1 0 2 0 0 178 0 0 2 0 14 1 1 0 0 0 0 0 0 0 0 1 0 0 0 1 68 0 0 0 1 0 73 0 0 1 0 0 14 1 0 4 0 0 0 4 5 0 0 1 0 0 0 6 0 0 1 1 0 0 7 51 413 0 2 0 0 0 0 40 118 1 15 5 0 0 5 4 31 42 1 0 0 0 0 1 0 3 2 0 0 3 0 2 0 0 0 1 1 1 0 0 0 3 5766 12 4 40 0 0 0 0 4 0 0 0 0 0 11 0 1 0 0 0 0 57 2 6 0 0 0 9 0 3 6 8 0 4 0 13 0 0 1 0 0 0 2 4 0 0 0 0 0 0 0 38 0 0 0 0 0 0 0 0 29 2 0 29 16 0 0 0 0 0 59 5 2 3 0 1 0 20 0 3 186 3 0 0 4 0 1 0 17 0 70 5 0 3 0 0 1 0 0 89 0 0 0 0 0 0 0 11 0 0 0 0 0 0 4 0 0 0 0 0 0 21 24 3 0 168 55 1 3 3542 0 2 0 
63 10123 0 5 0 1 0 0 2 0 0 12 0 1 0 0 0 5 0 2 0 0 182 1 0 0 0 10 1 3 0 0 0 0 0 0 0 0 0 0 0 0 0 60 0 0 0 3 0 80 0 0 0 0 0 12 0 0 8 0 1 0 2 5 0 0 6 0 0 0 6 0 0 2 1 0 0 3 72 327 0 6 0 2 0 0 26 115 1 27 3 0 0 1 1 18 34 0 0 0 0 0 1 0 1 1 0 0 0 0 1 1 0 1 3 0 0 0 0 0 6 4978 19 1 40 0 0 0 0 3 0 0 0 0 0 9 1 2 0 0 0 0 41 1 5 0 0 0 2 0 6 5 6 1 5 0 15 0 0 0 5 1 0 4 2 0 0 0 0 0 0 0 35 0 0 0 3 0 0 0 0 19 0 1 26 13 0 0 0 0 1 50 3 2 1 0 0 0 14 0 1 241 0 0 0 3 0 0 0 9 1 84 12 0 0 0 0 0 1 1 44 0 0 0 0 4 0 0 19 0 0 0 0 0 1 1 0 0 1 0 0 0 30 18 2 0 165 29 4 5 3035 0 4 2 
64 5642 1 1 0 1 2 0 5 0 0 3 0 0 0 0 0 0 0 1 0 0 104 0 0 1 0 8 3 0 2 0 0 0 0 0 0 0 0 0 1 0 0 24 0 0 0 1 0 43 0 0 0 0 0 4 1 0 5 0 0 1 0 2 0 0 2 0 0 0 8 0 0 2 1 0 0 3 31 134 0 0 0 1 0 0 12 64 1 11 1 0 0 0 1 11 31 0 0 0 0 0 5 0 1 2 0 0 1 0 3 0 1 0 0 0 0 0 0 0 4 2814 17 2 27 0 0 0 0 2 0 0 0 0 2 4 1 2 0 0 0 0 28 2 4 0 0 0 3 1 2 7 12 0 6 0 17 0 0 2 1 0 0 0 4 1 0 0 0 0 0 0 22 0 0 0 1 0 0 0 1 12 0 0 32 0 0 0 0 0 2 43 2 3 0 0 0 1 10 0 1 157 3 0 0 1 0 0 0 4 3 71 4 0 0 0 0 0 0 1 14 0 0 1 0 2 0 0 12 0 0 0 0 0 0 0 0 0 1 0 0 0 15 2 1 0 103 14 2 3 1578 0 4 0 
65 6374 0 5 1 1 1 0 3 0 0 0 0 5 0 0 0 3 0 3 0 0 176 0 0 0 0 7 1 5 0 0 0 0 2 0 0 0 4 0 0 0 0 27 0 0 0 2 0 46 0 0 0 0 0 3 1 1 8 0 2 1 3 0 0 0 6 0 0 0 7 0 2 1 1 0 0 1 55 142 0 5 0 0 0 0 30 102 1 22 1 0 0 0 2 19 35 0 0 0 0 0 7 0 0 0 0 0 0 0 2 0 0 0 3 0 0 0 1 0 2 2880 42 2 31 0 0 0 0 4 0 0 0 0 1 12 1 2 0 0 0 0 44 0 0 0 0 0 3 5 3 13 9 0 6 0 27 0 0 0 0 0 0 2 1 0 0 0 0 0 0 0 27 0 0 0 1 0 0 0 2 3 1 0 26 1 0 0 0 1 0 24 2 1 3 0 0 2 28 0 2 262 5 0 0 12 0 0 0 6 0 120 4 0 0 0 0 0 1 0 33 0 0 0 1 2 0 0 29 0 0 0 0 0 0 0 0 0 0 0 0 0 39 3 2 0 131 34 1 14 1686 0 5 0 
66 4325 2 5 0 1 0 2 7 0 0 7 1 1 0 0 0 1 0 4 0 0 173 0 0 1 0 7 0 1 0 1 0 0 0 0 0 0 1 0 0 0 0 28 0 0 0 0 0 55 0 0 0 0 0 9 1 0 14 0 0 0 3 3 1 0 0 0 0 0 8 0 0 5 2 0 0 8 42 76 0 6 0 2 0 0 30 130 6 20 0 0 0 3 0 32 53 0 0 0 0 0 2 0 1 0 0 0 0 0 0 1 0 0 2 0 0 0 0 0 3 1529 30 2 36 0 0 0 0 2 0 0 0 0 1 18 5 1 0 0 0 0 48 1 0 0 0 0 7 0 2 12 2 0 5 0 6 0 0 0 6 1 0 3 1 0 0 0 1 0 1 0 46 0 0 0 2 0 0 0 1 1 0 0 49 17 0 0 0 1 1 22 3 2 6 0 0 2 15 0 2 271 4 0 0 7 1 0 0 2 2 150 4 0 0 0 0 0 0 0 12 0 0 0 1 0 0 0 17 0 1 0 0 0 0 1 0 1 1 0 0 0 19 3 3 0 109 32 4 4 1014 0 5 0 
67 3184 1 3 0 2 0 0 2 0 1 0 0 1 0 0 0 4 0 4 0 0 198 0 0 0 0 11 0 5 0 0 1 0 0 0 0 0 0 0 0 0 0 34 0 0 0 0 0 62 0 1 0 1 0 5 3 3 7 0 0 0 5 3 0 0 4 0 0 0 10 0 0 2 2 0 0 4 39 56 0 7 0 1 0 0 45 114 1 24 0 0 0 0 3 20 43 0 0 0 0 0 5 0 1 0 0 0 0 0 0 0 0 1 4 0 0 0 0 0 6 941 37 1 48 0 0 0 0 1 0 0 0 0 2 6 2 1 0 0 0 0 56 0 2 0 0 0 4 2 4 10 2 1 3 0 9 0 0 1 1 1 0 3 4 0 0 0 0 0 0 0 31 0 1 0 0 0 0 0 0 1 1 0 16 9 0 0 0 0 0 10 2 2 1 0 0 1 16 2 1 273 0 0 0 3 1 0 0 1 0 98 2 0 1 0 0 0 0 0 5 0 0 0 1 0 0 1 19 1 0 0 0 0 1 1 0 0 0 0 0 0 29 5 2 0 63 23 2 7 647 0 2 3 
68 2498 0 1 0 1 0 0 3 0 0 1 0 1 0 0 0 3 0 1 0 0 206 0 0 0 0 7 0 0 0 0 0 0 0 0 0 0 1 0 0 0 0 32 0 0 0 0 0 51 0 0 0 0 0 8 1 1 15 0 0 0 3 1 1 0 5 0 0 0 13 0 0 1 2 0 0 3 34 40 0 0 0 1 0 0 49 111 2 21 2 0 0 0 4 15 41 0 1 0 0 0 0 0 1 0 0 0 0 0 1 0 0 0 2 1 0 0 0 0 2 553 33 0 45 0 0 0 0 6 0 0 0 0 1 9 0 0 0 0 0 0 55 2 0 0 0 0 6 2 1 9 2 1 6 0 13 0 0 0 2 1 0 2 1 0 0 0 0 0 0 0 21 0 0 0 0 0 0 0 1 0 0 0 19 6 0 0 0 2 0 10 2 2 3 0 0 1 20 0 1 277 0 0 0 4 0 0 0 2 0 91 1 0 0 0 0 0 0 0 8 0 0 1 1 0 0 0 21 0 0 0 0 0 0 0 0 3 0 0 0 0 19 6 0 0 43 8 2 4 452 2 5 1 
69 2431 0 3 0 0 0 0 5 0 1 2 0 3 0 0 0 3 0 3 0 0 213 0 0 0 0 8 1 3 0 0 0 0 1 0 0 0 1 0 2 0 0 55 0 0 0 1 0 61 0 0 0 0 0 6 3 0 11 0 2 0 1 1 0 0 2 0 0 0 30 0 0 4 0 0 0 5 41 41 0 5 0 1 0 0 43 67 2 23 2 0 0 2 0 12 38 0 0 0 0 0 3 0 0 0 0 0 0 0 4 0 0 0 1 1 0 0 0 0 10 349 37 2 45 0 0 0 0 0 0 0 0 0 0 13 1 2 0 0 0 0 52 2 0 0 0 0 4 1 4 7 2 1 5 0 13 0 0 1 1 2 0 3 4 0 0 0 0 0 0 0 11 0 0 0 0 1 0 0 0 0 3 0 15 10 0 0 0 0 0 7 9 1 3 0 0 2 20 0 1 293 3 0 0 6 0 0 0 1 1 83 2 0 0 0 0 0 0 0 4 0 0 0 1 0 0 0 10 0 0 0 0 0 0 2 1 1 0 0 1 0 30 10 1 0 23 9 0 3 574 0 3 1 
70 3321 1 4 0 0 0 1 4 0 0 5 1 1 0 0 0 3 0 1 0 0 259 0 0 0 0 9 0 3 0 0 0 0 0 0 0 1 0 0 1 0 0 75 0 0 0 0 0 60 1 0 0 0 0 4 0 2 3 0 1 2 0 2 0 0 0 0 0 0 20 0 0 2 0 0 0 8 11 53 0 3 0 0 0 0 47 50 1 14 0 0 0 0 0 8 47 0 1 0 0 0 3 0 1 0 0 0 0 0 7 1 0 0 1 1 0 0 0 0 10 657 49 0 47 0 0 0 0 2 1 0 0 0 0 6 1 0 0 0 0 0 54 6 0 0 0 0 4 2 7 7 1 0 9 0 14 0 0 0 0 0 0 4 8 0 0 0 0 0 0 0 10 0 0 0 1 1 0 0 0 2 0 0 14 8 0 0 0 0 0 8 4 12 0 0 0 0 15 0 0 330 4 0 0 3 0 0 0 1 0 58 0 0 0 0 0 0 0 0 7 0 0 0 0 0 0 0 8 0 0 0 0 0 0 0 0 1 0 0 0 1 40 14 0 0 9 2 2 3 1139 0 2 0 
71 4402 0 0 0 0 0 0 0 0 0 0 0 0 0 1 0 5 0 0 0 0 202 0 0 0 0 8 0 2 0 0 0 0 0 1 0 0 1 0 0 0 0 64 0 0 0 0 0 34 0 0 0 0 0 13 0 0 1 0 2 3 0 0 1 0 4 0 0 0 11 0 0 1 4 0 1 6 8 117 0 1 0 0 0 0 35 25 3 5 1 0 0 0 3 7 34 0 1 0 0 0 2 0 1 0 0 1 0 0 1 0 1 0 0 0 0 0 0 0 12 1229 44 1 38 1 0 0 0 1 0 0 0 0 1 3 0 0 0 0 0 0 37 4 1 0 0 0 0 1 3 12 2 1 10 0 29 0 0 0 1 0 0 6 5 0 0 0 0 0 0 0 5 0 0 0 0 0 0 0 0 7 0 0 2 4 0 0 0 0 0 3 1 3 1 0 0 0 11 0 1 379 2 0 0 0 0 0 0 5 1 42 2 0 0 1 0 0 0 0 13 0 0 0 0 0 0 0 7 0 1 0 0 0 0 0 0 0 1 0 0 0 38 15 0 0 4 5 0 2 1778 1 1 0 
72 5680 0 2 0 0 0 0 2 0 0 5 0 0 0 0 0 2 0 0 0 0 213 0 0 0 0 5 0 1 0 0 0 0 1 0 0 0 1 0 0 0 0 70 0 0 0 0 0 26 0 0 0 0 0 8 0 0 0 0 1 1 1 2 0 0 26 0 0 0 7 0 0 3 1 0 0 4 6 157 0 0 0 0 0 0 27 19 2 7 1 0 0 0 1 7 34 0 0 0 0 0 2 0 0 0 0 1 0 0 0 0 0 0 0 2 0 0 0 0 0 1799 36 0 31 0 0 0 0 0 0 0 0 0 1 5 3 1 0 0 0 0 13 1 2 0 0 0 0 0 5 16 4 0 10 0 23 0 0 0 0 0 0 7 3 0 0 0 0 0 0 0 2 0 0 0 0 0 0 0 0 11 0 0 4 3 0 0 0 0 0 17 3 0 5 0 0 2 10 0 0 365 1 0 0 0 0 0 0 8 0 14 9 0 0 0 0 0 0 0 47 0 0 0 0 1 0 1 3 0 0 0 0 0 0 0 0 2 2 0 0 0 53 17 2 0 23 3 0 0 2437 0 0 0 
73 6430 0 1 0 1 0 2 0 0 0 2 0 0 0 0 0 2 0 0 0 0 244 0 0 0 0 4 0 1 0 0 0 0 1 0 0 1 3 0 1 0 0 99 0 0 0 0 0 15 0 0 0 0 0 2 0 1 1 0 0 3 0 2 1 0 5 0 0 0 3 0 0 1 1 0 0 12 13 196 0 0 0 0 0 0 14 15 1 2 1 1 0 0 1 6 19 0 0 0 0 0 1 0 0 0 0 0 0 0 0 0 0 0 1 1 0 0 0 0 0 2317 42 1 29 0 0 0 0 0 0 0 0 0 0 1 0 0 0 0 0 0 14 4 0 0 0 0 0 0 6 8 12 0 10 0 27 0 0 0 0 0 0 2 9 0 0 0 0 0 0 0 2 0 0 0 0 1 0 0 0 13 0 0 5 8 0 0 0 0 1 25 5 0 4 0 0 1 5 0 0 413 6 0 0 0 0 0 0 7 0 14 4 0 0 0 0 0 0 0 63 0 0 1 0 0 0 0 7 0 1 0 0 0 0 0 0 0 0 0 0 1 42 25 0 0 44 1 0 2 2543 0 1 0 
74 7644 0 1 0 0 0 0 0 0 0 5 0 3 0 0 0 0 0 0 0 0 251 0 0 0 0 1 0 0 0 0 0 0 2 0 0 0 1 0 1 0 0 104 0 0 0 1 0 6 0 0 0 0 0 1 1 0 0 0 1 0 2 3 2 0 9 0 0 0 3 0 0 0 3 0 0 4 24 244 0 0 0 0 0 0 9 20 2 4 0 0 0 0 0 1 13 0 0 0 0 0 0 0 2 0 0 2 0 0 0 0 0 1 0 0 0 0 0 0 0 3013 37 1 24 0 0 0 0 2 0 0 0 0 3 3 2 1 0 0 0 0 6 5 3 0 0 0 1 0 3 16 6 0 9 0 22 0 0 0 0 0 0 11 7 0 0 0 0 0 0 0 17 0 0 0 2 1 0 0 0 10 0 0 1 4 0 0 0 0 0 30 3 0 3 0 0 0 14 0 0 425 5 0 0 0 0 0 0 7 1 6 3 0 0 1 0 0 0 0 84 0 0 0 0 0 0 0 6 0 0 0 0 0 0 0 0 0 0 0 0 0 34 23 0 0 56 3 0 0 2980 0 2 0 
75 8344 0 0 0 0 0 1 1 0 0 9 0 0 0 0 0 0 0 1 0 0 185 0 0 0 0 3 0 0 0 0 0 0 0 0 0 0 1 0 0 0 0 99 0 0 0 0 0 9 0 0 0 0 0 3 1 0 1 0 0 1 0 4 0 0 3 0 0 0 1 0 0 1 4 0 0 6 18 307 0 0 0 0 0 0 10 12 2 2 2 0 0 0 0 8 13 0 0 0 0 0 0 0 2 0 0 2 0 0 0 0 0 0 3 1 0 0 0 0 0 3458 41 0 10 0 0 0 0 0 0 0 0 0 2 1 1 0 0 0 0 0 14 5 2 0 0 0 0 0 3 11 7 0 10 0 22 0 0 0 1 0 0 7 4 0 0 0 0 0 0 0 36 0 0 0 0 0 0 0 0 13 0 0 5 4 0 0 0 0 8 51 0 0 5 0 0 0 7 0 0 397 6 0 0 1 0 1 0 6 1 9 4 0 0 1 0 0 0 0 104 0 0 0 0 0 2 0 14 0 0 0 0 0 0 2 0 0 0 0 1 1 39 35 0 0 121 5 1 0 3118 0 4 0 
76 9425 0 3 0 0 0 0 3 0 0 5 0 2 0 0 0 2 0 1 0 0 193 0 0 0 0 5 0 1 0 0 0 0 0 0 0 3 0 0 2 0 0 105 0 0 0 1 1 7 0 0 0 0 0 1 0 0 0 0 1 0 0 8 1 0 3 0 0 0 0 0 0 0 2 0 0 3 12 350 0 0 0 0 0 0 17 27 3 6 4 0 0 0 1 21 15 0 0 0 0 0 0 0 2 0 0 0 0 0 0 0 0 1 2 1 0 0 0 0 0 4186 33 2 9 0 0 0 0 1 0 0 0 0 4 1 2 1 0 0 0 0 15 5 3 0 0 0 2 0 2 12 11 0 5 0 6 0 0 0 2 0 0 9 4 0 0 0 0 0 0 0 20 0 0 0 3 0 0 0 0 18 0 0 21 3 0 0 0 0 4 37 2 1 5 0 0 0 6 1 0 339 2 0 0 2 0 0 0 5 0 10 4 0 0 0 0 0 0 0 136 0 0 0 0 0 0 0 20 0 0 0 0 0 0 1 0 0 0 0 0 0 47 19 0 0 141 20 1 0 3404 0 1 0 
77 10329 1 5 0 0 0 0 1 0 0 13 0 3 0 0 0 5 0 4 0 0 107 0 0 0 0 6 0 0 0 0 0 1 1 1 0 0 0 0 3 0 0 100 0 0 0 0 0 14 0 0 0 0 0 1 13 0 0 0 0 0 0 9 1 0 3 0 0 0 2 0 0 0 0 0 1 2 41 391 0 0 0 0 0 0 16 76 3 7 4 0 0 1 1 38 16 0 0 0 1 0 0 0 1 1 0 0 0 0 0 0 0 1 2 0 0 0 0 0 1 4529 24 1 11 0 0 0 0 1 0 0 0 0 1 5 0 1 0 0 0 0 33 11 4 0 0 0 1 0 4 1 16 0 4 0 23 0 0 0 0 1 0 5 1 0 0 0 0 0 0 0 16 0 0 0 3 0 0 0 0 23 0 0 7 0 0 0 0 0 1 43 3 4 3 0 0 0 19 0 0 274 3 0 0 0 0 0 0 9 0 28 8 0 0 0 0 0 0 0 182 0 0 0 0 0 0 0 27 0 0 0 0 0 0 0 0 0 0 0 0 0 28 23 0 0 154 38 0 0 3823 0 1 0 
78 10476 2 12 0 0 0 0 1 0 0 9 0 1 0 0 0 2 0 7 0 0 70 1 0 1 0 8 2 2 0 0 0 0 1 0 0 0 1 0 2 0 0 125 0 0 0 1 0 22 0 1 0 0 0 1 4 0 2 0 0 0 0 2 0 0 1 0 0 0 0 0 0 1 1 0 2 9 43 377 0 0 0 3 0 0 25 139 0 11 2 0 1 1 3 22 13 0 0 0 2 0 0 0 1 0 0 3 0 0 0 0 0 1 3 0 0 0 0 0 1 4797 24 1 26 0 0 0 0 3 0 0 0 0 0 5 0 0 0 0 0 0 38 3 5 0 0 0 1 0 4 4 16 0 2 0 10 0 0 0 1 0 0 3 1 0 0 0 0 0 0 0 29 0 0 0 2 0 0 0 0 12 0 1 11 0 0 0 0 0 4 53 2 2 0 0 0 1 18 0 0 199 2 0 0 1 0 0 0 6 1 40 8 0 0 0 0 0 0 0 200 0 0 0 0 0 0 0 18 0 0 0 0 0 0 0 0 0 0 0 1 0 18 23 0 0 158 52 0 0 3697 0 2 0 
79 10252 0 6 0 0 0 0 2 0 0 9 0 3 0 0 0 0 0 7 0 0 53 0 0 0 0 9 1 1 0 0 0 1 4 1 0 0 0 0 1 0 0 100 0 0 0 0 0 25 0 0 0 1 0 4 2 1 8 0 1 0 0 3 0 0 1 0 0 0 2 0 0 2 1 0 1 1 57 376 0 0 0 0 0 0 23 121 1 21 6 0 0 0 6 23 24 0 0 0 0 0 0 0 0 0 0 1 2 0 0 0 0 2 1 0 0 0 0 0 4 4547 17 2 35 0 0 0 0 3 0 0 0 0 0 14 2 0 0 0 0 0 59 11 4 0 0 0 0 1 9 2 10 0 0 0 12 0 0 0 3 0 0 4 0 0 0 0 0 0 0 0 24 0 0 0 2 0 0 0 2 25 1 0 27 0 0 0 0 0 4 59 3 0 1 0 0 1 19 1 1 187 2 0 0 5 0 1 0 12 0 48 9 0 0 0 0 0 0 0 196 0 0 0 0 0 0 0 25 0 0 0 0 0 0 1 0 0 0 0 0 0 11 26 1 0 185 50 3 2 3631 1 8 0 
80 10190 0 3 0 1 2 0 7 0 0 12 0 1 0 0 0 0 0 6 0 0 44 0 0 1 0 8 0 2 0 0 0 0 2 0 0 3 1 0 1 0 0 114 0 0 0 0 0 40 0 0 0 0 0 10 1 0 3 0 0 0 1 7 0 0 2 0 0 0 3 0 0 0 1 0 0 0 51 354 0 3 0 0 0 0 20 139 1 20 4 0 0 1 2 37 34 0 0 0 0 0 1 0 2 0 0 0 0 0 0 1 0 2 2 0 0 0 0 0 2 4446 9 1 44 0 0 0 0 1 0 0 0 0 0 9 2 1 0 0 0 0 52 15 7 0 0 0 6 0 5 1 9 1 1 0 6 0 0 0 1 0 0 1 1 0 0 0 0 0 0 0 50 0 0 0 4 0 0 0 1 24 1 0 15 0 0 0 0 0 1 42 2 1 0 0 0 2 26 0 2 126 1 0 0 4 0 0 0 18 0 78 5 0 1 1 0 0 0 0 174 0 0 0 0 0 0 0 18 0 0 0 0 0 1 2 0 0 0 0 0 0 13 19 0 0 183 52 3 3 3711 1 5 1 
81 10722 1 10 0 1 0 0 6 0 0 8 0 2 0 1 0 0 0 7 0 0 49 0 0 2 0 10 0 5 0 1 0 1 2 1 0 1 0 0 3 0 0 114 0 0 0 1 0 50 0 0 1 0 0 5 0 1 7 0 2 0 4 10 0 0 0 0 0 0 9 0 0 0 0 0 0 1 58 431 0 1 0 1 0 0 23 120 0 35 4 0 0 0 4 26 25 0 0 0 0 0 0 0 0 1 0 1 0 0 2 0 1 1 0 0 0 0 1 0 3 4642 2 0 57 0 0 0 0 1 0 0 0 0 0 8 4 1 0 0 0 0 48 14 4 0 0 0 4 1 7 2 15 1 0 0 8 0 0 0 0 0 0 3 0 0 0 0 0 0 0 0 40 0 0 0 1 0 0 0 0 23 1 0 11 0 0 0 0 0 0 41 2 0 0 0 0 1 27 0 0 77 2 0 0 7 0 0 0 17 0 112 4 0 1 0 0 0 0 0 188 0 0 1 0 0 0 1 28 0 0 0 0 0 0 2 0 0 1 0 1 0 7 34 2 0 155 38 0 0 3992 1 4 1 
82 11181 1 3 0 2 2 0 2 0 0 14 0 1 0 0 0 0 0 4 0 0 92 0 0 1 0 13 5 2 0 0 0 0 2 0 0 1 0 0 5 0 0 103 0 0 0 4 0 57 0 0 0 0 0 12 3 1 6 0 0 0 3 3 0 0 1 0 0 0 10 0 1 1 0 0 0 0 86 491 0 2 0 3 0 0 25 140 0 40 2 0 0 1 4 16 46 0 0 0 0 0 0 0 0 1 0 1 1 0 1 0 3 0 6 0 0 0 0 0 2 4797 10 1 57 0 0 0 0 10 0 0 0 0 0 5 4 1 0 0 0 0 74 16 1 0 0 0 1 2 4 3 12 2 0 0 3 0 0 0 0 0 0 0 1 0 0 1 0 0 0 0 36 0 0 0 3 1 0 0 0 34 0 0 18 17 0 0 0 0 0 43 6 3 0 0 0 1 33 0 0 81 1 0 0 9 0 1 0 17 0 89 8 0 1 0 0 1 0 0 189 0 0 0 0 0 0 0 23 1 0 0 0 0 0 0 0 1 0 0 0 0 12 47 2 0 193 43 3 3 3993 0 2 1 
83 11588 1 4 0 0 2 0 5 0 0 15 0 4 0 0 0 1 0 8 0 0 114 0 0 3 0 16 1 5 0 1 0 0 6 1 0 2 0 0 3 0 0 82 0 0 0 2 0 59 0 0 0 0 0 5 1 0 6 0 0 1 3 10 0 0 3 0 0 0 15 0 0 1 0 0 0 1 69 478 0 4 0 2 0 0 40 128 1 38 2 0 0 1 2 19 60 0 0 0 0 0 2 0 2 5 0 0 2 0 7 0 0 0 3 0 3 0 0 0 3 4972 7 3 66 2 0 0 0 2 0 0 0 0 0 9 5 2 0 0 1 0 86 7 5 0 0 0 0 0 9 2 12 0 5 0 5 0 0 0 2 1 0 0 1 0 0 0 0 0 0 0 40 0 0 0 1 0 0 0 0 29 1 0 20 2 0 0 0 1 0 48 4 1 0 0 0 1 21 0 0 116 0 0 0 8 0 0 0 10 0 110 6 0 0 2 1 0 0 0 161 0 0 0 0 0 0 0 15 1 0 0 0 0 2 0 0 0 0 0 1 0 14 34 0 0 164 22 2 5 4253 1 3 1 
84 10488 1 5 0 0 1 0 6 0 0 18 1 4 1 0 0 1 0 2 0 0 137 0 0 2 0 12 3 2 1 1 0 0 3 0 0 0 0 0 3 0 0 97 0 0 0 1 0 61 0 0 0 1 0 7 2 0 5 0 0 1 2 9 0 0 1 0 0 0 11 0 0 4 2 0 0 1 72 473 0 2 0 0 0 0 32 96 0 15 6 0 0 2 4 17 65 0 0 0 0 0 0 0 1 0 0 3 2 1 1 0 0 0 1 0 0 0 0 0 1 4707 4 0 43 0 0 0 0 1 0 0 0 0 0 13 2 1 0 0 0 0 49 7 6 0 0 0 3 1 5 1 8 1 3 0 12 0 0 2 1 2 0 0 1 0 0 0 0 0 0 0 45 0 1 0 0 0 0 0 0 21 2 0 21 2 0 0 0 0 0 44 5 2 0 0 0 1 18 0 0 68 2 0 0 2 0 0 0 24 3 95 8 0 1 0 0 0 0 0 136 0 0 0 0 0 0 0 16 0 0 0 0 0 0 1 0 0 0 0 1 0 11 22 2 0 148 33 2 8 3637 3 4 1 
85 12040 1 4 0 0 0 1 5 0 1 19 0 1 0 2 0 4 0 4 0 0 174 0 0 0 0 9 1 2 0 1 0 0 0 0 0 1 0 0 1 0 1 71 0 0 0 1 0 79 0 0 0 1 0 6 1 0 7 0 0 0 4 17 0 0 2 1 0 0 12 0 0 1 0 0 0 1 83 637 0 5 0 3 0 0 32 123 0 21 6 0 0 5 1 31 48 0 0 0 0 0 2 0 2 1 0 0 0 0 1 0 1 1 2 0 1 0 0 0 4 5485 6 2 59 0 0 0 0 4 0 0 0 0 1 11 1 1 0 0 0 0 48 4 5 0 0 0 4 0 2 4 14 0 3 0 16 0 0 0 2 1 0 0 1 0 0 0 2 0 0 0 42 0 0 0 0 0 0 0 0 29 2 0 18 10 1 0 0 0 0 67 6 1 6 0 0 2 13 1 1 131 2 0 0 4 1 1 0 22 0 108 4 0 0 0 0 1 0 0 83 0 0 0 0 1 0 0 23 0 0 0 0 0 0 2 0 0 1 0 0 0 14 20 0 0 192 58 2 9 4010 0 1 0 
86 11028 2 2 0 0 0 0 3 0 1 20 0 1 0 0 0 0 0 3 0 0 162 1 0 0 0 10 0 3 0 1 0 0 0 0 0 1 0 0 1 0 0 65 0 0 0 0 0 70 0 0 1 0 0 11 6 0 1 0 0 0 1 14 0 0 4 0 0 0 9 0 1 3 2 0 0 13 95 468 0 3 0 3 0 0 25 83 0 33 4 0 0 0 0 30 41 0 0 0 0 0 0 0 13 2 0 1 0 0 0 0 0 1 2 1 0 0 0 0 0 5118 12 1 68 0 0 0 0 2 0 0 0 0 0 22 1 1 0 0 0 0 43 1 2 0 0 0 4 0 3 3 14 1 2 0 21 0 0 0 3 1 0 0 3 0 0 0 0 0 0 0 30 0 0 0 1 0 0 0 0 16 2 0 25 9 1 0 0 0 0 54 6 3 2 0 0 1 10 0 2 175 1 0 0 8 0 0 0 21 0 133 6 0 0 0 0 0 0 0 67 0 0 0 0 0 0 0 10 1 0 0 0 0 0 4 0 0 0 0 3 0 19 9 0 0 148 35 2 6 3655 0 3 0 
87 6232 0 2 0 0 0 2 3 0 0 13 0 1 0 0 0 1 0 2 0 0 111 1 0 1 0 8 2 0 0 0 0 0 3 0 0 0 0 0 0 0 0 29 0 0 0 2 0 38 0 0 0 0 0 17 1 1 3 0 0 0 0 6 0 0 2 0 0 0 3 0 0 1 0 0 0 2 53 233 0 5 0 1 0 0 17 98 0 7 0 0 0 3 1 17 28 0 0 0 0 0 1 0 2 2 0 1 0 0 7 0 0 0 1 1 0 0 0 0 0 3007 16 1 24 1 0 0 0 0 0 0 0 0 1 6 0 2 0 0 0 0 18 1 3 0 0 0 2 1 4 4 11 1 5 0 7 0 0 0 5 1 0 1 1 0 0 0 0 0 0 0 21 0 0 0 0 1 0 0 0 9 0 4 14 6 0 0 0 0 0 37 3 2 2 0 0 1 21 0 0 132 3 0 0 3 0 0 0 9 0 73 4 0 0 0 0 0 0 0 20 0 0 0 0 1 0 2 4 0 0 0 0 0 0 0 0 0 0 0 0 0 11 15 0 0 104 31 2 2 1816 1 13 0 
88 4598 0 3 0 1 0 0 3 0 0 4 1 0 0 0 0 0 0 4 0 0 100 0 0 1 0 6 0 0 0 1 0 0 0 0 0 0 1 0 0 0 0 21 0 0 0 1 0 36 0 0 0 0 0 9 0 0 3 0 0 0 1 6 0 0 1 0 0 0 7 0 0 1 0 0 0 1 41 153 0 2 0 1 0 1 26 91 0 21 1 0 0 1 3 13 28 0 1 0 0 0 0 0 1 1 0 0 0 0 10 0 0 0 0 0 0 0 0 0 1 2172 20 0 28 1 0 0 0 2 0 0 0 0 0 4 1 0 0 0 0 0 29 1 2 0 0 0 1 1 1 1 7 0 7 0 23 0 0 3 1 0 0 3 1 0 0 0 0 0 0 0 22 0 1 0 0 0 0 0 0 6 0 0 9 3 0 0 0 0 0 24 2 0 0 0 0 1 11 0 0 156 1 0 0 3 0 1 0 1 0 68 3 0 0 0 0 0 0 0 16 0 0 0 0 1 0 0 14 0 0 0 0 0 0 0 0 0 0 0 2 0 11 7 1 0 120 17 2 2 1163 1 1 1 
89 5215 1 3 0 1 0 0 3 0 0 1 0 3 0 0 0 1 0 4 0 0 159 0 0 2 0 6 0 2 0 1 0 0 2 0 0 0 1 0 0 0 0 34 0 0 0 1 0 37 0 0 0 1 0 9 5 0 6 0 0 0 4 3 0 0 8 0 0 0 10 0 0 7 1 0 0 3 61 113 0 2 0 0 0 0 42 76 6 34 1 0 0 1 6 17 48 0 0 0 1 0 1 0 0 0 0 0 0 0 0 0 0 1 1 0 0 0 0 0 2 2163 27 0 51 1 0 0 0 2 0 0 0 0 1 11 2 0 0 0 0 0 40 1 0 0 0 0 11 3 2 9 3 1 2 0 16 0 0 0 2 3 0 9 2 0 0 0 0 0 0 0 36 0 1 0 4 0 0 0 0 4 1 0 38 5 0 0 0 0 8 33 4 4 3 0 0 2 12 0 0 284 5 0 0 5 0 0 0 2 0 144 3 0 0 0 0 0 0 0 14 0 0 0 0 1 0 0 18 0 0 0 0 0 0 0 0 0 0 0 0 1 26 5 1 0 136 37 0 5 1265 3 1 1 
90 3400 0 5 0 0 0 0 3 0 0 2 0 2 0 0 0 1 0 3 0 0 150 1 0 0 0 5 1 3 0 0 0 0 0 0 0 0 3 0 1 0 0 27 0 0 0 0 0 46 1 0 0 0 0 7 6 1 6 0 1 0 2 0 2 0 5 0 0 0 20 0 0 3 1 0 0 5 56 64 0 1 0 2 0 0 61 118 6 21 2 0 0 1 3 21 44 0 1 0 0 0 1 0 0 0 0 0 0 0 0 0 0 0 4 2 0 0 0 0 2 1094 21 0 54 0 0 0 0 1 0 0 0 0 0 7 4 2 0 1 0 0 29 1 0 0 0 0 3 1 4 11 0 0 3 0 6 0 0 0 1 0 0 3 3 0 0 0 0 0 0 0 28 0 0 0 0 0 0 0 1 5 0 0 25 17 0 0 0 0 1 12 3 1 2 0 0 2 21 0 3 279 1 0 0 3 0 0 0 3 1 153 1 0 1 0 0 0 0 0 7 0 0 0 0 0 0 0 17 0 1 0 0 0 0 0 0 1 0 0 0 0 27 2 2 0 82 17 1 3 690 3 3 0 
91 2464 0 4 0 2 0 1 3 0 0 1 1 4 0 0 0 3 0 3 0 0 213 0 0 0 0 11 2 5 0 0 0 0 1 0 0 0 3 0 3 0 0 28 0 0 0 1 0 69 0 0 0 1 1 6 2 0 6 0 0 0 4 0 2 0 1 2 0 0 22 0 0 3 1 0 0 4 60 32 0 10 0 2 0 0 37 84 6 19 0 0 0 0 3 16 44 0 0 0 0 0 3 0 0 0 0 0 0 0 1 0 1 0 2 0 0 0 0 0 1 497 29 1 61 0 0 0 0 1 0 0 0 0 4 8 2 0 0 1 0 0 34 0 0 0 0 0 6 0 5 10 3 0 6 0 19 2 0 1 1 1 0 4 3 0 0 0 1 0 0 0 29 0 0 0 2 0 0 0 0 3 0 0 10 6 0 0 0 0 0 7 3 2 1 0 0 1 16 0 2 287 2 0 0 5 0 0 0 0 1 91 1 0 1 0 0 0 0 0 3 0 0 0 0 2 0 0 31 0 0 0 0 0 0 0 0 1 0 0 0 0 13 8 2 0 49 10 5 4 417 2 4 0 
92 2288 2 1 0 0 0 0 8 0 0 3 0 3 0 0 0 1 0 5 0 0 333 0 0 2 0 7 1 3 0 0 0 0 1 0 0 0 2 0 2 0 0 24 0 0 1 0 0 67 0 0 1 0 0 5 0 0 3 0 0 2 3 2 1 0 4 1 0 0 17 0 0 2 5 0 0 4 34 42 0 8 0 0 0 0 37 62 2 27 0 0 0 0 2 13 47 0 0 1 0 0 5 0 0 0 0 0 0 0 1 0 0 0 0 0 0 0 0 0 2 290 27 2 80 0 0 0 0 0 0 0 0 0 1 12 2 0 0 0 0 0 33 5 0 0 0 0 9 0 5 12 1 1 8 0 22 0 0 0 1 0 0 5 3 0 0 0 0 0 0 0 23 0 0 0 0 0 0 0 2 2 2 0 20 16 0 0 0 1 0 4 3 2 2 0 0 1 19 0 1 308 6 0 0 11 0 0 0 0 0 83 1 0 0 0 0 0 0 0 6 0 0 0 0 0 0 0 7 0 0 0 0 0 1 0 0 0 0 0 0 0 19 8 1 0 17 8 3 8 364 1 2 0 
93 2259 0 2 0 0 0 0 9 0 1 0 0 1 0 0 0 1 0 0 0 0 219 0 0 0 0 6 0 2 1 0 0 0 0 0 0 0 1 0 1 0 0 49 0 0 0 1 0 51 0 0 0 0 0 8 0 0 1 0 0 1 2 2 0 0 7 5 0 0 23 0 0 3 2 0 0 7 18 53 0 7 0 0 0 0 32 76 3 18 1 0 0 1 0 11 62 0 0 0 0 0 2 0 0 1 0 1 0 1 3 0 2 0 2 0 0 0 0 0 2 322 33 1 56 1 0 0 0 1 0 0 0 0 0 8 1 0 0 0 0 0 65 3 0 0 0 0 8 0 3 6 1 1 4 0 18 0 0 1 0 1 0 1 7 0 0 0 0 0 0 0 13 0 0 0 0 1 0 0 0 3 1 0 8 11 0 0 0 0 6 9 3 3 1 0 0 0 12 0 1 301 3 0 0 3 0 0 0 2 0 57 0 0 0 0 0 0 0 0 3 0 0 0 0 0 0 0 2 0 0 0 0 0 0 0 0 0 1 0 0 0 37 10 2 0 15 12 1 7 476 0 0 0 
94 3112 0 0 0 0 1 1 3 0 0 1 0 1 0 0 0 4 0 0 0 0 248 2 0 1 0 2 0 4 1 0 0 0 0 0 0 0 0 0 0 0 0 46 0 0 0 0 0 39 0 0 0 1 0 3 0 0 1 0 0 0 0 1 1 0 6 0 0 0 25 0 0 4 1 0 0 4 11 96 0 3 0 0 0 0 45 34 4 9 0 0 0 0 0 4 39 0 0 0 0 0 1 0 0 0 0 0 0 0 0 0 0 0 0 0 0 0 0 0 0 646 25 0 47 0 0 0 0 0 0 0 0 0 0 6 0 0 0 0 0 0 36 1 0 0 0 0 8 1 3 12 6 0 10 0 15 1 0 0 1 3 0 5 7 0 0 0 1 0 0 0 4 0 0 0 0 1 0 0 0 4 0 0 6 21 0 0 0 0 0 13 4 1 3 0 0 1 10 0 1 331 3 0 0 1 0 0 0 1 0 42 1 0 0 1 0 0 0 0 6 0 0 0 0 3 0 0 5 0 1 0 0 0 0 0 1 0 0 0 0 0 41 12 1 0 5 2 0 2 1088 0 0 1 
95 4350 0 2 0 1 0 0 6 0 0 3 0 0 0 0 0 5 0 0 0 0 263 2 0 1 0 1 0 1 1 0 0 0 1 1 0 0 0 0 0 0 0 59 0 0 0 0 0 36 0 1 0 0 0 2 0 0 1 0 0 0 2 3 1 0 9 3 0 0 11 0 0 0 9 0 1 4 7 122 0 0 0 0 0 1 44 16 3 8 0 0 0 0 1 6 30 0 1 0 0 0 1 0 0 0 0 0 0 0 0 0 0 0 0 1 0 0 0 0 1 1396 24 0 55 0 0 0 0 1 0 0 0 0 0 3 0 1 0 0 0 0 27 2 3 0 0 0 1 3 2 7 7 0 11 0 15 0 1 0 0 0 0 3 9 1 0 0 0 0 0 0 1 0 0 0 1 0 0 0 0 9 0 0 4 16 0 0 0 0 0 27 0 3 2 0 0 1 7 0 1 306 5 0 0 2 1 1 0 6 0 31 3 0 0 0 0 0 0 0 32 0 0 0 0 1 0 0 5 0 1 0 0 0 0 2 0 1 1 0 1 0 42 15 1 0 16 0 0 1 1549 0 0 0 
96 5751 0 1 0 0 1 1 4 0 0 2 1 0 0 0 0 7 0 0 0 0 291 0 0 0 0 4 0 2 0 0 0 0 2 0 0 0 0 0 0 0 0 52 0 0 0 0 0 23 0 0 1 0 0 1 0 0 0 0 0 0 0 2 1 0 9 1 0 0 15 0 0 0 2 0 4 6 6 163 0 0 0 0 0 0 11 18 1 6 2 0 0 0 0 1 23 0 0 0 0 0 0 0 0 4 1 1 0 0 2 0 0 0 0 0 0 0 0 0 0 2038 33 0 29 1 0 0 0 0 0 0 0 0 2 3 0 0 0 0 1 0 12 3 0 0 0 0 1 0 2 10 5 2 16 0 15 0 0 0 0 0 0 3 12 0 0 0 0 0 0 0 4 0 0 0 0 0 0 0 0 8 0 0 6 16 0 0 0 0 0 36 1 0 3 0 0 0 12 1 0 402 6 0 0 0 2 0 0 0 0 14 4 0 0 0 0 2 0 0 76 0 0 0 0 0 0 0 5 0 1 0 0 0 0 2 0 0 0 0 0 0 59 19 2 0 23 3 0 1 2170 0 0 0 
97 5879 0 1 0 0 0 1 1 0 0 3 1 0 0 0 0 6 0 0 0 0 294 0 0 1 0 2 0 0 0 0 0 0 0 2 0 0 2 0 0 0 0 49 0 0 0 0 0 7 0 0 0 0 0 0 0 0 1 0 0 0 0 3 1 0 5 0 0 0 6 0 1 1 2 0 0 9 16 166 0 2 0 0 0 0 11 12 0 2 0 0 0 0 0 4 12 0 0 0 0 0 3 0 1 1 0 1 0 0 0 0 0 0 1 1 1 0 0 0 0 2204 38 0 21 0 0 0 0 0 0 0 0 0 1 3 1 0 0 0 1 0 6 1 0 0 0 0 0 1 2 18 8 0 13 0 25 0 0 0 0 0 0 6 4 0 0 1 0 0 0 0 15 0 0 0 0 0 0 0 0 25 0 0 0 12 0 0 0 0 0 24 1 0 1 0 0 0 3 0 0 387 11 0 0 1 1 0 0 15 0 5 4 0 0 0 0 0 0 0 49 0 0 0 0 0 0 0 2 0 0 0 0 0 0 0 0 0 0 0 0 0 51 11 0 0 33 1 0 1 2224 0 0 0 
98 7055 1 0 0 0 0 0 0 0 0 5 1 0 0 0 0 4 0 1 0 0 233 0 0 0 0 4 0 0 0 0 0 0 0 0 0 0 0 0 0 0 1 77 0 0 0 1 0 6 0 0 0 0 0 0 1 0 0 0 1 0 1 3 0 0 11 0 0 0 0 0 0 0 1 0 0 3 18 198 0 0 0 0 0 0 4 6 2 2 0 0 0 0 1 3 13 0 0 0 0 0 0 0 0 1 0 0 0 0 0 0 0 0 1 0 0 0 0 0 0 2460 35 0 10 0 0 0 0 0 0 0 0 0 2 0 0 0 0 0 0 0 6 9 1 0 0 0 0 0 2 20 6 0 5 0 30 0 0 0 0 0 0 3 4 0 0 0 0 1 0 0 22 0 0 0 1 2 0 0 0 11 0 0 1 0 0 0 0 0 0 24 0 0 2 0 0 0 14 0 0 829 2 0 0 0 1 0 0 9 0 5 3 0 0 0 0 0 0 0 47 0 0 0 0 0 0 0 3 0 0 0 0 0 0 0 0 0 0 0 1 0 59 16 0 0 50 1 0 0 2738 0 3 0 
99 7494 0 3 0 0 0 1 0 0 0 4 0 0 0 0 0 0 0 1 0 0 145 0 0 0 0 7 0 1 0 0 0 0 0 1 0 0 2 0 2 0 0 70 0 0 0 0 0 3 0 0 0 0 0 1 2 0 5 0 0 0 1 2 0 0 5 0 0 0 0 0 1 0 4 0 0 10 26 243 0 0 0 0 0 0 11 8 2 2 2 1 0 0 1 9 11 0 0 0 0 0 0 0 1 1 0 0 0 0 0 0 0 0 1 0 0 0 0 0 1 2771 38 0 7 0 0 0 0 2 0 0 0 0 1 1 0 0 0 0 0 0 4 6 0 0 0 0 0 0 1 13 4 0 10 0 14 0 0 0 0 0 0 6 1 0 0 0 0 0 0 0 32 0 0 0 1 0 0 0 0 11 0 1 2 2 0 0 0 0 0 31 0 0 2 0 0 0 14 0 1 403 10 0 0 0 0 1 0 11 1 9 3 0 0 0 0 0 0 0 74 0 0 0 0 0 0 0 11 0 0 0 0 0 0 0 0 0 0 0 2 0 67 22 1 0 89 11 0 1 3195 0 0 0 
100 8784 1 4 0 0 0 0 0 0 0 2 0 0 0 0 0 0 0 0 0 0 111 0 0 0 0 4 1 0 0 0 0 0 1 1 0 0 1 0 0 0 0 67 0 0 0 0 0 7 0 0 0 0 0 0 2 0 5 0 1 0 0 7 2 0 6 0 0 0 1 0 0 1 1 0 0 3 30 311 0 1 0 1 0 1 10 62 2 6 4 0 0 2 3 29 16 0 0 0 0 0 0 0 0 0 0 1 1 1 0 0 1 0 1 0 0 0 0 0 0 3754 51 0 8 0 0 0 0 1 0 0 0 0 2 3 0 0 0 0 0 0 15 6 3 0 0 0 0 0 0 7 6 0 7 0 15 0 0 0 0 1 0 2 0 0 0 0 0 0 0 0 27 0 0 0 1 0 0 0 0 12 0 0 15 2 0 0 0 1 0 41 0 2 2 0 0 0 14 0 0 395 5 0 0 0 0 1 0 16 1 22 4 0 0 0 0 0 0 0 125 0 0 0 1 0 0 0 17 0 0 0 0 0 1 1 0 0 0 0 0 0 49 13 1 0 129 23 1 0 3248 1 2 0 
101 9234 1 5 0 0 0 0 0 0 0 8 0 3 0 0 0 4 0 6 0 0 56 0 0 0 0 7 9 0 0 0 0 0 1 2 0 0 1 0 2 0 0 71 0 0 0 0 0 8 0 0 0 0 0 1 20 0 3 0 0 0 1 6 0 0 4 0 0 0 0 0 0 1 2 0 0 7 34 277 0 1 0 1 0 0 15 110 0 13 3 0 0 1 2 27 14 0 0 0 1 0 1 0 1 6 0 0 0 0 0 0 0 0 2 0 0 0 0 0 1 3776 31 1 10 0 0 0 0 0 1 0 0 0 1 5 0 1 0 0 0 0 36 2 0 0 0 0 0 0 3 7 7 0 0 0 21 0 0 0 1 0 0 0 2 0 0 0 1 1 0 0 34 0 0 0 1 0 0 0 0 22 0 0 10 3 0 0 0 0 0 55 0 1 0 0 0 0 22 0 0 367 2 0 0 3 0 2 0 13 0 37 6 0 0 0 1 0 0 0 152 0 0 0 0 0 0 0 6 0 0 0 0 0 0 0 0 0 0 0 1 0 24 32 0 0 161 31 0 2 3578 0 1 0 
102 9294 0 3 0 0 0 0 2 0 0 7 0 2 0 0 0 3 0 4 0 0 57 1 0 0 0 9 9 2 0 0 0 0 2 0 0 1 1 0 0 0 0 59 0 0 0 1 0 13 0 0 0 0 0 4 4 0 3 0 0 0 0 8 0 0 0 0 0 0 4 0 0 0 1 1 0 1 44 304 0 2 0 1 0 0 26 175 0 20 5 0 0 0 3 30 20 0 0 1 3 0 0 0 4 8 1 0 1 0 0 1 0 1 3 0 0 0 0 0 1 3941 19 0 34 0 0 0 0 1 0 0 0 0 0 15 0 1 0 3 0 0 53 3 3 0 0 1 0 0 6 2 10 0 0 0 8 0 0 1 3 1 0 0 0 0 0 0 1 0 0 0 51 0 0 0 1 0 0 0 0 10 0 0 13 1 0 0 0 0 0 32 1 1 0 0 0 0 19 0 0 168 1 0 0 2 0 0 0 16 0 44 6 0 3 0 0 0 0 0 161 0 0 0 0 0 0 0 11 0 0 0 0 0 0 0 0 0 1 0 1 0 10 22 0 0 152 44 4 2 3529 0 6 0 
103 9293 0 4 0 1 0 0 2 0 0 11 0 1 0 0 0 2 0 2 0 0 23 0 0 2 0 5 9 3 0 0 0 0 0 0 0 0 0 0 1 0 0 72 0 0 0 1 0 33 0 0 1 0 0 2 2 0 3 0 1 0 0 11 0 0 2 0 0 0 9 0 0 2 0 0 0 3 40 297 0 3 0 0 0 0 19 151 0 27 13 0 0 0 4 25 26 0 1 0 2 0 3 0 0 3 0 0 1 0 0 0 0 0 2 0 0 0 0 0 2 3918 5 1 38 1 0 0 0 1 0 0 0 0 0 12 0 0 0 0 0 0 58 3 1 0 0 0 2 0 4 2 7 1 2 0 7 0 0 0 3 0 0 0 0 0 0 0 2 0 0 0 64 0 0 0 4 0 0 0 0 16 0 0 16 5 0 0 0 1 0 40 1 4 0 0 0 2 16 0 2 120 2 0 0 6 0 2 0 13 1 59 9 0 1 0 0 0 0 0 176 0 0 0 0 0 0 0 14 0 0 0 0 0 1 4 0 1 2 0 0 0 3 22 0 0 167 46 4 1 3548 0 8 0 
104 9258 2 0 1 1 0 0 2 0 0 13 0 0 0 0 0 0 0 6 0 0 103 0 0 1 0 8 6 2 0 1 0 0 0 0 0 0 0 0 2 0 0 76 0 0 0 2 0 37 0 0 0 0 0 3 1 2 4 0 0 0 1 6 0 0 1 0 0 0 4 0 0 1 0 1 0 1 46 310 0 4 0 4 0 0 31 182 0 26 8 0 1 1 4 20 28 0 0 0 0 0 3 0 0 0 0 0 1 0 1 0 0 0 2 0 0 0 0 0 3 4066 3 4 27 0 0 0 0 2 0 0 0 0 0 9 1 0 0 0 0 0 43 9 1 0 0 0 3 2 7 0 8 0 0 0 4 0 0 0 1 0 0 0 2 0 0 0 0 0 0 0 53 0 0 0 0 0 0 0 0 32 0 0 11 11 0 1 0 0 0 44 2 1 0 0 0 2 13 0 10 62 0 0 0 3 0 1 0 5 0 58 14 0 0 0 0 0 0 0 161 0 0 0 0 0 0 0 11 0 0 0 0 0 0 0 0 0 0 0 0 0 6 27 0 0 126 53 2 0 3359 0 4 2 
105 9918 5 3 0 0 0 0 0 0 0 6 0 0 0 0 1 0 0 9 0 0 135 0 0 0 0 9 7 2 1 0 0 0 0 1 0 0 0 0 1 0 0 71 0 0 0 1 0 37 0 0 0 1 0 6 1 2 7 0 1 0 1 6 0 0 0 0 0 0 6 0 1 1 0 0 0 2 41 447 0 4 0 1 0 0 36 150 0 87 10 0 0 0 2 36 23 0 0 0 0 0 2 0 0 9 1 1 0 0 0 0 2 1 1 0 0 0 0 0 0 4289 2 4 48 0 0 0 0 1 0 0 0 0 0 10 3 1 0 0 0 0 58 12 2 0 0 0 2 2 3 0 7 0 1 0 2 0 1 0 3 1 0 0 0 0 0 0 0 1 0 0 54 0 0 0 0 0 0 0 0 28 0 0 13 1 0 0 0 0 0 55 1 3 0 0 0 0 22 0 0 69 0 0 0 4 0 0 0 19 0 77 13 1 1 0 0 0 0 0 125 0 0 0 0 0 0 0 16 0 0 0 0 0 0 0 0 1 0 0 0 0 2 41 1 0 148 80 3 4 3480 0 1 1 
106 10615 0 2 0 1 0 0 3 0 0 8 0 0 0 0 0 1 0 5 0 0 101 0 0 0 0 13 4 4 0 4 0 0 0 0 0 0 0 0 2 0 0 85 0 0 0 0 1 46 0 1 0 0 0 7 1 0 10 0 1 0 0 9 0 0 2 0 0 0 4 0 1 12 0 0 0 0 74 459 0 3 0 0 0 0 22 171 1 23 4 0 0 0 4 22 36 0 1 0 0 0 1 0 1 4 1 1 1 0 0 0 0 0 11 0 0 0 0 0 0 4382 5 1 62 0 0 0 0 5 0 0 0 0 0 3 3 3 0 0 1 0 51 6 5 0 0 0 4 2 3 0 9 0 1 0 7 0 0 0 0 0 0 1 0 0 0 1 1 0 0 0 49 0 0 0 1 0 0 0 0 27 0 0 11 2 0 0 0 0 0 76 5 1 0 0 0 1 24 0 0 73 3 0 0 0 0 2 0 12 0 71 10 0 1 0 0 0 0 0 181 0 0 0 0 0 0 0 10 0 1 0 0 0 0 0 0 0 1 0 1 0 15 19 7 0 127 56 1 3 4073 8 3 1 
107 10887 1 3 0 1 0 0 0 0 0 18 0 2 0 0 0 0 0 10 0 0 124 0 0 0 0 10 2 4 0 1 0 0 3 0 0 1 1 0 1 0 0 98 0 0 0 0 0 46 0 0 0 0 0 5 1 0 9 0 1 0 2 11 0 0 1 0 0 0 8 0 2 2 1 0 0 0 45 521 0 2 0 0 0 0 41 138 0 15 4 0 0 0 2 18 42 0 1 1 0 0 2 0 1 4 0 0 0 0 0 0 0 1 2 1 0 0 0 0 4 4617 11 1 74 0 0 0 0 2 0 0 0 0 0 9 0 1 0 0 0 0 38 8 3 0 0 0 3 2 1 3 10 2 4 0 12 0 0 0 1 0 0 0 6 0 0 0 1 0 0 0 28 0 0 0 0 0 0 0 0 19 0 0 23 5 0 0 0 0 0 72 3 2 1 1 0 1 22 0 0 90 1 0 0 2 0 2 0 10 0 71 10 0 0 0 0 0 0 0 165 0 0 0 1 3 0 0 20 0 0 0 0 0 0 0 0 0 0 0 0 0 27 26 1 0 147 46 2 17 4014 2 5 1 
108 10705 3 3 0 0 0 1 2 0 0 8 0 1 0 1 0 0 0 7 0 0 144 0 0 0 0 9 2 3 0 0 0 0 0 1 0 0 1 0 0 0 0 68 0 0 0 0 0 58 0 0 0 0 0 5 1 0 6 0 0 1 3 15 0 0 1 0 0 0 10 0 0 4 0 0 0 1 50 524 0 2 0 0 0 0 32 111 3 22 1 0 0 0 0 17 39 0 3 0 1 0 1 0 0 1 1 0 0 0 3 1 0 0 1 0 1 0 1 0 3 4890 16 5 41 0 0 0 0 1 0 0 0 0 0 6 0 1 0 0 0 0 53 5 2 0 0 0 4 0 4 1 6 2 4 0 19 0 0 0 2 0 0 0 2 0 0 0 0 0 0 0 48 0 0 0 7 0 0 0 0 14 1 0 10 4 0 0 0 1 0 51 8 4 0 0 0 0 14 2 2 145 1 0 0 2 1 0 0 32 0 56 2 0 0 0 2 0 0 0 111 0 0 0 0 0 0 0 19 0 1 1 0 0 0 0 0 0 0 0 0 0 18 24 1 0 138 37 2 6 3678 3 4 0 
109 10202 3 0 0 1 0 0 3 0 0 9 0 2 1 0 0 1 0 2 0 0 152 0 0 1 0 4 11 2 0 0 0 0 2 0 0 2 2 0 2 0 0 65 1 0 0 0 0 49 0 1 1 0 0 7 1 1 5 0 1 0 1 11 0 0 4 0 0 0 4 0 0 6 0 0 0 3 61 499 0 3 0 0 0 0 31 123 0 23 7 0 0 1 2 15 31 0 1 0 0 0 3 0 0 1 0 0 0 0 2 0 0 0 2 0 0 0 0 0 6 4409 19 3 34 0 0 0 0 0 0 0 0 0 0 8 4 1 0 1 0 0 43 2 6 0 0 0 3 1 2 2 19 0 7 0 11 0 0 1 2 1 0 3 0 0 0 0 1 0 0 0 49 0 0 0 0 0 0 0 0 27 0 0 21 13 0 0 0 2 0 60 2 1 0 0 0 1 18 1 1 157 2 0 0 1 0 0 0 24 1 85 6 0 0 0 0 0 0 0 77 0 0 1 0 0 0 0 19 0 1 1 0 0 0 4 0 0 0 0 0 0 13 25 1 0 148 53 2 8 3596 1 4 1 
110 9528 0 2 0 0 0 1 3 0 0 8 1 2 0 0 0 3 0 4 0 0 164 0 0 0 0 10 4 0 0 0 0 0 1 0 0 2 1 0 1 0 0 62 0 0 0 1 0 27 0 0 0 0 0 8 3 0 5 0 1 0 0 11 1 0 3 0 0 0 10 0 0 2 0 0 1 1 52 448 0 3 0 1 0 0 34 93 0 12 2 0 0 1 0 22 30 0 3 0 0 0 0 0 0 1 0 1 0 0 1 0 0 0 1 0 0 0 0 0 6 4262 18 2 28 0 0 0 0 0 0 0 0 0 0 6 1 0 0 0 0 0 36 2 4 0 0 0 5 0 1 7 5 0 8 0 15 0 0 0 4 3 0 1 2 0 0 0 3 0 0 0 46 0 0 0 0 1 0 0 0 19 0 0 16 3 0 0 0 0 0 59 5 0 1 0 0 0 25 1 1 203 2 0 0 2 0 0 0 21 0 66 12 0 0 0 0 1 0 0 42 0 0 0 0 1 0 0 16 0 0 0 0 0 0 1 1 0 0 0 0 0 20 17 0 0 140 33 3 4 3282 0 2 1 
111 8559 1 6 0 1 2 0 2 0 0 9 0 4 0 0 0 1 0 5 0 0 140 0 0 1 0 13 2 3 0 0 0 0 1 0 0 0 0 0 1 0 1 40 0 0 0 0 0 24 0 0 0 0 0 6 1 0 3 0 0 0 9 7 0 0 3 0 0 0 6 0 0 1 0 0 0 5 49 312 0 6 0 1 0 0 27 98 0 13 1 0 0 0 3 24 26 0 0 0 0 0 0 0 0 10 0 1 2 0 0 0 0 0 2 0 0 0 0 0 2 3890 21 1 51 1 0 0 0 4 0 0 0 0 0 6 3 1 0 0 1 0 49 1 3 0 0 0 2 0 9 9 12 0 2 0 11 0 0 0 1 0 0 1 4 0 0 0 0 0 0 0 48 0 0 0 0 0 0 0 0 32 1 0 25 2 0 0 0 0 0 52 3 1 2 0 0 1 14 0 0 229 2 0 0 3 0 0 0 9 0 57 11 0 0 0 0 0 0 0 22 0 0 0 0 2 0 0 15 0 0 0 0 0 0 1 0 0 0 0 0 0 18 9 1 0 146 29 2 3 2839 0 4 0 
112 7483 1 4 1 0 1 0 4 0 0 3 0 4 0 0 0 2 0 5 0 0 149 1 0 0 0 6 2 2 0 0 0 0 1 0 0 0 1 0 4 0 0 25 0 0 0 1 0 52 1 0 2 0 0 5 3 0 6 0 0 0 4 6 1 0 4 0 0 0 2 0 0 1 0 0 0 1 60 197 0 4 0 0 0 0 30 116 2 30 3 0 0 1 0 27 27 0 0 0 0 0 2 0 1 2 0 0 0 1 3 1 0 1 4 0 0 0 0 0 5 3392 22 3 46 0 0 0 0 3 0 0 0 0 0 6 0 0 0 0 0 0 41 0 0 0 0 0 3 1 7 4 11 0 11 0 16 0 1 5 1 1 0 3 3 0 0 0 0 0 0 0 35 0 0 0 0 0 1 0 0 16 0 0 28 11 0 0 0 0 0 36 2 1 2 0 0 1 33 0 0 258 4 0 0 2 0 0 0 14 1 87 3 0 1 0 1 0 0 0 19 0 0 0 0 1 0 0 23 0 0 0 0 0 1 0 0 1 0 0 0 0 28 2 1 0 166 31 3 0 2245 2 2 1 
113 5257 1 2 0 0 1 0 7 0 0 4 1 4 0 0 0 2 0 4 0 0 140 1 0 0 0 13 0 1 0 0 1 0 0 0 0 0 3 0 0 0 0 14 0 0 0 1 0 25 0 0 1 0 0 5 3 2 9 0 1 0 3 7 0 0 4 0 0 0 4 0 0 1 0 0 0 4 68 113 0 6 0 1 0 0 24 116 2 23 1 0 0 0 3 23 31 0 1 0 0 0 0 0 2 2 0 0 0 0 0 0 0 3 2 0 0 0 0 0 2 2289 21 1 39 1 0 0 0 3 0 0 0 0 1 14 0 0 0 0 0 0 34 1 1 0 0 0 5 3 2 5 7 1 10 0 16 0 0 1 1 2 0 2 2 0 0 0 0 0 0 1 54 0 0 0 1 0 0 0 1 7 1 1 28 5 1 0 0 2 0 26 5 3 1 0 0 1 20 0 1 264 2 0 0 2 0 0 0 2 0 83 19 0 0 0 1 0 0 0 26 0 0 0 0 1 0 0 20 0 0 0 0 0 0 0 0 1 1 0 1 0 30 1 3 0 160 46 3 2 1262 0 2 0 
114 3826 2 3 0 0 1 1 8 0 0 4 0 3 0 0 0 1 0 7 0 0 174 2 0 0 0 12 0 1 0 0 0 0 0 0 0 0 4 0 1 0 0 10 0 0 0 0 0 48 0 0 0 0 0 8 2 0 10 0 0 0 3 0 0 0 6 0 0 0 12 0 0 2 1 0 0 5 60 72 0 2 0 4 0 1 32 152 3 23 0 0 0 1 2 31 37 0 0 0 1 0 8 0 0 0 0 0 1 0 0 0 0 2 0 0 0 0 0 0 4 1197 29 1 61 0 0 0 0 0 0 0 0 0 2 10 1 3 0 0 0 0 59 1 3 0 0 0 5 0 5 5 10 3 3 0 31 0 0 0 3 1 0 4 4 0 0 0 2 0 0 0 53 0 0 0 2 0 0 0 1 6 2 0 15 15 0 0 0 0 0 13 8 1 0 0 1 0 22 0 2 262 3 0 0 3 0 0 0 5 0 150 1 0 0 0 0 0 0 0 6 0 0 0 0 1 0 0 27 0 0 0 0 0 0 0 1 0 2 0 0 0 17 2 1 0 106 54 1 3 807 5 5 0 
115 2539 0 3 0 0 1 0 3 0 0 0 0 3 0 0 0 2 0 9 0 0 189 0 0 0 0 7 0 3 0 0 1 0 0 0 0 0 3 0 0 0 0 21 0 0 0 1 0 54 0 0 0 2 0 8 0 1 3 0 1 0 0 0 0 0 5 0 0 0 11 0 0 0 3 0 0 4 34 33 0 3 0 4 0 0 35 142 2 19 0 0 0 2 3 17 44 0 0 0 0 0 6 0 0 0 0 0 0 0 2 0 0 0 0 0 0 0 0 0 5 509 25 1 52 0 0 0 0 4 0 0 0 0 0 6 0 0 0 0 0 0 66 2 0 0 0 0 5 0 9 6 1 0 5 0 15 1 0 0 3 2 0 2 5 0 0 0 0 1 0 0 47 0 0 0 0 0 0 0 0 2 0 0 18 10 0 0 0 0 0 12 3 3 1 0 0 1 22 0 4 243 0 0 0 8 0 0 0 0 0 105 4 0 0 0 0 0 1 0 5 0 2 0 0 0 0 0 18 0 0 0 0 0 0 0 0 0 1 0 0 0 28 4 2 0 58 24 1 2 485 0 3 0 
116 2155 0 2 0 0 2 0 8 0 0 0 0 0 0 0 0 2 0 5 0 0 180 1 0 1 0 10 0 8 0 0 0 0 0 1 0 0 1 0 0 0 0 22 0 0 0 1 0 47 0 0 0 0 0 4 2 1 7 0 1 0 6 0 0 0 3 0 0 0 22 0 0 1 0 0 0 4 36 30 0 7 0 0 0 0 42 119 3 33 1 0 1 0 1 17 38 0 0 0 0 0 5 0 1 0 0 1 0 0 1 0 0 0 1 0 0 0 0 0 3 370 30 4 62 0 0 0 0 0 0 0 0 0 28 10 2 0 0 0 0 0 41 3 2 0 0 0 11 0 3 7 0 0 5 0 8 0 0 0 1 0 0 1 0 1 0 0 0 0 0 0 30 0 0 0 1 0 0 0 0 3 1 0 16 7 0 0 0 0 0 4 5 1 1 0 0 1 16 0 1 209 2 0 0 8 0 0 0 0 0 96 1 0 0 0 0 0 0 0 2 0 0 0 0 2 0 0 17 0 0 0 0 0 0 0 0 0 0 0 0 0 28 8 2 0 12 29 2 3 364 1 0 1 
117 2285 0 3 0 1 0 0 4 0 0 3 0 1 0 0 0 3 0 5 0 0 218 0 0 0 0 9 0 5 0 0 0 0 0 1 0 0 0 0 0 0 0 35 0 0 0 0 0 44 0 0 0 0 0 4 4 0 6 0 0 0 3 0 1 0 5 0 0 0 27 0 0 2 1 0 0 4 27 44 0 5 0 1 0 0 58 93 1 35 0 0 1 0 0 9 65 0 0 0 0 0 1 0 0 0 0 4 0 0 1 0 0 0 0 0 0 0 0 0 0 307 28 0 75 0 0 0 0 1 0 0 0 0 1 5 1 0 0 0 0 0 37 0 1 0 0 0 3 0 3 5 3 0 6 0 18 0 0 0 1 3 0 2 8 0 0 0 0 1 0 0 14 0 0 0 0 0 0 0 0 4 3 0 14 11 0 0 0 0 0 3 7 5 1 0 0 1 14 1 0 233 3 0 0 5 0 0 0 1 1 55 0 0 0 1 0 0 0 0 4 0 1 0 0 1 0 0 12 0 0 0 0 0 1 0 0 0 0 0 0 0 20 15 3 0 19 13 0 4 559 0 1 0 
118 3090 0 1 0 0 0 0 3 0 0 0 0 0 1 0 0 4 0 1 0 0 304 2 0 1 0 3 1 5 0 0 0 0 1 0 0 0 2 0 1 0 0 46 0 0 0 0 0 21 0 1 0 0 0 4 0 0 1 0 0 0 1 0 0 0 7 0 0 0 20 0 0 3 3 0 0 5 12 84 0 0 0 0 0 1 66 75 2 17 2 0 0 0 0 6 47 0 0 0 0 0 1 0 0 0 0 0 0 0 3 0 0 0 0 0 0 0 0 0 3 570 31 3 57 0 0 0 0 0 0 0 0 0 2 3 1 0 0 0 0 0 38 9 0 0 0 0 4 2 2 8 3 0 7 0 18 0 0 0 0 1 0 3 5 1 0 0 0 0 0 0 10 0 0 0 1 0 0 0 0 4 0 0 12 3 0 0 0 0 0 15 5 1 0 0 0 1 10 0 1 264 3 0 0 2 0 0 0 1 2 42 0 0 0 0 0 0 0 0 12 0 0 0 1 0 0 0 5 0 0 0 0 0 0 1 0 0 0 0 0 0 31 18 2 0 10 5 0 7 1073 1 1 0 
119 4538 0 0 0 0 1 0 2 0 0 1 0 0 0 0 0 2 0 1 0 0 339 2 0 1 0 3 0 0 0 0 0 0 1 0 0 0 1 0 0 0 1 51 0 0 0 0 0 34 0 0 0 0 0 3 0 1 1 0 0 0 0 3 1 0 6 0 0 0 10 0 0 1 3 1 0 5 4 107 0 4 0 0 0 0 33 30 2 7 2 0 0 1 2 11 36 0 0 0 0 0 0 0 0 0 0 0 0 0 0 0 0 0 0 0 0 0 0 0 0 1294 26 4 39 0 0 0 0 1 0 0 0 0 1 4 0 3 0 0 0 0 29 6 0 0 0 0 1 0 1 8 2 0 7 0 23 0 0 1 0 0 0 7 2 0 0 0 0 0 0 0 2 0 0 0 0 1 0 0 0 4 1 0 6 3 0 0 0 0 0 17 3 1 0 0 0 0 8 0 0 291 5 0 0 3 0 0 0 4 0 22 2 0 1 0 0 0 0 0 45 0 0 0 0 1 0 0 8 0 1 0 0 0 0 0 0 2 1 0 0 0 27 27 0 0 6 1 0 1 1860 0 1 0 
120 5555 0 1 0 0 0 0 0 0 1 5 1 0 0 0 0 4 0 0 0 0 358 0 0 0 0 7 0 0 0 0 0 0 0 1 0 2 3 0 0 0 0 36 0 0 0 0 0 25 0 0 0 0 0 1 0 0 0 0 0 3 1 3 0 0 4 0 0 0 6 0 0 0 1 0 0 4 8 159 0 1 0 0 0 1 22 21 2 3 4 0 0 0 0 1 30 0 0 0 0 0 2 0 0 0 0 0 0 0 0 0 0 0 0 1 0 0 0 0 1 1945 26 0 18 0 0 0 0 0 1 0 0 0 0 0 0 0 0 0 0 0 27 5 1 0 0 0 1 1 2 8 7 1 10 0 27 0 0 0 0 0 0 4 7 0 0 0 0 0 0 0 1 0 0 0 0 1 0 0 0 6 0 0 2 3 0 0 0 0 1 26 1 0 3 0 0 1 6 0 0 350 7 0 0 0 0 0 0 1 1 12 2 0 0 0 1 0 0 0 96 0 0 0 0 1 0 0 1 0 1 0 0 0 0 0 0 0 0 0 0 0 40 15 2 0 19 1 0 2 2126 0 1 0 
121 6090 0 2 0 0 0 1 2 0 0 2 1 0 0 0 0 3 0 0 0 0 297 1 0 0 0 11 0 1 0 0 0 0 1 0 0 0 2 0 0 0 0 50 0 0 0 0 0 15 0 0 0 0 0 1 0 2 0 0 0 0 0 6 0 0 4 0 0 0 1 0 0 2 0 0 0 4 11 219 0 1 0 1 0 0 8 8 0 5 3 0 0 0 0 3 16 0 0 0 0 0 0 0 0 1 0 1 0 0 0 0 0 0 0 0 0 0 0 0 0 2188 30 0 18 1 0 0 0 0 0 0 0 0 1 1 0 0 0 0 0 0 8 2 2 0 0 0 0 0 1 10 6 0 19 0 21 0 0 0 2 0 0 2 1 1 0 0 0 0 0 0 21 0 0 0 0 0 0 0 0 15 0 0 1 2 0 0 0 0 0 33 0 0 7 0 0 0 6 0 0 363 10 0 0 0 1 0 0 6 0 5 4 0 0 0 0 0 0 0 79 0 0 0 0 0 0 0 5 0 0 0 0 0 0 0 0 0 0 0 0 0 43 11 1 0 30 3 0 1 2429 0 1 0 
122 7174 0 1 0 0 0 0 0 0 0 2 2 0 0 0 0 0 0 0 0 0 276 0 0 0 0 3 0 0 0 0 0 0 0 0 0 0 1 0 0 0 0 67 0 0 0 0 0 7 0 0 0 0 0 0 0 1 1 0 0 0 1 9 0 0 7 0 0 0 0 0 1 0 0 0 0 5 15 194 0 2 0 0 0 0 5 8 1 0 9 0 0 0 0 3 9 0 0 0 0 0 0 0 0 2 0 0 0 0 0 0 1 0 4 2 0 0 0 0 0 2640 32 0 18 1 0 0 0 0 0 0 0 0 1 2 0 0 0 0 0 0 6 1 1 0 0 0 0 0 2 17 3 1 24 0 25 0 0 1 1 0 0 1 3 0 0 0 0 0 0 0 25 0 0 0 1 0 0 0 0 14 0 1 4 4 0 0 0 0 0 27 1 0 0 0 0 0 3 0 0 357 5 0 0 1 0 0 0 7 0 4 2 0 0 0 0 0 0 0 57 0 0 0 1 3 0 0 7 0 0 0 0 0 0 0 0 0 0 0 0 0 55 19 1 0 76 6 0 0 3051 0 1 0 
123 7823 0 1 0 0 0 1 0 0 0 8 1 0 0 0 0 2 0 0 0 0 170 0 0 0 0 4 0 0 0 0 0 3 0 0 0 0 0 0 0 0 0 73 0 0 0 0 0 2 0 0 0 0 0 0 0 0 0 0 0 0 0 7 1 0 8 0 0 0 2 0 0 0 2 1 0 5 41 262 0 1 0 2 0 0 5 24 1 6 4 0 0 1 0 11 13 0 0 1 0 0 0 0 0 1 0 2 0 0 0 0 0 0 2 0 0 0 0 0 0 2960 34 0 6 0 0 0 0 0 0 0 0 0 3 0 0 0 0 0 0 0 6 4 3 0 0 0 0 0 1 12 3 0 6 0 10 0 0 0 0 0 0 5 2 0 0 0 0 1 0 0 28 0 0 0 0 0 0 0 0 24 0 0 5 1 0 0 0 0 0 43 1 0 3 0 0 0 10 0 0 384 10 0 0 1 0 0 0 3 0 7 3 0 0 0 0 0 0 0 62 0 0 0 1 0 0 0 10 0 1 0 0 0 1 0 0 0 0 0 0 0 59 24 0 0 91 14 0 0 3295 0 0 1 
124 8969 0 1 0 0 0 0 1 0 0 4 0 3 0 0 0 3 0 2 0 0 106 0 0 0 0 7 1 3 0 0 0 0 0 1 0 1 2 0 2 0 0 72 0 0 0 0 0 7 0 0 0 0 0 0 0 0 5 0 1 0 0 8 1 0 2 0 0 0 0 0 0 0 1 0 0 5 30 307 0 2 0 0 0 0 19 75 1 4 5 0 0 0 0 22 12 0 0 0 0 0 0 0 0 0 0 0 0 0 0 0 2 1 2 0 0 0 0 0 4 3693 36 0 10 1 0 0 0 0 0 0 0 0 3 3 0 0 0 0 0 0 29 2 2 0 0 0 0 0 2 9 6 0 9 0 17 0 0 0 0 0 0 4 0 0 0 0 0 0 0 0 35 0 0 0 0 0 0 0 1 18 0 0 13 0 0 0 0 0 0 50 1 1 2 0 0 0 13 2 1 333 4 0 0 1 0 3 0 6 0 20 5 0 0 1 1 0 0 0 87 0 0 0 0 0 0 0 20 0 0 0 0 0 0 1 0 0 0 0 0 0 30 16 3 0 142 39 2 0 3532 0 10 1 
125 9508 0 1 0 1 7 0 2 0 0 5 0 0 0 0 0 4 0 8 0 0 49 0 0 2 0 11 1 4 0 0 0 0 1 1 0 0 1 0 0 0 0 68 0 0 0 0 0 16 0 0 0 1 0 2 10 0 3 0 0 0 0 16 1 0 5 0 0 0 3 0 0 0 0 0 0 0 41 369 0 6 0 2 0 0 11 128 2 8 5 0 3 0 1 36 13 0 0 0 0 0 0 0 1 1 0 0 1 0 0 0 0 0 1 0 0 0 0 0 3 3947 32 0 21 0 0 0 0 1 0 0 0 0 0 6 0 1 0 0 0 0 38 9 3 0 0 0 0 0 2 5 11 0 3 0 16 0 0 1 0 0 0 3 1 0 0 0 0 0 0 0 42 0 0 0 0 0 0 0 0 25 0 0 13 2 0 0 0 1 0 41 0 2 0 0 0 0 16 2 0 253 3 0 0 0 0 0 0 6 2 34 10 0 0 0 0 0 0 0 194 0 0 0 0 0 0 0 14 0 0 0 0 0 0 2 0 0 0 0 0 0 17 18 2 0 176 35 0 2 3612 0 6 0 
126 9272 0 1 0 0 2 0 2 0 0 10 0 6 0 0 0 1 0 8 0 0 31 0 0 2 0 7 10 3 0 0 0 0 0 0 0 1 0 0 0 0 0 65 0 0 0 1 0 25 0 0 1 0 0 7 22 0 2 0 0 0 0 11 1 0 2 0 0 0 7 0 0 0 2 0 0 1 47 341 0 3 0 0 0 0 15 131 0 23 1 0 0 1 4 39 27 0 0 0 3 0 2 0 0 0 0 0 1 0 0 0 0 0 3 0 0 0 0 0 1 3870 7 1 29 0 0 0 0 1 0 0 0 0 1 13 0 1 0 3 0 0 37 8 3 0 0 0 2 1 3 0 6 1 3 0 13 0 0 0 3 2 0 3 0 0 0 0 2 0 0 0 49 0 0 0 1 0 0 0 0 25 1 0 10 0 0 0 0 0 0 26 0 3 0 0 0 0 13 2 1 191 2 0 0 3 0 0 0 10 0 44 8 0 0 0 0 0 0 1 121 0 0 0 0 0 0 0 23 0 0 0 0 0 0 0 0 0 3 0 0 0 9 29 2 0 154 34 3 1 3591 8 4 1 
127 9040 1 7 0 0 0 0 0 0 0 4 0 3 0 0 0 0 0 5 0 0 38 0 0 3 0 5 8 4 0 0 0 1 1 0 0 0 0 0 0 0 0 73 0 0 0 0 0 33 0 0 0 0 0 4 2 0 3 0 0 0 3 14 0 0 0 0 0 0 8 0 0 1 0 0 0 0 46 353 0 3 0 0 0 2 25 107 0 34 10 0 0 1 5 31 32 0 0 0 0 0 1 0 1 0 0 2 1 0 1 0 0 1 0 0 0 0 0 0 4 3712 9 1 33 0 0 0 0 4 0 0 0 0 0 3 1 1 0 0 0 0 49 5 2 0 0 0 0 1 1 2 10 2 2 0 9 0 0 0 1 0 0 1 2 0 0 0 0 0 0 1 80 0 0 0 0 0 0 0 0 13 0 0 15 2 0 0 0 0 0 46 2 3 0 0 0 2 27 0 1 127 0 0 0 2 0 2 0 12 0 47 5 0 0 0 0 0 0 0 98 0 0 1 0 1 0 0 23 0 0 0 0 0 0 1 0 0 1 0 0 0 4 29 1 0 136 47 2 1 3541 1 7 0 
128 9151 0 4 0 1 0 0 2 0 0 10 0 3 0 0 0 0 0 8 0 0 95 0 0 1 0 10 2 0 0 0 0 0 0 0 0 0 0 0 1 0 0 80 0 0 0 1 0 37 0 0 0 0 0 6 1 1 3 0 0 0 2 12 0 0 0 0 0 0 2 0 0 2 0 1 0 2 52 350 0 5 0 6 0 1 20 114 0 44 4 0 0 3 3 19 25 0 0 0 0 0 2 0 0 3 0 0 0 0 0 0 0 2 0 0 1 0 0 0 3 3788 3 2 36 0 0 0 0 4 0 0 0 0 0 10 3 2 0 0 0 0 49 5 6 0 0 0 3 0 3 4 18 0 0 0 9 0 1 0 2 0 0 0 0 0 0 0 1 0 0 0 61 0 0 0 2 0 0 0 0 21 0 0 19 3 0 0 0 0 0 49 2 3 1 0 0 0 17 0 0 87 0 0 0 3 0 0 0 8 0 72 7 0 1 0 0 1 0 1 134 0 0 0 0 0 0 0 21 0 0 0 0 0 0 2 0 1 0 0 0 0 2 26 1 0 146 42 2 5 3489 0 4 1 
129 9700 0 9 0 0 0 0 3 0 0 3 0 0 0 0 0 0 0 5 0 0 127 0 0 1 0 7 4 2 1 0 0 0 3 0 0 1 0 0 0 0 0 75 0 0 0 2 0 49 0 0 1 0 0 8 1 0 13 0 0 0 2 9 0 0 5 0 0 0 6 0 0 1 0 0 0 1 46 430 0 3 0 2 0 0 23 130 0 42 4 0 1 0 4 12 22 0 0 0 0 0 5 0 0 1 1 0 0 0 0 0 0 0 2 0 0 0 0 0 4 3964 2 2 47 0 0 0 0 1 0 0 0 0 1 16 6 2 0 0 0 0 65 5 5 0 0 0 0 1 2 2 11 1 2 0 8 0 0 0 0 0 0 0 1 0 0 0 0 0 0 0 57 0 0 0 0 0 0 0 0 25 1 0 13 1 0 0 0 0 0 55 2 2 0 0 0 0 15 0 0 63 1 0 0 1 0 0 0 11 0 86 6 0 0 0 0 0 0 0 135 0 0 0 0 1 0 0 20 0 0 0 0 0 0 3 0 0 1 0 2 0 6 30 3 0 146 59 2 2 3690 0 4 2 
130 9976 0 4 0 0 0 0 8 0 0 9 0 3 0 1 0 1 0 1 0 0 136 0 0 0 0 8 0 4 0 0 0 0 1 0 0 0 0 0 4 0 0 78 0 0 0 0 0 41 0 0 0 1 0 8 1 1 9 0 1 0 3 8 0 0 2 0 0 0 7 0 0 2 1 0 0 0 59 460 0 3 0 2 0 0 31 112 0 18 1 0 0 0 3 20 29 0 0 0 0 0 4 0 2 2 1 2 1 1 0 0 0 0 3 0 0 0 0 0 1 4111 4 0 58 0 0 0 0 1 0 0 0 0 0 2 0 0 0 0 0 0 64 4 3 0 0 0 0 0 4 7 8 0 3 0 6 0 0 0 1 1 0 0 1 0 0 0 1 0 0 0 49 0 0 0 0 0 0 0 0 16 1 0 17 4 0 0 0 0 0 49 7 3 1 1 0 0 19 0 0 81 0 0 0 5 0 2 0 8 0 90 7 0 0 0 0 0 0 1 130 0 0 0 0 1 0 0 11 0 0 0 0 0 0 0 0 1 1 0 0 0 7 32 3 0 143 29 1 8 3832 1 17 0 
131 10339 1 3 0 0 0 1 3 0 0 14 0 4 0 0 0 0 0 6 0 0 200 0 0 0 0 10 0 2 0 0 0 0 4 2 0 0 0 0 1 0 0 84 0 0 0 1 0 49 0 0 0 0 0 9 0 5 4 0 1 0 2 13 0 0 3 0 0 0 5 0 0 0 1 0 0 2 38 442 0 2 0 3 0 0 24 117 2 16 6 0 0 2 4 23 36 0 0 0 0 0 0 0 4 0 0 1 1 0 0 0 0 0 6 0 0 0 0 1 2 4357 6 1 48 0 0 0 0 4 0 0 0 0 0 3 0 0 0 0 1 0 47 7 3 0 0 0 2 0 4 3 5 2 5 0 8 1 0 0 1 2 0 0 2 0 0 0 2 0 0 0 40 0 0 0 1 0 0 0 0 18 0 0 17 15 0 0 0 0 0 65 4 2 1 0 0 0 25 0 0 135 3 0 0 3 0 1 0 14 0 57 15 0 1 0 0 0 0 0 156 0 1 0 0 1 0 0 18 0 0 0 0 0 0 1 1 0 0 0 0 0 20 32 0 0 153 37 2 3 3780 1 5 0 
132 10348 0 1 0 0 0 0 1 0 3 11 0 3 1 0 0 1 0 3 0 0 177 1 0 0 0 5 2 1 0 0 0 0 0 0 0 0 0 0 0 0 0 76 0 0 0 0 0 39 0 0 0 0 0 4 0 3 3 0 0 0 1 9 0 0 0 0 0 0 9 1 1 0 0 0 0 5 35 525 0 0 0 2 0 0 32 95 1 29 4 0 0 1 1 15 43 0 0 0 1 0 1 1 1 3 0 2 0 0 2 0 0 1 3 1 0 0 0 0 10 4603 10 2 57 0 0 0 0 1 0 0 0 0 0 4 0 1 0 0 0 0 39 4 2 0 0 0 3 0 7 4 13 1 7 0 11 0 0 0 0 0 0 2 1 0 0 0 0 0 0 0 34 0 0 0 1 1 0 0 0 20 1 0 18 8 0 0 0 1 0 50 1 0 2 0 0 0 16 0 2 148 1 0 0 2 0 0 0 24 0 85 3 0 0 0 0 0 0 0 104 0 0 0 0 0 0 1 21 0 0 0 0 0 0 1 1 1 2 0 0 0 13 20 3 0 179 33 1 4 3575 2 4 1 
133 10175 1 1 0 1 0 0 3 0 0 25 0 0 0 0 0 0 0 4 0 0 161 1 0 0 0 13 2 4 0 0 0 0 1 0 0 0 1 0 4 0 0 59 0 0 2 0 0 38 0 0 0 0 0 7 1 3 3 0 1 0 2 9 0 0 10 0 0 0 5 0 0 0 0 0 0 14 34 461 0 2 0 0 0 0 38 94 1 27 2 0 0 0 0 20 35 0 0 0 0 0 4 0 1 2 0 1 1 0 1 0 0 0 0 0 1 0 0 0 8 4834 17 1 33 0 0 0 0 3 0 0 0 0 0 9 2 3 0 0 0 0 44 2 2 0 0 0 3 1 2 4 7 0 9 0 12 0 0 0 0 0 0 1 4 0 0 0 0 1 0 0 29 0 0 0 1 0 0 0 1 23 0 0 16 11 0 0 0 0 0 38 1 2 1 0 0 2 20 0 0 183 1 0 0 5 0 0 0 9 1 56 5 0 1 0 0 0 0 0 60 0 0 0 0 0 0 0 13 1 0 0 0 0 0 7 1 0 0 0 0 0 15 25 3 0 125 26 4 6 3344 1 2 0 
134 9427 0 4 0 0 0 0 4 0 0 18 0 0 0 0 0 2 0 5 0 0 169 0 0 0 0 11 1 1 0 0 0 0 0 1 0 0 1 0 0 0 0 54 0 0 0 0 1 38 1 0 0 0 0 8 0 0 4 0 0 1 2 11 0 0 8 0 0 0 5 0 0 2 2 0 0 4 40 394 0 3 0 1 0 0 25 84 0 34 2 0 0 2 4 13 29 0 1 0 0 0 2 0 0 0 1 0 2 0 0 0 0 2 1 0 0 0 0 0 3 4206 27 4 49 0 0 0 0 2 0 0 0 0 0 11 5 1 0 0 0 0 49 1 13 0 0 0 1 1 6 4 14 0 5 0 16 0 0 1 0 0 0 4 3 1 0 0 0 1 0 0 25 0 0 0 2 0 0 0 0 15 2 0 22 8 0 0 0 1 0 63 1 4 0 0 1 0 16 0 0 206 1 0 0 1 0 0 0 7 0 58 8 0 0 0 0 0 0 0 52 0 0 0 0 0 0 0 14 0 0 0 0 0 0 0 0 0 0 0 1 0 23 13 0 0 135 32 0 2 3262 0 2 0 
135 8294 0 5 0 0 0 0 3 0 0 13 0 2 0 0 0 2 0 6 0 0 154 0 0 1 0 11 3 2 0 0 1 0 0 0 0 0 1 0 2 0 0 52 0 0 0 1 0 29 0 0 0 0 0 3 1 0 9 0 1 0 1 6 0 0 4 0 0 0 1 0 0 0 2 0 0 4 48 292 0 3 0 1 0 0 27 111 0 22 7 0 0 0 3 27 30 0 1 0 0 0 3 0 0 0 0 0 1 0 0 0 0 0 4 0 0 0 0 0 2 3793 16 1 29 0 0 0 0 0 0 0 0 0 1 3 1 0 0 0 0 0 42 1 5 0 0 0 4 0 6 4 7 0 3 0 14 0 0 2 0 1 0 2 5 0 0 0 0 1 0 0 30 0 0 0 0 0 0 0 0 20 1 0 18 9 0 0 0 0 0 45 2 4 0 0 0 0 12 0 2 210 0 0 0 0 0 0 0 6 1 66 9 0 0 0 0 0 0 0 37 0 0 0 0 1 0 0 9 0 1 0 0 0 0 0 0 0 0 0 1 0 31 9 1 0 131 30 1 7 2734 0 4 1 
136 6897 0 4 0 1 0 0 3 0 0 7 1 1 0 0 0 1 0 3 0 0 189 1 0 0 0 11 2 2 0 0 0 0 1 0 0 0 3 0 3 0 0 27 0 0 0 0 0 44 0 0 1 0 0 5 2 0 2 0 1 1 8 2 1 0 5 0 0 0 8 0 0 0 1 0 0 5 48 208 0 3 0 0 0 0 28 115 1 16 2 0 0 2 2 14 34 0 0 0 1 0 1 0 1 1 0 0 1 0 1 1 0 1 1 1 0 0 0 0 5 2987 17 3 30 0 0 0 0 2 0 0 0 0 1 8 1 2 0 0 0 0 37 1 6 0 0 0 3 1 1 8 12 0 2 0 14 0 1 1 3 0 0 2 2 0 0 0 1 0 0 0 29 0 0 0 2 1 0 0 0 5 0 0 31 17 0 0 0 0 0 51 4 1 0 0 0 0 19 2 0 245 2 0 0 3 0 0 0 8 0 75 21 0 0 0 0 0 0 0 18 0 0 0 0 3 0 1 21 0 0 0 0 0 0 0 0 0 0 0 1 0 28 8 1 0 131 43 1 2 2121 1 2 1 
137 5180 2 4 0 0 1 1 3 0 0 0 0 3 0 0 0 0 0 4 0 0 153 0 0 2 0 28 2 3 0 0 0 0 0 1 0 0 2 0 0 0 0 18 0 0 0 0 0 53 0 0 0 0 0 8 3 1 8 0 0 0 5 3 0 0 2 2 0 0 8 0 2 1 0 0 0 17 50 129 0 5 0 2 0 0 29 127 2 14 4 0 0 1 2 8 38 0 0 0 0 0 1 0 4 0 0 0 0 0 0 0 1 2 1 0 0 0 0 0 1 2190 19 3 57 4 0 0 0 0 0 0 0 0 1 6 0 2 0 0 0 0 35 1 1 0 0 0 3 0 2 9 3 4 4 0 14 0 0 0 1 2 0 2 1 0 0 0 1 0 0 0 51 0 0 0 0 0 0 0 0 6 0 0 26 12 0 0 0 0 0 20 3 2 0 0 0 1 21 1 0 242 5 0 0 3 0 0 0 3 1 97 5 0 0 0 0 0 0 1 16 0 0 1 0 0 0 0 38 0 0 0 0 0 0 0 0 0 0 0 0 1 26 3 2 0 130 37 0 2 1286 0 2 1 
138 3581 0 1 0 0 1 0 4 0 0 1 1 3 0 0 0 2 0 6 0 0 170 1 0 1 0 9 2 3 0 0 0 0 0 1 0 0 1 0 2 0 0 19 0 0 0 1 0 56 0 0 0 0 0 7 1 0 6 0 0 0 12 2 1 0 4 2 0 0 12 0 0 0 2 0 0 11 63 80 0 7 0 1 0 0 45 128 0 20 3 0 0 0 4 18 30 0 1 0 0 0 0 0 0 0 0 0 0 0 0 0 0 0 4 0 0 0 0 0 2 1209 27 6 53 1 0 0 0 4 0 0 0 0 0 16 1 1 0 0 0 0 39 0 0 0 0 0 4 0 3 7 2 1 8 0 13 0 0 2 3 0 0 4 1 0 0 0 0 0 0 0 35 0 0 0 1 0 0 0 1 5 0 0 21 5 0 0 0 1 0 8 8 1 0 0 0 1 22 0 0 222 4 0 0 1 0 0 0 0 0 85 2 0 0 0 0 0 0 0 15 0 0 0 0 2 0 0 37 0 0 0 0 0 0 0 0 0 0 0 0 0 16 3 3 0 100 35 0 0 774 0 2 0 
139 2767 1 2 0 0 0 0 4 0 2 0 1 1 0 0 0 0 0 11 0 0 195 0 0 0 0 13 0 7 1 0 0 0 2 1 0 0 1 0 3 0 1 18 0 0 0 0 0 55 0 0 0 1 0 6 1 1 9 0 1 0 4 0 0 0 1 0 0 0 18 0 0 2 3 0 0 6 46 47 0 3 0 1 0 0 47 178 1 27 1 0 0 2 6 18 29 0 0 0 0 0 1 0 1 0 1 0 0 0 0 0 0 0 1 0 0 0 0 0 2 614 22 5 53 0 0 0 0 4 1 0 0 0 0 11 1 0 0 0 0 0 38 3 0 0 0 0 6 1 5 5 5 0 8 0 21 0 0 1 3 1 0 4 7 0 0 0 0 0 0 0 30 0 0 0 1 0 0 0 0 0 0 0 21 13 0 0 0 1 0 3 13 0 3 0 0 1 16 0 0 243 4 0 0 13 0 0 0 1 1 75 2 0 1 0 0 0 0 0 3 0 0 0 0 1 0 0 18 0 0 0 0 0 0 0 0 0 0 0 1 0 24 4 1 0 52 36 1 8 556 1 2 0 
140 2403 0 1 0 0 1 0 6 0 0 0 0 2 0 0 0 2 0 2 0 0 238 2 0 0 0 8 2 1 0 0 0 0 1 0 0 1 1 0 1 0 0 24 0 0 0 0 0 96 0 0 0 0 0 9 1 1 11 0 0 1 2 0 0 0 2 0 0 0 19 0 0 2 0 0 0 1 27 39 0 2 0 1 0 0 43 117 0 14 0 0 0 0 3 19 56 0 1 0 0 0 7 0 0 0 0 0 0 0 1 0 2 0 3 1 0 0 0 0 1 344 37 7 59 0 0 0 0 5 0 0 0 0 0 11 1 1 0 0 0 0 37 1 0 0 0 0 11 1 4 6 0 0 6 0 23 0 0 0 2 2 0 5 2 0 0 0 0 1 0 0 16 0 0 0 0 2 0 0 0 2 1 0 12 9 0 0 0 0 0 4 12 3 0 0 0 1 13 0 3 256 2 0 0 4 0 0 0 0 1 84 1 0 0 0 0 0 0 0 6 0 0 0 0 0 0 0 15 0 0 0 0 0 1 1 0 0 1 0 0 0 22 8 4 0 28 24 8 9 492 1 7 0 
141 2440 0 0 0 0 1 0 8 0 2 0 0 1 0 0 0 2 0 6 0 0 263 0 0 1 0 11 2 1 0 0 0 0 1 0 0 0 2 0 3 0 0 43 0 0 0 2 1 70 0 0 1 1 0 11 0 0 5 0 1 0 2 0 1 0 4 1 0 0 18 0 0 0 0 0 0 4 21 43 0 3 0 1 0 0 46 80 0 12 1 0 0 1 1 20 48 0 0 0 0 0 2 0 0 0 0 0 0 0 1 0 1 0 0 0 0 0 0 0 1 321 29 6 64 0 0 0 0 1 0 0 0 0 1 7 1 1 0 0 0 0 51 5 0 0 0 0 5 1 0 7 1 1 5 0 22 0 0 0 0 1 0 1 4 0 0 0 0 0 0 0 17 0 0 0 0 0 0 0 0 5 0 0 20 17 0 0 0 0 0 8 8 3 1 1 0 0 15 0 0 272 0 0 0 6 0 0 0 2 0 65 1 0 0 0 0 0 0 0 5 0 0 0 0 3 0 0 5 0 0 0 0 0 0 0 0 1 0 0 1 0 32 11 2 0 9 9 2 7 600 1 2 0 
142 3045 1 0 0 1 0 1 1 0 0 1 2 2 0 0 0 2 0 1 0 0 278 0 0 0 0 8 0 4 1 0 0 0 0 1 0 0 0 0 0 0 0 43 0 0 0 0 0 49 0 0 0 0 0 3 0 1 4 0 1 0 2 1 0 0 5 2 0 0 12 0 0 5 1 0 0 6 11 92 0 4 0 0 0 0 42 34 0 24 2 0 0 0 3 2 29 0 0 0 0 0 0 0 0 0 0 0 0 0 0 0 0 0 0 0 0 0 0 0 0 552 21 5 35 0 0 0 0 1 0 0 0 0 1 3 1 1 0 2 0 0 46 4 1 0 0 0 1 1 4 10 3 1 8 0 23 0 0 1 1 1 0 0 6 0 0 0 0 0 0 0 4 0 0 0 0 0 0 0 0 6 0 0 8 7 0 0 0 0 0 17 2 2 1 0 0 1 8 0 2 263 8 0 0 4 0 0 0 6 0 31 0 0 0 0 0 0 0 0 7 0 0 0 0 1 0 1 5 0 0 0 0 0 2 0 0 1 0 0 0 0 29 9 1 0 12 1 0 4 1172 1 2 0 
143 4305 0 1 0 0 0 1 2 0 1 4 0 1 0 0 0 2 0 0 0 0 323 0 0 1 0 3 0 0 1 0 0 0 0 0 0 0 1 0 1 0 0 49 0 0 0 0 0 30 0 0 0 0 0 1 0 0 2 0 0 0 2 0 0 0 5 1 0 0 9 0 0 0 0 0 0 4 8 102 0 1 0 0 0 0 35 18 1 17 1 0 0 0 1 5 25 0 1 0 0 0 0 0 0 0 1 0 0 0 4 0 0 0 0 1 0 0 0 0 0 1230 19 7 27 0 0 0 0 1 0 0 0 0 1 3 0 0 0 0 0 0 25 2 0 0 0 0 1 0 2 12 9 0 4 0 16 0 0 0 1 1 0 3 2 0 0 1 0 0 0 0 1 0 0 0 0 0 0 0 0 4 0 0 4 3 0 0 0 1 0 20 1 2 0 1 0 0 8 0 1 343 3 0 0 3 0 2 0 5 1 11 3 0 0 0 0 0 0 0 36 0 0 0 0 2 0 0 3 0 2 0 0 0 0 0 0 0 1 0 0 0 43 7 0 0 17 4 0 2 1721 2 0 0 
144 5622 0 0 0 0 0 0 1 0 0 8 0 0 0 0 0 1 0 1 0 0 372 0 0 0 0 14 0 1 0 0 0 0 1 0 0 0 1 0 0 0 1 41 0 0 0 0 0 19 0 0 0 0 0 0 0 0 1 0 0 0 0 13 1 0 10 0 0 0 7 0 0 0 2 0 0 4 5 152 0 2 0 0 0 0 21 20 5 6 3 0 0 0 0 2 25 0 0 0 0 0 2 0 0 0 0 2 0 0 0 0 0 0 0 0 0 0 0 0 0 1857 45 4 18 0 0 0 0 0 0 0 0 0 3 1 1 0 0 0 0 0 15 3 1 0 0 0 0 0 2 13 6 0 9 0 26 0 0 0 0 0 0 9 7 1 0 0 0 0 0 0 2 0 0 0 0 0 0 0 0 6 0 0 3 4 0 0 0 0 0 20 1 1 3 0 0 0 6 0 0 385 7 0 0 0 0 0 0 5 1 11 1 0 0 0 0 0 0 0 104 0 0 0 0 0 0 0 4 0 0 0 0 0 0 0 0 0 0 0 0 0 73 17 0 0 34 1 0 0 2154 0 0 0 
145 3961 0 1 0 1 0 0 1 0 0 3 0 0 0 0 0 2 0 0 0 0 261 0 0 0 0 5 0 1 0 0 0 0 0 0 0 0 1 0 0 0 0 28 0 0 0 0 0 10 0 0 0 0 0 1 0 0 0 0 0 0 0 4 1 0 5 0 0 0 7 0 0 0 1 0 0 5 8 126 0 2 0 0 0 0 9 12 1 1 0 0 0 0 0 2 17 0 0 0 0 0 0 0 0 1 0 0 1 0 0 0 0 0 0 0 0 0 0 0 1 1289 20 4 17 0 0 0 0 0 0 0 0 0 2 0 1 0 0 0 0 0 8 1 0 0 0 0 0 0 0 11 4 1 6 0 10 1 0 1 0 0 0 4 4 0 0 0 0 1 0 0 9 0 0 0 0 0 0 0 0 6 0 0 3 2 0 0 0 0 0 14 0 0 3 0 0 0 2 0 0 257 4 0 0 0 1 0 0 6 0 9 4 0 0 0 0 0 0 0 50 0 0 0 1 1 0 0 3 0 0 0 0 0 0 0 0 0 0 0 1 0 60 13 0 0 26 0 0 1 1570 2 0 0 
146 6547 0 0 0 0 0 0 0 0 1 2 0 0 0 0 0 3 0 0 0 0 392 0 0 0 0 6 0 0 0 0 0 0 0 0 0 0 2 0 0 0 0 40 0 0 0 0 0 13 0 0 0 0 0 0 2 0 5 0 0 0 0 6 1 0 6 0 0 0 2 0 0 0 2 0 0 5 16 215 0 0 0 0 0 0 10 17 0 4 0 0 0 0 1 2 5 0 0 0 1 0 0 0 0 1 0 0 2 0 0 0 0 0 1 0 0 0 0 0 0 2314 28 3 4 0 0 0 0 0 0 0 0 0 4 3 0 0 0 1 0 0 3 6 2 0 0 0 1 2 0 14 7 0 13 0 25 0 0 0 0 0 0 1 4 0 0 1 0 0 0 0 29 0 0 0 0 0 0 0 1 4 0 0 2 2 0 0 0 0 0 28 0 0 0 0 0 0 6 1 1 359 10 0 0 0 0 0 0 3 0 4 7 0 0 0 2 0 0 0 45 0 0 0 0 2 0 0 13 0 0 0 0 0 0 0 0 0 0 0 0 0 59 13 0 0 64 4 0 2 2664 0 3 0 
147 7801 0 4 0 0 1 0 0 0 0 5 0 1 0 0 1 5 0 1 0 0 160 1 0 0 0 20 0 0 0 0 0 0 0 0 0 0 1 0 0 0 0 67 0 0 1 0 0 6 0 0 0 0 0 0 0 0 4 0 0 0 0 7 1 0 6 0 0 0 1 0 1 0 2 0 0 8 23 247 0 0 0 0 0 0 8 32 3 1 2 0 0 0 3 9 11 0 0 0 0 0 0 0 0 2 0 0 0 0 0 0 0 1 0 0 0 0 0 0 0 2919 43 4 11 0 0 0 0 1 0 0 0 0 1 1 0 0 0 0 0 0 7 7 5 0 0 0 0 1 0 14 7 0 8 0 16 0 0 0 0 0 0 3 4 0 0 0 0 0 0 0 42 0 0 0 0 0 0 0 0 17 0 8 2 3 0 0 0 0 0 35 1 1 1 0 0 0 7 0 2 382 8 0 0 0 0 0 0 6 1 8 12 0 0 0 0 0 0 0 57 0 0 0 1 1 0 0 18 0 0 0 0 0 0 0 0 0 0 0 1 0 44 31 0 0 104 12 0 0 3283 0 0 0 
148 7679 1 0 0 0 0 0 0 0 0 2 0 2 0 0 0 1 0 6 0 0 86 0 0 1 0 4 0 1 1 0 0 0 1 0 0 0 1 0 1 0 0 53 0 0 0 0 0 19 0 0 0 0 0 0 1 0 1 0 0 0 7 12 1 0 4 0 0 0 0 1 0 0 0 0 2 4 19 259 0 0 0 0 0 0 15 66 3 8 12 0 1 0 1 18 8 0 0 0 0 0 0 0 2 0 0 2 0 0 0 0 1 1 0 0 0 0 0 0 0 3193 36 4 11 0 0 0 0 2 0 0 0 0 3 2 0 0 0 0 0 0 13 10 0 0 0 0 0 0 0 10 18 0 3 0 11 0 0 0 0 0 0 2 1 0 0 0 0 0 0 0 38 0 0 0 1 0 0 0 0 16 0 2 23 1 0 0 0 0 0 41 0 1 2 0 0 0 4 0 1 273 6 0 0 0 0 0 0 10 0 11 17 0 0 0 0 0 0 0 73 0 0 0 0 2 0 0 10 0 0 0 0 0 0 1 0 0 0 0 0 0 31 21 0 0 118 27 1 0 2982 0 1 0 
149 1594 0 1 0 0 0 0 1 0 0 1 0 1 0 0 0 0 0 0 0 0 14 0 0 0 0 0 0 0 0 0 0 0 1 0 0 0 1 0 0 0 0 22 0 0 0 0 0 3 0 0 0 0 0 0 0 0 0 0 0 0 5 2 0 0 3 0 0 0 0 0 1 0 0 0 0 2 8 59 0 0 0 0 0 0 2 19 0 0 2 0 0 0 0 3 5 0 0 0 0 0 0 0 0 0 0 0 0 0 0 0 0 0 0 0 0 0 0 0 0 657 0 0 1 0 0 0 0 0 0 0 0 0 0 0 1 0 0 0 0 0 7 0 0 0 0 0 0 0 2 0 3 0 0 0 4 0 0 0 0 0 0 1 0 0 0 0 0 0 0 0 6 0 0 0 1 0 0 0 0 0 0 0 1 0 0 0 0 0 0 9 0 1 0 0 0 0 4 0 0 35 0 0 0 1 0 0 0 4 0 6 4 0 0 0 0 0 0 0 24 0 0 0 0 0 0 0 2 0 0 0 0 0 0 0 0 0 0 0 0 0 2 4 0 0 22 5 1 0 626 0 0 0 
150 5095 1 2 0 0 0 1 0 0 0 1 0 0 0 1 0 0 0 1 0 0 16 0 0 1 0 6 3 3 0 0 0 0 1 0 0 1 0 0 0 0 0 46 0 0 0 0 0 3 0 0 0 0 0 1 3 0 3 0 0 0 1 6 0 0 0 0 0 0 0 0 0 0 0 0 0 2 17 209 0 0 0 0 0 0 18 104 0 11 0 0 0 0 4 9 3 0 1 0 0 0 0 0 0 0 0 0 0 0 0 0 0 0 0 0 0 0 0 0 1 2142 10 6 5 0 0 0 0 1 0 0 0 0 0 2 1 0 0 0 0 0 13 5 2 0 0 0 0 0 2 2 4 0 1 0 9 0 0 0 1 0 0 0 0 0 0 0 0 0 0 0 39 0 0 0 1 0 0 0 0 16 0 0 9 0 0 0 0 0 0 22 0 1 0 0 0 1 10 0 1 111 3 0 0 1 0 0 0 10 0 27 6 0 0 0 1 2 0 0 60 0 0 0 0 1 0 0 16 0 0 0 0 0 0 1 0 0 0 0 0 0 8 15 0 0 94 27 0 2 1911 0 0 0 
151 815 0 0 0 0 0 0 0 0 0 0 0 0 0 0 0 0 0 0 0 0 5 0 0 0 0 2 0 0 0 0 0 0 0 0 0 0 0 0 1 0 0 16 0 0 0 0 0 2 0 0 0 0 0 0 0 0 0 0 0 0 1 1 1 0 0 0 0 0 0 0 0 1 0 0 0 0 4 17 0 0 0 0 0 0 4 6 0 2 0 0 0 0 0 11 4 0 0 0 0 0 0 0 0 0 0 0 0 0 0 0 0 0 0 0 0 0 0 0 0 306 0 0 5 0 0 0 0 0 0 0 0 0 0 1 0 0 0 0 0 0 10 0 0 0 0 0 0 0 2 0 1 0 0 0 2 0 0 0 0 0 0 0 0 0 0 0 0 0 0 0 6 0 0 0 0 0 0 0 0 0 0 0 2 0 0 0 0 0 0 6 0 0 0 0 0 0 4 0 0 11 0 0 0 0 0 0 0 6 0 6 0 0 0 0 0 0 0 0 11 0 0 0 0 0 0 0 3 0 0 0 0 0 0 0 0 0 0 0 0 0 2 5 0 0 26 2 0 0 319 0 0 0 
152 4507 1 0 0 0 0 0 0 0 0 6 0 0 0 0 0 0 0 0 0 0 53 0 0 0 0 1 2 0 0 0 0 0 0 0 0 0 0 0 0 0 0 26 0 0 0 0 0 24 1 0 0 0 0 6 1 1 1 0 0 0 0 6 0 0 0 0 0 0 3 0 0 0 0 0 0 1 21 156 0 1 0 2 0 0 20 70 0 10 1 0 0 0 3 16 18 0 0 0 0 0 0 0 0 0 0 1 0 0 0 1 0 0 2 0 0 0 0 0 1 1820 3 3 17 0 0 0 0 0 0 0 0 0 0 2 0 1 0 0 0 0 20 1 0 0 0 0 2 0 1 1 9 0 4 0 3 0 0 0 0 0 0 0 0 0 0 0 0 0 0 0 48 0 0 0 0 0 0 0 0 10 1 0 10 0 0 0 0 0 0 26 2 0 0 0 0 0 4 0 0 42 0 0 0 0 0 0 0 5 0 26 2 0 0 0 0 2 1 0 81 0 0 0 0 1 0 0 7 0 0 0 0 0 0 0 0 1 0 0 1 2 35 14 0 0 94 30 0 2 1704 1 3 1 
153 4764 1 1 0 0 0 0 2 0 0 7 0 0 0 0 0 0 0 1 0 0 58 0 0 0 0 1 4 3 0 0 0 0 1 0 0 2 0 0 0 0 0 23 0 0 0 1 0 20 0 0 0 0 0 5 1 0 4 0 2 0 0 3 0 0 0 0 0 0 2 0 0 0 0 0 0 0 23 182 0 2 0 1 0 1 9 74 0 8 0 0 0 1 1 4 12 0 1 0 0 0 0 0 1 0 1 1 0 0 1 0 0 0 0 0 0 0 0 0 1 2036 2 3 22 0 0 0 0 0 0 0 0 0 0 5 1 0 0 0 0 0 25 2 0 0 0 0 0 0 1 0 7 0 4 0 4 0 0 1 0 1 0 0 1 0 0 0 0 0 0 0 52 0 0 0 0 0 0 0 0 11 0 0 9 0 0 0 0 0 0 32 3 2 0 0 0 0 8 0 0 35 1 0 0 3 0 0 0 4 0 39 8 0 0 0 0 0 0 0 78 0 0 0 0 1 0 0 3 0 0 0 0 0 0 1 0 0 0 0 0 0 9 10 0 0 86 16 0 0 1766 0 0 0 
154 5295 0 0 0 0 1 0 0 0 0 9 0 2 0 0 0 0 0 3 0 0 58 0 0 1 0 5 1 4 0 0 0 0 2 0 0 0 0 0 2 0 0 38 0 0 0 0 0 24 0 0 0 0 0 7 1 0 2 0 0 0 3 5 0 0 1 0 0 0 5 0 0 0 0 0 0 1 24 216 0 1 0 2 0 0 7 78 0 7 0 0 0 0 2 13 22 0 0 0 0 0 2 0 0 0 0 0 1 0 0 0 0 0 2 1 0 0 0 0 1 2227 0 0 29 0 0 0 0 2 0 0 0 0 0 4 0 1 0 0 0 0 38 2 1 0 0 0 0 0 0 3 5 0 7 0 7 0 0 0 0 0 0 0 0 0 0 0 0 0 0 0 23 0 0 0 0 0 0 0 0 15 2 0 7 1 0 1 0 0 0 32 0 2 0 0 0 0 2 0 0 40 1 0 0 1 0 0 0 2 0 28 10 0 0 0 0 0 0 1 87 0 0 0 0 0 0 0 23 0 1 0 0 0 0 2 0 1 0 0 0 0 3 18 0 0 87 40 2 1 1966 0 1 0 
155 5222 0 2 0 0 0 0 5 0 0 11 0 1 0 0 0 1 0 3 0 0 59 0 0 0 0 7 3 0 0 0 0 0 2 0 0 0 1 0 0 0 1 29 0 0 0 1 0 30 0 0 0 0 0 3 2 0 4 0 1 1 0 3 0 0 1 0 0 0 0 0 0 0 0 0 0 1 26 257 0 0 0 1 0 0 15 58 1 11 1 0 0 0 1 13 23 0 0 0 0 0 0 0 0 1 0 0 2 0 0 1 0 0 2 0 0 0 0 0 1 2269 2 0 32 0 0 0 0 0 0 0 0 0 0 7 0 1 0 0 0 0 13 0 2 0 0 0 1 0 0 1 9 0 1 0 5 0 0 0 1 2 0 0 2 0 0 0 1 1 0 0 20 0 0 0 1 0 0 0 0 14 2 0 11 1 0 0 0 0 0 26 2 2 1 0 0 0 9 0 0 61 0 0 0 1 0 0 0 5 0 34 3 0 0 0 0 0 0 0 69 0 0 0 0 0 0 0 5 0 0 0 0 0 1 0 0 0 0 0 0 0 17 12 1 0 91 24 0 4 1855 0 3 0 
156 5184 0 0 0 0 0 0 2 0 0 7 0 0 0 0 0 0 0 1 0 0 61 0 0 1 0 6 2 1 0 0 0 0 0 0 0 0 1 0 1 0 0 29 0 0 0 0 0 22 0 0 0 0 0 4 0 0 4 0 0 0 1 1 0 0 1 0 0 0 0 0 0 0 0 0 0 0 32 277 0 2 0 1 0 0 15 46 0 7 2 0 0 1 3 8 18 0 0 0 0 0 2 0 0 0 0 1 0 0 0 0 0 0 0 0 0 0 0 0 2 2415 14 1 28 0 0 0 0 0 0 0 0 0 0 2 0 5 0 0 0 0 16 2 3 0 0 0 0 0 2 1 6 2 3 0 3 0 0 0 1 0 0 1 2 0 0 0 0 0 0 0 21 0 0 0 2 0 0 0 0 6 0 0 9 1 0 0 0 0 0 34 2 0 0 0 0 1 7 0 0 57 1 0 0 1 0 0 0 4 0 28 1 0 0 0 0 0 0 0 64 0 0 0 0 1 0 0 11 0 0 0 0 0 0 0 0 0 0 0 0 0 8 12 0 0 63 17 1 1 1747 1 1 0 
157 5046 2 2 0 0 0 0 3 0 0 4 1 0 1 0 0 0 0 3 0 0 85 0 0 2 0 2 1 1 0 0 0 0 0 0 0 0 0 0 0 0 1 26 0 0 0 1 0 23 0 0 0 0 0 1 0 0 3 0 0 0 1 2 0 0 0 0 0 0 2 0 0 1 1 0 0 0 30 246 0 0 0 1 0 0 14 47 2 15 2 0 0 0 1 10 17 0 2 0 0 0 0 0 1 0 0 0 1 0 0 0 0 1 2 0 0 0 0 0 6 2170 14 1 12 0 0 0 0 2 0 0 0 0 2 4 0 0 0 0 0 0 26 3 2 0 0 0 0 0 1 3 7 1 5 0 5 0 0 0 0 0 0 3 2 0 0 0 0 1 0 0 30 0 0 0 0 0 0 0 0 10 0 0 6 2 0 0 0 0 0 30 3 1 0 0 0 1 3 0 0 75 0 0 0 0 0 0 0 6 1 37 2 0 0 0 0 0 0 0 50 0 0 0 0 0 0 0 16 0 0 0 0 0 0 2 0 0 1 0 0 0 6 7 0 0 69 20 3 5 1815 2 1 0 
158 4699 0 2 0 0 0 0 0 0 0 9 0 2 0 0 0 1 0 1 0 0 86 0 0 0 0 6 3 2 1 0 0 0 0 0 0 0 0 0 1 0 0 25 0 0 0 0 0 12 0 0 0 0 0 3 2 0 3 0 1 0 1 4 0 0 3 0 0 0 0 0 0 2 0 0 0 2 27 194 0 2 0 0 0 0 12 52 1 9 2 0 0 1 1 4 8 0 0 0 1 0 0 0 0 0 0 0 0 0 0 0 0 0 1 0 0 0 0 0 3 2081 3 4 15 0 0 0 0 0 0 0 0 0 0 5 3 0 0 0 0 0 13 0 3 0 0 0 0 0 0 2 4 0 0 0 10 0 0 0 0 0 0 1 4 0 0 0 0 0 0 0 35 0 0 0 0 1 0 0 0 7 1 0 8 2 0 0 0 0 0 44 3 0 0 0 1 0 10 0 0 86 1 0 0 4 0 0 0 5 0 37 5 0 0 0 0 0 0 0 40 0 0 0 0 0 0 0 11 0 0 0 0 0 0 1 0 0 0 0 0 0 6 11 0 0 64 13 0 1 1654 0 3 0 
159 4340 2 0 0 0 1 0 5 0 0 1 0 3 0 0 0 1 0 1 0 0 90 0 0 0 0 6 2 1 0 0 0 0 1 0 0 0 1 0 0 0 0 25 0 0 0 0 0 14 0 0 0 0 0 1 1 0 3 0 0 0 0 3 1 0 4 0 0 0 3 0 0 0 0 0 0 9 22 149 0 2 0 0 0 0 12 40 1 11 3 0 0 0 1 11 12 0 0 0 0 0 1 0 0 1 0 0 1 0 0 0 0 0 0 0 0 0 0 0 2 1985 14 0 19 0 0 0 0 1 0 0 0 0 0 6 0 1 0 0 0 0 17 0 0 0 0 0 3 0 1 5 8 0 3 0 6 0 0 0 3 0 0 1 1 0 0 0 0 0 0 0 25 0 0 0 0 0 0 0 2 1 0 0 15 2 0 0 0 0 0 28 0 1 0 0 0 0 6 0 0 134 3 0 0 2 0 0 0 0 0 32 2 0 0 0 0 1 0 0 22 0 0 0 0 2 0 0 9 0 0 0 0 0 0 0 0 0 0 0 0 0 11 11 0 0 80 33 1 0 1386 0 2 0 
160 3757 0 2 0 0 0 0 6 0 0 1 0 1 0 0 0 0 0 1 0 0 79 1 0 0 0 3 0 0 0 0 0 0 0 0 0 0 1 0 0 0 0 14 0 0 0 0 0 20 0 0 0 1 0 2 1 0 4 0 0 0 0 2 0 0 2 0 0 0 3 0 0 0 0 0 0 2 32 75 0 3 0 1 0 0 10 47 1 9 3 0 0 1 2 8 18 0 0 0 0 0 0 0 0 0 0 1 0 0 0 0 0 1 0 1 0 0 0 0 3 1651 8 0 15 0 0 0 0 3 0 0 0 0 0 4 0 0 0 1 0 0 14 0 0 0 0 0 2 1 2 3 5 0 2 0 10 1 1 2 0 0 0 1 1 0 0 0 0 1 0 3 15 0 0 0 0 0 0 0 0 10 0 0 18 3 0 0 0 0 0 21 0 1 0 0 0 0 7 0 2 113 3 0 0 1 0 0 0 2 0 44 2 0 0 0 0 0 0 0 19 0 0 0 0 1 0 0 15 0 0 0 0 0 0 0 0 1 0 0 0 0 17 8 1 0 74 34 0 3 1238 0 2 0 
161 2503 0 1 0 0 0 0 0 0 0 1 0 1 0 0 0 1 0 2 0 0 67 1 0 0 0 3 0 2 0 0 0 0 0 0 0 0 0 0 0 0 0 3 0 0 0 0 0 30 0 0 0 0 0 1 0 0 1 0 0 0 1 0 0 0 2 0 0 0 7 0 0 1 1 0 0 2 27 71 0 1 0 0 0 0 17 58 1 7 1 0 0 1 1 12 17 0 0 1 0 0 0 0 0 0 0 0 0 0 1 0 0 1 0 0 0 0 0 0 2 1048 10 0 23 0 0 0 0 0 0 0 0 0 0 3 1 1 0 0 0 0 16 1 1 0 0 0 0 2 3 4 0 0 5 0 14 0 0 0 0 1 0 1 1 0 0 0 0 0 0 0 35 0 0 0 0 2 0 0 0 1 0 0 17 1 0 0 0 0 0 12 1 2 0 0 0 0 9 0 2 106 0 0 0 3 0 0 0 2 0 58 2 0 0 0 0 0 0 0 12 0 1 0 0 0 0 0 6 0 0 0 0 0 0 0 0 0 0 0 0 0 15 1 1 0 94 24 0 1 607 0 1 0 
162 1818 0 0 0 0 0 0 4 0 1 0 0 1 0 0 0 2 0 3 0 0 79 0 0 0 0 2 1 0 0 0 0 0 0 0 0 0 0 0 1 0 0 2 0 0 0 0 0 29 0 0 0 0 0 0 1 1 3 0 0 0 0 1 0 0 0 0 0 0 10 0 0 0 1 0 0 3 26 41 0 5 0 0 0 0 20 86 5 18 0 0 0 1 2 6 17 0 0 0 0 0 2 0 0 0 0 0 0 0 2 0 0 0 0 0 0 0 0 0 2 630 12 0 22 0 0 0 0 0 0 0 0 0 0 3 0 0 0 0 0 0 20 0 0 0 0 0 3 0 1 2 4 1 2 0 10 0 0 0 1 1 0 0 0 0 0 0 1 0 0 0 12 0 0 0 0 0 0 0 0 0 0 0 10 2 0 0 0 0 0 2 4 2 0 0 0 0 7 0 0 102 2 0 0 2 0 0 0 1 2 75 3 0 0 1 0 0 0 0 1 0 1 0 0 0 0 0 9 0 1 0 0 0 0 1 0 0 1 0 0 0 6 2 0 0 65 23 1 2 380 0 3 0 
163 1383 0 1 0 2 0 1 6 0 0 0 0 1 1 0 0 0 0 4 0 0 67 0 0 0 0 3 0 4 0 0 0 0 1 0 0 0 0 0 0 0 0 11 0 0 0 0 0 42 0 0 0 1 0 7 0 0 4 0 2 0 1 0 0 0 1 0 0 0 7 0 0 1 0 0 0 4 12 18 0 6 0 1 0 0 22 68 0 26 0 0 0 1 0 13 22 0 0 0 0 0 4 0 1 0 0 0 0 0 2 0 0 0 0 0 0 0 0 0 0 307 7 0 39 0 0 0 0 2 0 0 0 0 0 1 1 0 0 0 0 0 21 1 0 0 0 0 2 1 2 2 1 0 4 0 8 0 0 0 0 0 0 3 2 0 0 0 1 0 0 0 11 0 0 0 0 0 0 0 0 1 0 0 14 5 0 0 0 0 0 3 2 0 1 0 0 0 16 0 2 116 3 0 0 2 0 0 0 0 0 46 1 0 0 1 0 0 0 0 1 0 0 0 0 0 0 0 16 0 0 0 0 0 0 0 0 0 0 0 0 0 11 8 1 0 33 19 2 5 284 0 1 0 
164 1219 0 0 0 0 0 0 7 0 0 2 0 2 0 0 0 0 0 8 0 0 85 0 0 0 0 3 0 1 0 0 0 0 0 0 0 0 0 0 0 0 0 7 1 0 0 0 0 42 0 0 0 0 0 4 1 0 7 0 0 1 1 1 0 0 11 0 0 0 7 0 0 1 1 0 0 3 15 11 0 2 0 0 0 0 27 64 2 18 0 0 0 0 0 6 22 0 0 0 0 0 1 0 0 0 0 0 0 0 0 0 0 0 1 0 0 0 0 0 1 219 11 3 28 0 0 0 0 0 0 0 0 0 1 7 3 1 0 0 0 0 26 2 0 0 0 0 8 0 0 7 3 0 3 0 7 0 0 0 1 0 0 2 3 0 0 0 0 0 0 0 14 0 0 0 0 0 0 0 0 0 0 0 8 3 0 0 0 0 0 4 3 1 0 0 0 0 11 0 1 111 3 0 0 1 2 0 0 0 0 32 0 0 0 0 0 0 0 0 0 0 0 0 0 1 0 0 11 0 0 0 0 0 0 0 0 0 0 0 1 0 5 5 0 0 14 12 3 1 262 0 1 0 
165 1230 0 0 0 0 0 1 5 0 0 0 0 0 0 0 0 0 0 1 0 0 153 0 0 1 0 4 0 2 0 0 0 0 1 1 0 0 1 0 1 0 0 7 0 0 0 0 0 29 0 0 0 0 0 4 0 0 4 0 0 0 2 3 0 0 0 0 0 0 10 0 0 1 3 0 0 5 9 32 0 0 0 0 0 0 22 41 1 6 0 0 0 0 0 8 20 0 0 0 0 0 0 0 1 0 0 0 1 0 0 0 0 0 1 0 0 0 0 0 1 151 6 0 22 0 0 0 0 0 0 0 0 0 1 5 0 1 0 0 1 0 21 2 0 0 0 0 7 0 0 3 2 0 1 0 9 0 0 0 0 0 0 4 5 0 0 0 1 0 0 0 6 0 0 0 2 0 0 0 0 1 1 0 9 1 0 0 0 0 0 4 1 0 0 0 0 0 1 0 0 119 3 0 0 2 0 0 0 2 0 45 0 0 0 0 0 0 0 0 1 1 0 0 0 0 0 0 6 0 0 0 0 0 0 0 0 0 0 0 0 0 12 1 1 0 4 4 1 1 372 0 0 1 
166 1517 0 0 0 1 0 0 0 0 0 0 0 0 0 0 0 3 0 0 0 0 147 0 0 1 0 1 0 0 0 0 0 0 0 1 0 0 1 0 0 0 0 16 0 0 0 0 0 22 0 0 0 0 0 1 0 0 3 0 0 1 0 0 1 0 3 0 0 0 7 0 0 1 0 0 0 1 8 39 0 1 0 1 0 0 18 16 0 5 1 0 0 0 0 1 16 0 0 0 0 0 2 0 0 0 1 0 0 0 0 0 0 0 0 0 0 0 0 0 1 346 16 2 20 0 0 0 0 0 0 0 0 0 1 2 0 1 0 0 0 0 14 0 1 0 0 0 1 0 0 11 0 0 3 0 9 0 0 0 0 1 0 2 1 0 0 0 0 0 0 0 3 0 0 0 2 0 0 0 0 1 0 0 6 3 0 0 0 0 0 5 0 0 0 0 0 1 3 0 0 112 1 0 0 0 0 0 0 0 0 21 0 0 0 0 0 0 0 0 3 0 0 0 0 1 0 0 3 0 0 0 0 0 1 0 0 0 1 0 0 0 17 6 0 0 6 2 0 4 557 0 0 0 
167 2365 0 0 0 0 0 0 2 0 0 1 0 0 0 0 0 1 0 0 0 0 222 1 0 0 0 2 0 2 0 0 0 0 0 0 0 0 1 0 0 0 0 29 0 0 0 0 0 15 0 0 1 0 0 2 0 0 1 0 0 0 1 1 0 0 3 0 0 0 6 0 0 0 0 0 0 3 6 63 0 0 0 0 0 0 24 16 1 2 0 0 0 0 0 3 9 0 0 0 0 0 1 0 1 0 0 0 0 0 0 0 0 0 0 0 0 0 0 0 0 691 11 0 19 0 0 0 0 1 0 0 0 0 0 2 0 0 0 0 0 0 10 0 0 0 0 0 3 0 0 6 2 2 2 0 5 0 0 1 0 0 0 1 1 0 0 0 0 1 0 0 2 0 0 0 0 0 0 0 0 1 0 0 1 5 0 0 0 0 0 4 0 1 0 0 0 0 2 0 0 155 3 0 0 1 0 0 0 9 0 7 0 0 0 0 0 0 0 0 10 0 0 0 0 0 0 0 0 0 0 0 0 0 0 0 0 0 0 0 0 0 28 6 0 0 11 0 0 2 928 0 0 0 
168 2686 0 2 1 0 0 0 0 0 1 1 0 1 0 0 0 0 0 0 0 0 323 0 0 2 0 2 0 1 0 0 0 0 0 0 0 0 1 0 0 0 0 21 0 0 0 0 0 6 0 0 0 0 0 2 0 0 1 0 0 0 0 4 0 0 2 0 0 0 3 0 0 0 1 0 0 3 1 79 0 0 0 0 0 0 7 6 3 3 2 0 0 0 0 0 8 0 0 0 0 0 0 0 0 0 0 0 0 0 0 0 0 2 0 0 0 0 0 0 0 857 19 0 7 0 0 0 0 0 0 0 0 0 0 2 0 0 0 0 0 0 3 2 0 0 0 0 1 0 1 2 1 0 8 0 3 0 0 0 0 0 0 3 3 0 0 0 0 0 0 0 1 0 0 0 0 0 0 0 0 7 0 0 0 7 0 0 0 0 0 5 0 0 2 0 0 0 3 0 0 140 2 0 0 0 0 0 0 4 0 3 1 0 0 0 0 0 0 0 18 0 0 0 0 0 0 0 1 0 0 0 0 0 0 0 0 0 0 0 0 0 31 3 0 0 12 1 0 0 1040 0 1 0 
