day total blank BD BF BG BA BB BE BL BM BN BO BH BI BJ BT JM BV BW WS BQ BR BS JE BY BZ RU RW RS LT RE TM TJ RO TK GW GU GT GS GR GQ GP JP GY GG GF GE GD GB GA GN GM GL GI GH OM TN JO WF HR HT HU HK HN HM VE PR PS PW PT KN AF IQ PA PF PG PE PK PH PN PL PM ZM EH EE EG ZA EC IT VN SB ET SO ZW SA ES ER ME MD MG MF MA MC UZ MM ML MO MN MH MK MU MT MW MV MQ MP MS MR IM UG MY MX IL FR AW SH AX SJ FI FJ FK FM FO NI NL NO NA VU NC NE NF NG NZ NP NR NU CK XK CI CH CO CN CM CL CC CA CG CF CD CZ CY CX CR PY CW CV CU SZ SY SX KG KE SS SR KI KH SV KM ST SK KR SI KP KW SN SM SL SC KZ KY SG SE SD DO DM DJ DK DE YE DZ US UY YT UM LB LC LA TV TW TT TR LK LI LV TO TL LU LR LS TH TF TG TD TC LY VA VC AE AD AG VG AI VI IS IR AM AL AO AN AQ AS AR AU AT IO IN TZ AZ IE ID UA QA MZ 
0 44149 0 0 0 1 0 0 0 0 0 0 7 0 0 4 0 1 0 1 0 0 43126 0 0 2 0 6 0 1 0 0 0 0 0 0 0 0 2 0 0 0 0 7 0 0 0 0 0 17 0 0 0 0 0 0 0 0 0 0 0 0 0 1 0 0 11 0 0 0 393 0 0 0 0 0 0 3 0 9 0 2 0 0 0 0 0 0 9 22 0 0 0 0 0 0 18 0 0 0 0 0 0 0 0 1 0 0 0 0 0 0 1 0 0 0 0 0 0 0 0 4 44 2 6 0 0 0 0 0 0 0 0 0 6 1 0 0 0 0 0 0 0 0 0 0 0 0 0 0 2 31 0 0 21 0 20 0 0 0 0 0 0 5 15 0 2 0 0 0 0 0 0 0 0 0 0 0 0 0 0 3 0 0 2 6 0 0 0 0 0 0 2 0 4 0 0 13 3 0 0 178 21 0 0 0 0 0 0 0 0 0 0 0 0 0 0 0 0 0 2 0 0 0 0 0 0 0 0 0 0 0 0 0 0 0 0 0 9 0 2 0 80 4 1 0 0 2 0 2 1 0 0 0 
1 43334 0 0 0 2 0 0 0 0 0 1 2 0 0 0 0 0 0 0 0 0 42471 0 0 0 0 10 0 0 0 0 0 0 0 0 0 0 2 0 0 0 0 11 0 0 0 0 0 18 0 0 0 0 0 0 0 0 0 0 0 0 0 2 1 0 11 0 0 0 135 0 0 0 2 0 0 8 0 9 0 0 0 0 0 0 0 0 15 6 0 0 0 0 0 0 17 0 0 0 0 0 1 0 0 0 0 0 0 0 0 0 0 0 0 0 0 0 0 0 0 1 43 1 7 0 0 0 0 0 0 0 0 0 2 0 0 0 0 0 0 0 1 0 0 0 0 0 0 0 0 31 1 0 28 0 23 0 0 0 0 0 0 3 18 0 0 0 0 0 0 0 0 0 0 0 0 2 0 0 0 1 0 0 0 2 0 0 0 0 0 1 7 0 6 0 0 3 1 0 0 233 40 0 0 0 0 0 0 0 0 0 3 0 0 0 1 0 0 0 0 0 0 0 0 0 0 0 2 0 1 0 0 0 0 0 0 0 10 0 0 0 113 5 0 0 3 3 0 0 3 0 0 0 
2 30783 0 0 0 0 0 0 0 0 0 0 0 0 0 0 0 0 0 0 0 0 30053 0 0 0 0 1 0 1 0 0 0 0 0 0 0 0 3 0 0 0 0 11 0 0 0 0 0 10 0 0 0 0 0 0 0 0 0 0 0 0 0 0 0 0 9 0 0 0 80 0 1 0 1 0 0 0 0 5 0 0 0 0 0 0 0 2 16 0 1 0 0 0 0 0 9 0 0 0 0 0 0 0 0 0 0 1 0 0 0 0 0 0 0 0 0 0 0 0 0 2 64 0 5 0 0 0 0 0 0 0 0 0 5 0 0 0 0 0 0 0 0 2 0 0 0 0 0 0 1 36 2 0 17 0 21 0 0 0 0 0 0 2 23 0 0 0 0 0 0 0 1 0 0 0 0 0 0 0 1 5 0 0 0 1 0 0 0 0 0 2 1 0 7 0 0 1 3 0 0 173 20 0 0 0 0 0 0 0 0 0 4 0 0 0 0 0 0 0 0 0 0 0 0 0 0 0 1 0 0 0 0 0 0 0 0 0 1 0 0 0 144 12 0 0 1 5 0 0 4 1 0 0 
3 19335 0 0 0 0 0 0 0 0 0 0 2 0 0 0 0 1 0 0 0 0 18730 0 0 0 0 0 0 0 0 0 0 0 0 0 0 0 0 0 0 0 0 7 0 0 0 0 0 5 0 0 0 0 0 1 0 0 0 0 0 0 0 1 0 0 1 0 0 0 43 0 0 0 5 0 0 10 0 8 0 0 0 0 0 0 0 4 12 3 0 0 0 0 0 0 15 0 0 0 1 0 0 0 0 0 1 0 0 0 0 0 0 0 0 0 0 0 0 0 0 3 72 0 5 0 0 0 0 0 0 0 0 0 1 0 0 0 0 0 0 0 0 1 0 0 0 0 0 0 2 25 0 0 5 0 36 0 0 0 0 0 0 5 14 0 0 0 0 0 0 0 1 0 0 0 0 1 0 0 0 1 0 0 0 1 0 0 0 3 0 1 1 0 4 0 0 0 2 0 1 145 28 0 0 0 0 0 0 0 0 0 1 0 0 0 0 0 0 0 0 0 0 0 0 0 0 0 0 0 0 0 0 0 0 0 0 0 3 0 0 0 94 5 0 0 3 2 0 0 4 0 0 1 
4 11157 0 0 0 0 0 0 0 0 0 0 1 0 0 0 0 0 0 1 0 0 10616 0 0 0 0 2 0 0 0 0 0 0 0 0 0 0 2 0 0 0 0 5 0 0 0 0 0 4 0 0 0 1 0 0 0 0 0 0 0 0 0 1 1 0 15 0 0 0 48 0 0 0 5 0 0 9 0 13 0 0 0 0 0 0 0 2 4 1 0 0 0 0 0 0 3 0 0 0 0 0 0 0 1 0 0 0 0 0 0 0 0 0 1 0 0 0 0 0 1 2 75 4 6 0 0 0 0 0 0 0 0 0 2 0 0 0 0 0 0 0 0 1 0 0 0 0 0 0 4 21 2 0 8 0 14 0 0 0 0 0 0 3 6 0 0 0 0 0 0 0 0 0 0 0 0 0 0 0 0 4 0 0 0 0 0 0 0 0 0 2 1 0 2 0 0 0 3 0 0 140 20 0 0 0 0 0 0 0 1 1 2 0 0 0 0 1 0 0 0 0 0 0 0 0 0 0 0 0 0 0 0 0 0 0 1 0 4 0 0 0 61 0 0 0 1 0 0 1 4 0 0 15 
5 7260 0 0 0 0 0 0 1 0 0 1 0 0 0 0 0 0 0 1 0 0 6696 0 0 0 0 3 0 1 0 0 0 0 2 0 0 0 4 0 0 0 0 0 0 0 0 0 0 4 0 0 0 0 0 0 0 0 0 0 0 0 0 0 0 0 6 0 0 0 121 0 0 0 1 0 0 6 0 10 0 0 0 0 0 0 0 4 3 6 1 0 0 0 0 1 34 0 0 0 0 0 0 0 0 0 0 0 0 0 0 0 1 0 0 0 0 0 0 0 0 7 45 0 7 0 0 0 0 1 0 0 0 0 2 4 0 0 0 0 0 0 0 6 0 0 0 0 0 0 2 11 5 0 9 0 13 0 0 1 1 0 0 8 2 0 0 0 0 0 0 0 0 0 0 0 0 1 0 0 0 0 0 0 0 0 0 0 0 0 0 1 0 0 0 0 0 4 11 0 0 90 16 0 0 2 0 0 0 0 0 0 1 0 0 0 0 1 0 0 1 0 0 0 0 1 0 0 1 0 0 0 0 0 0 0 1 0 11 0 1 0 48 1 0 0 3 0 0 2 4 0 0 15 
6 4427 0 1 0 0 0 0 1 0 0 0 7 1 0 0 0 0 0 0 0 0 3577 0 0 0 0 3 0 0 0 0 0 0 1 0 0 0 5 0 0 0 0 6 0 0 0 0 0 15 0 0 0 0 0 1 0 0 0 0 0 0 0 1 0 0 7 0 0 0 473 0 0 0 2 0 0 2 0 11 0 1 0 0 0 0 0 5 7 9 0 0 0 0 0 0 31 0 0 0 0 0 0 0 1 0 0 0 0 0 0 0 0 0 0 0 0 0 0 0 0 3 22 1 11 0 0 0 0 1 0 0 0 0 0 0 0 0 0 0 0 0 0 3 0 0 0 0 0 0 2 7 2 0 14 0 7 0 0 0 2 0 0 2 2 0 0 0 0 0 0 0 1 0 0 0 0 1 0 0 0 0 0 0 0 0 0 0 0 1 0 0 2 0 1 0 0 1 6 0 0 65 10 0 0 0 0 0 0 0 0 0 1 0 1 0 0 1 0 0 0 0 0 0 0 0 0 0 0 0 0 0 0 0 0 0 0 0 28 0 1 0 17 2 0 0 3 2 3 0 4 0 0 23 
7 4512 0 1 0 1 0 0 2 0 0 0 1 0 0 0 0 1 0 2 0 0 3729 0 0 0 0 1 0 0 0 0 0 0 1 0 0 0 1 0 0 0 0 8 0 0 0 0 0 31 0 0 0 0 0 0 0 0 0 0 1 0 0 0 0 0 2 0 0 0 452 0 0 0 0 0 0 0 1 20 0 1 0 0 0 0 1 11 1 22 0 0 0 0 1 0 34 0 0 0 0 0 0 1 0 0 1 0 0 0 0 0 0 0 0 0 0 0 0 0 1 2 10 2 12 0 0 0 0 1 0 0 0 0 0 2 0 0 0 0 0 0 2 0 0 0 0 0 0 0 3 1 0 0 4 0 12 0 0 0 4 0 0 2 0 0 0 0 0 0 0 0 0 0 0 0 0 0 0 0 0 0 0 0 0 0 0 0 0 0 0 0 4 0 0 0 0 0 5 0 0 27 2 0 0 0 0 0 0 0 0 1 2 0 0 0 0 1 0 0 2 0 0 0 0 0 0 0 0 0 0 0 0 0 0 0 0 0 4 0 2 0 11 4 1 0 6 4 0 4 4 0 0 25 
8 10385 0 3 0 0 0 0 0 0 0 0 0 0 0 0 0 0 0 2 0 0 9689 0 0 0 0 1 0 0 0 0 0 0 0 0 0 0 3 0 3 0 0 9 0 0 0 0 0 19 0 0 0 0 0 1 0 0 0 0 0 0 0 0 0 0 2 0 0 0 351 0 0 0 0 0 0 0 2 18 0 1 0 0 0 0 0 5 1 15 0 0 1 0 1 0 57 0 0 0 0 0 1 0 0 0 0 0 0 0 0 0 0 0 0 0 0 0 0 0 0 3 3 0 23 0 0 0 0 2 0 0 0 0 0 1 0 0 0 0 0 0 1 2 0 0 0 0 0 0 3 4 0 0 2 0 4 0 0 0 2 0 0 0 0 0 1 0 0 0 0 0 3 0 0 0 0 0 0 0 0 2 0 0 0 0 0 0 0 0 0 2 2 1 1 0 0 1 8 0 1 26 1 0 0 0 0 0 0 1 0 9 0 0 0 0 0 1 0 0 1 0 0 0 0 0 0 0 2 0 0 0 0 0 0 0 0 0 16 0 1 0 9 7 0 0 4 4 0 3 4 1 0 22 
9 14139 0 0 0 1 0 0 5 0 0 1 0 0 0 0 0 0 0 0 0 0 13319 0 0 0 0 3 0 0 0 0 0 0 0 0 0 0 3 0 4 0 0 10 0 0 0 0 0 29 0 0 0 0 0 4 0 1 0 0 0 0 1 0 0 0 0 0 0 0 423 0 0 0 1 0 0 1 0 20 0 2 0 0 0 0 0 7 0 21 1 0 0 0 0 2 57 0 0 0 0 0 0 0 0 0 0 0 0 0 0 0 0 0 0 0 0 0 0 0 0 4 3 2 14 0 0 0 0 0 0 0 0 0 0 7 0 1 0 0 0 0 3 2 0 0 0 0 0 0 4 1 4 0 2 0 17 0 0 0 1 0 0 0 5 0 1 0 0 0 0 0 2 0 1 0 0 0 0 0 1 5 0 0 0 0 0 0 0 0 0 1 0 0 0 0 0 1 8 0 0 18 1 0 0 0 0 0 0 1 0 1 0 0 0 0 0 0 0 0 1 0 0 0 0 0 0 0 0 0 0 0 0 0 0 0 0 0 27 0 1 0 16 11 0 0 7 3 0 6 5 0 0 18 
10 15214 0 0 0 1 2 0 1 0 0 0 0 0 0 0 0 0 0 0 0 0 14270 0 0 0 0 0 0 0 0 0 0 0 0 0 0 0 0 0 2 0 0 5 0 0 0 0 0 46 0 0 0 0 0 0 0 0 0 0 0 0 2 0 0 0 3 0 0 0 488 0 0 0 0 0 0 2 2 17 0 0 0 0 0 0 0 7 0 15 0 0 0 0 0 1 71 0 0 0 0 0 0 0 0 0 0 0 0 0 0 0 1 0 0 0 0 0 0 0 0 4 5 5 22 0 0 0 0 1 0 0 0 0 0 6 1 1 0 0 0 0 0 5 1 0 0 0 0 0 4 4 1 0 6 0 11 0 0 1 2 1 0 0 6 0 0 0 0 0 0 0 2 0 0 0 0 0 0 0 0 0 0 0 1 2 0 0 0 1 0 0 0 1 1 0 0 0 16 0 0 56 5 0 0 0 0 0 0 0 0 3 2 0 1 0 0 0 0 0 0 0 0 0 1 1 0 0 3 0 0 0 0 0 1 0 0 0 14 0 0 0 36 11 0 0 3 2 0 10 4 1 0 7 
11 17028 0 0 0 0 0 0 1 0 0 0 2 0 0 0 0 0 0 0 0 0 15989 0 0 0 0 4 0 0 0 0 0 0 0 0 0 0 0 0 11 0 0 12 0 0 0 0 0 29 0 0 0 0 1 1 0 0 1 0 0 0 0 1 0 0 7 0 0 0 482 0 0 0 0 0 0 3 1 21 0 3 0 0 0 0 1 11 1 18 0 0 0 0 0 0 87 0 0 0 0 0 0 0 0 0 0 0 0 0 0 0 0 0 1 0 0 0 0 0 0 4 9 0 32 0 0 0 0 0 0 0 0 0 0 4 1 0 0 0 0 0 4 1 0 0 0 0 0 0 5 6 4 0 12 0 2 0 0 0 1 0 0 0 8 0 0 0 0 0 0 0 1 0 0 0 0 0 0 0 0 1 1 0 1 5 0 0 0 0 0 0 0 0 4 0 0 0 16 0 1 84 12 0 0 0 0 0 0 1 0 4 2 0 0 0 0 1 1 0 0 0 0 0 0 0 0 0 2 0 0 0 0 0 0 0 5 0 12 0 1 0 49 7 0 0 1 5 0 3 2 0 0 12 
12 18466 0 1 0 0 0 0 1 0 0 0 0 0 0 0 0 0 0 0 0 0 17346 0 0 0 0 3 0 0 0 0 0 0 2 0 0 0 0 0 6 0 0 23 0 0 0 0 0 27 0 0 0 0 0 0 0 0 0 0 1 0 0 0 0 0 7 0 0 0 524 0 0 0 0 0 0 5 1 16 0 1 0 0 0 0 0 5 7 27 0 0 0 0 0 3 97 0 0 0 0 0 2 0 0 1 0 1 0 0 0 0 0 0 0 0 0 0 0 0 0 7 16 1 20 0 0 0 0 1 0 0 0 0 0 6 1 0 0 0 0 0 1 0 1 0 0 0 0 0 9 13 2 0 14 0 11 0 0 0 0 0 0 1 10 0 0 0 0 0 0 0 0 0 0 0 0 0 0 0 0 2 0 0 0 5 0 0 0 0 0 1 4 0 1 0 0 1 7 0 0 114 5 0 0 0 0 0 0 0 0 5 1 0 0 0 0 1 0 0 0 0 0 0 0 0 0 0 1 1 0 0 0 0 0 0 0 0 11 0 1 0 39 3 2 0 8 3 0 3 3 3 0 7 
13 21703 0 0 0 0 0 0 4 0 0 0 2 0 0 0 0 1 0 0 0 0 20595 0 0 0 0 2 0 0 0 2 0 0 0 0 0 0 2 0 2 0 0 17 0 0 0 0 0 46 0 0 0 0 0 1 0 0 0 0 0 0 0 0 0 0 5 0 0 0 524 0 0 0 0 0 0 2 2 18 0 3 0 0 0 0 0 0 4 28 0 0 0 0 0 1 70 0 0 0 0 0 0 0 0 0 0 0 0 0 0 0 0 0 0 0 0 0 0 0 0 6 20 3 24 0 0 0 0 2 0 0 0 0 0 2 0 0 0 0 0 0 2 0 1 0 0 0 0 0 6 15 1 0 19 0 14 0 0 0 1 1 0 3 11 0 1 2 0 0 0 0 0 0 0 0 0 0 0 0 0 0 0 0 1 4 0 0 0 0 0 0 4 0 3 0 0 0 7 0 0 94 8 0 0 0 0 0 0 0 0 4 0 0 1 0 0 2 0 0 2 0 0 0 0 0 0 0 1 0 0 0 0 0 0 0 0 0 19 0 0 0 45 1 0 0 8 2 0 4 7 1 0 9 
14 21501 0 0 0 1 0 0 3 0 0 0 0 0 0 0 0 0 0 0 0 0 20518 0 0 0 0 0 0 0 0 0 0 0 1 0 0 0 0 0 5 0 0 12 0 0 0 0 0 43 0 0 0 0 0 0 0 0 0 0 0 0 1 0 1 0 6 0 0 0 386 0 0 0 0 0 0 1 0 24 0 3 0 0 0 0 2 6 6 17 0 0 0 0 0 0 55 0 0 0 0 0 0 0 0 0 0 0 0 0 0 0 0 0 0 0 0 0 0 0 0 2 28 6 23 0 0 0 0 1 0 0 0 0 3 2 1 0 0 0 1 0 3 0 0 0 0 0 0 0 4 18 2 0 13 0 14 0 0 0 0 0 0 1 17 0 0 1 0 0 0 0 1 0 0 0 0 0 0 0 0 6 1 0 0 0 0 0 0 0 0 0 0 1 1 0 0 0 8 0 0 103 22 0 0 0 0 0 0 1 0 4 1 0 0 0 0 1 0 0 0 0 0 0 0 0 0 0 2 0 0 0 0 0 0 0 0 0 19 0 0 0 63 3 0 0 3 1 0 2 5 0 0 6 
15 20318 0 0 0 0 0 0 2 0 0 0 0 0 0 0 0 1 0 1 0 0 19262 0 0 0 0 2 0 0 0 0 0 0 0 0 0 0 1 0 3 0 0 5 0 0 0 0 0 25 0 0 0 0 0 0 0 0 1 0 0 0 1 0 1 0 4 0 0 0 453 0 0 0 2 0 0 8 1 17 0 1 0 0 0 0 1 5 3 17 1 0 0 0 0 0 68 0 0 0 0 0 0 2 0 0 0 0 0 0 0 0 0 0 0 0 0 0 0 0 0 5 32 2 18 0 0 0 0 1 0 0 0 0 2 2 0 0 0 0 0 0 2 0 1 0 0 0 0 0 4 21 2 0 17 0 27 0 0 0 1 0 0 5 21 0 0 0 0 0 0 0 1 0 0 0 0 1 0 0 0 0 0 0 0 0 0 0 0 0 0 0 1 0 2 0 0 0 8 0 0 110 19 0 0 0 0 0 0 0 0 15 3 0 0 0 0 2 0 0 0 0 0 0 0 1 0 0 4 0 0 0 0 0 0 0 0 0 13 0 1 0 48 4 1 0 6 2 0 3 2 1 2 7 
16 18322 0 0 0 0 0 0 2 0 0 0 4 0 0 0 0 1 0 1 0 0 17111 0 0 0 0 1 0 0 0 0 0 0 2 0 0 0 0 0 3 0 0 1 0 0 0 0 0 25 0 0 0 0 0 1 0 0 1 0 0 0 0 0 0 0 6 0 0 0 584 0 0 0 2 0 0 2 1 10 0 6 0 0 0 0 2 5 7 25 0 0 0 0 0 2 53 0 0 0 0 0 0 0 0 0 0 0 0 0 0 0 0 0 0 0 0 0 0 0 0 1 32 1 20 0 0 0 0 2 0 0 0 0 0 4 1 0 0 0 0 0 4 0 1 0 0 0 1 0 4 13 0 0 8 0 7 0 0 0 1 1 0 3 16 1 0 0 0 0 0 0 0 0 0 0 0 0 0 0 2 1 0 0 0 1 1 0 0 0 0 1 1 0 2 0 0 1 11 0 0 158 14 0 0 0 0 0 0 0 0 5 2 0 0 0 0 2 0 0 0 0 0 0 0 0 0 0 2 0 0 0 0 0 0 0 0 0 7 0 0 0 74 1 2 0 5 4 0 11 2 1 0 20 
17 18172 0 1 0 1 0 0 2 0 0 0 0 0 0 0 0 0 0 0 0 0 16678 0 0 0 0 2 0 2 0 0 0 0 1 0 0 0 0 0 2 0 0 1 0 0 0 0 0 31 0 0 0 0 0 0 0 0 0 0 1 0 1 0 0 0 6 0 0 0 876 0 0 0 2 0 0 5 2 5 0 0 0 0 0 0 1 12 4 20 1 0 0 0 0 1 53 0 1 0 0 0 1 2 0 0 0 0 0 0 0 0 0 0 0 0 0 0 0 0 0 5 27 0 29 0 0 0 0 0 0 0 0 0 2 10 0 0 0 0 0 0 2 0 1 0 0 0 0 0 6 10 0 0 5 0 12 0 0 0 0 0 0 6 15 0 0 0 0 1 0 0 3 0 0 0 0 0 0 1 2 3 0 0 2 0 0 0 0 0 0 0 2 0 2 0 0 6 11 0 0 114 14 0 0 1 0 0 0 2 0 5 0 1 0 0 0 2 0 0 0 0 0 0 0 0 0 0 2 0 0 0 0 0 1 0 1 0 24 0 0 0 78 1 0 0 4 4 1 7 3 2 2 12 
18 19182 0 0 0 1 0 0 1 0 0 0 5 1 0 0 0 0 0 0 0 0 17322 1 0 0 0 2 0 0 1 0 0 0 0 0 0 0 2 0 4 0 0 2 0 0 0 0 0 29 0 0 0 0 0 1 0 0 0 0 1 0 0 0 0 0 4 0 0 0 1208 0 0 0 1 0 0 3 1 0 0 0 0 0 0 0 0 20 3 28 0 0 0 0 0 1 97 0 1 0 1 0 0 0 0 0 1 0 0 0 0 0 1 0 0 1 0 0 0 0 0 1 29 0 22 0 0 0 0 2 0 0 0 0 3 9 4 0 0 0 0 0 3 0 0 0 0 0 0 0 3 13 0 0 8 0 12 0 0 1 0 0 0 2 14 0 0 1 0 0 0 0 0 0 0 0 0 0 0 0 1 0 0 0 0 2 0 0 0 0 0 0 0 0 4 0 0 1 9 0 0 135 15 0 0 0 0 0 0 0 0 13 0 0 0 0 0 2 0 0 2 0 0 0 0 0 0 0 2 0 0 0 0 0 0 0 0 0 18 0 0 0 70 2 1 0 3 2 0 5 0 0 0 18 
19 21968 0 0 0 1 0 0 8 0 0 0 2 0 0 0 0 0 0 0 0 0 19949 1 0 0 0 3 0 1 0 0 0 0 0 0 0 0 7 0 1 0 0 5 0 0 1 0 0 39 0 0 0 0 0 1 0 3 0 0 0 0 1 0 0 0 5 0 0 0 1368 0 0 0 2 0 0 5 0 1 0 4 0 0 0 0 1 7 3 28 0 0 0 0 0 1 62 0 0 0 0 0 0 0 0 0 0 1 0 0 0 0 0 0 0 1 0 0 0 0 0 0 35 3 29 0 0 0 0 2 0 0 0 0 0 2 1 0 0 0 0 0 4 2 0 0 0 0 0 0 11 11 1 0 5 0 16 0 0 2 4 2 0 1 9 1 0 0 0 0 0 0 1 0 0 0 0 0 0 0 0 0 0 0 0 0 0 0 0 1 0 0 4 0 4 0 0 3 10 0 0 145 17 0 0 0 0 0 0 0 0 5 0 0 0 0 0 3 0 0 1 0 0 0 0 0 0 3 1 1 0 0 0 0 0 0 0 0 13 0 0 0 56 1 0 0 2 1 0 13 2 1 1 7 
20 24784 0 0 0 0 0 0 10 0 0 0 1 0 0 0 0 0 0 0 0 0 22585 2 0 0 0 1 0 2 0 0 0 0 0 0 0 0 1 0 0 0 0 1 0 0 0 0 0 40 0 0 0 0 0 0 0 0 0 0 0 0 2 1 2 0 8 0 0 0 1531 0 0 1 2 0 0 5 0 2 0 1 0 0 0 0 0 6 1 35 0 0 0 0 0 0 85 0 0 0 0 0 3 0 0 0 0 0 0 0 0 0 0 0 0 0 0 0 0 0 0 0 22 1 34 0 0 0 0 1 0 0 0 0 0 9 2 0 4 0 0 0 1 4 0 0 0 0 0 0 7 12 1 0 19 0 16 0 0 0 2 0 0 2 17 0 0 1 0 0 0 0 0 0 0 0 0 1 0 0 1 0 0 0 0 3 0 0 0 0 0 0 3 0 1 0 0 9 13 0 0 140 16 0 0 0 0 1 0 0 0 6 0 0 0 0 0 0 0 0 0 0 0 0 0 0 0 0 0 0 0 0 0 0 0 0 0 0 14 0 0 0 46 1 2 0 4 0 0 6 0 1 0 21 
21 27101 0 0 0 0 1 0 2 0 0 0 1 0 0 0 0 0 0 0 0 0 24522 37 0 0 0 0 0 1 0 0 0 0 0 0 0 0 1 0 0 0 0 4 0 0 0 0 0 33 0 0 0 0 0 0 0 0 0 0 0 0 1 0 1 0 9 0 0 0 1837 0 0 0 0 0 0 6 1 3 0 2 0 0 0 0 1 5 3 48 0 0 0 0 0 0 71 0 0 0 0 0 1 1 0 1 0 0 0 0 0 0 0 0 0 0 0 0 0 0 0 2 23 1 55 0 0 0 0 0 0 0 0 0 2 1 1 0 5 0 0 0 2 0 0 0 0 0 0 0 3 14 1 0 26 0 11 0 0 0 0 1 0 0 17 0 0 0 0 0 0 0 0 0 0 0 0 0 0 0 1 1 0 0 3 0 0 0 0 0 0 0 1 0 2 0 0 5 28 0 0 145 14 0 0 1 0 0 0 0 0 3 0 0 0 0 0 2 0 0 0 0 0 0 0 0 0 0 0 0 0 0 0 0 2 0 0 0 28 0 1 0 62 3 0 0 1 1 0 13 1 0 0 15 
22 30207 0 0 0 0 0 0 3 0 0 0 5 0 0 0 0 0 0 0 0 0 27992 2 0 0 0 5 0 3 0 0 0 0 0 0 0 0 1 0 0 0 0 11 0 0 0 0 0 21 0 0 0 0 0 0 0 0 0 0 1 0 0 1 0 0 9 0 0 0 1513 0 0 0 5 0 0 8 2 5 0 5 0 0 0 0 3 3 3 23 1 0 0 8 0 0 65 0 0 0 0 0 0 0 0 0 1 0 0 0 0 0 0 0 0 0 0 0 1 0 0 1 34 0 35 0 0 0 0 2 0 0 0 0 0 5 1 3 4 0 0 0 0 1 0 0 0 0 0 1 1 22 0 0 19 0 10 0 0 0 0 1 0 2 11 0 0 0 0 0 0 0 0 0 0 0 0 0 0 0 0 2 0 0 0 1 0 0 0 0 0 0 0 0 3 1 0 3 7 0 0 165 29 0 0 1 0 0 0 0 0 0 0 0 0 0 0 1 0 0 0 0 0 0 0 1 0 0 5 0 0 0 0 0 0 1 0 0 23 0 0 0 67 7 0 0 2 3 0 12 0 3 0 6 
23 34714 0 0 0 0 0 0 3 0 0 0 2 0 0 0 0 0 0 0 0 0 33234 0 0 0 0 1 0 0 0 0 0 0 0 0 0 0 0 0 1 0 0 2 0 0 0 0 0 27 0 0 0 0 0 1 0 0 0 0 0 0 0 0 0 0 13 0 0 0 852 0 0 0 1 0 0 5 1 2 0 1 0 0 0 0 0 1 3 9 0 0 0 3 0 0 30 0 0 0 0 0 0 0 1 0 0 0 0 0 0 0 1 0 0 1 0 0 0 0 0 0 26 0 32 0 0 0 0 0 0 0 0 0 2 1 1 1 1 0 0 0 1 2 0 0 0 0 1 0 1 23 0 0 18 0 13 0 0 0 4 1 0 1 22 0 0 0 0 0 0 0 0 0 1 0 0 1 0 0 0 0 0 0 0 0 0 0 0 0 0 0 0 0 4 0 0 2 6 0 1 162 26 0 0 0 0 0 0 0 0 0 0 0 0 0 0 0 0 0 1 0 0 0 0 0 0 0 2 0 0 0 0 0 0 0 0 0 9 0 0 0 111 3 1 0 2 2 0 14 0 1 0 3 
24 40450 0 0 0 0 0 0 1 0 0 0 1 0 0 0 0 1 0 0 0 0 39373 0 0 0 0 3 0 0 0 0 1 0 0 0 0 0 0 0 0 0 0 5 0 0 0 0 0 62 0 0 0 1 0 0 0 0 0 0 0 0 0 0 0 0 12 0 0 0 379 0 0 0 3 0 0 1 0 11 0 0 0 0 0 0 0 1 2 14 0 0 0 18 0 0 16 0 0 0 0 0 0 0 0 0 0 0 0 0 0 0 0 0 0 0 0 0 0 0 0 1 36 1 27 0 0 0 0 1 0 0 0 0 2 0 0 1 0 0 0 0 0 4 0 0 0 0 0 0 6 24 0 0 22 0 25 2 0 0 0 0 0 3 21 0 0 0 0 0 0 0 0 0 0 0 0 0 0 0 0 1 0 0 0 1 0 0 0 0 0 0 0 0 3 0 0 6 0 0 2 179 24 0 0 0 0 0 0 0 0 1 0 0 0 0 0 0 0 0 6 0 0 0 0 0 0 0 0 0 0 0 0 0 0 0 0 0 5 0 1 0 116 8 0 0 0 3 0 2 3 0 0 1 
25 38319 0 0 0 0 0 0 0 0 0 0 3 0 0 0 0 0 0 0 0 0 37418 0 0 0 0 2 0 0 1 0 0 0 0 0 0 0 2 0 0 0 0 11 0 0 0 0 0 54 0 0 0 0 0 2 0 0 0 0 0 0 0 0 2 0 7 1 0 0 209 0 0 0 5 0 0 7 0 9 0 0 0 0 0 0 1 1 3 8 1 0 0 6 0 0 5 0 0 0 0 0 1 0 0 0 0 0 0 0 0 0 1 0 0 0 0 0 0 0 0 3 38 0 17 0 0 0 0 0 0 0 0 0 4 0 4 0 0 0 1 0 0 0 0 0 0 0 0 0 0 47 0 0 17 0 31 0 0 0 0 0 0 2 19 0 0 0 0 0 0 0 1 0 0 0 0 0 0 0 0 0 0 0 0 3 0 0 0 0 0 0 0 0 2 0 0 1 1 0 0 181 31 0 0 0 0 0 0 0 1 0 0 0 0 0 0 0 0 0 0 0 0 0 0 0 0 0 0 0 0 0 0 0 0 0 0 0 2 0 0 0 116 9 0 0 3 4 0 2 0 0 0 2 
26 33212 0 0 0 0 0 0 0 0 0 0 1 0 0 0 0 0 0 0 0 0 32414 0 0 0 0 0 0 0 0 0 0 0 0 0 0 0 3 0 0 0 0 6 0 0 0 0 0 21 0 0 0 0 0 0 0 0 0 0 0 0 0 0 0 0 10 0 0 0 89 0 0 0 5 0 0 8 0 13 0 0 0 0 0 0 0 0 6 6 0 0 0 0 0 0 2 0 0 0 0 0 2 0 0 0 0 0 0 0 0 0 0 0 0 0 0 0 0 0 0 6 54 0 10 0 0 0 0 0 0 0 0 0 4 0 0 0 0 0 0 0 1 5 1 0 0 0 0 0 1 28 0 0 17 0 23 0 0 0 0 0 0 6 28 0 0 0 0 0 0 0 0 0 0 0 0 0 0 0 0 0 0 0 0 1 0 0 0 1 0 0 1 0 8 0 0 6 0 0 0 240 24 0 0 0 0 0 0 0 0 0 2 0 0 0 0 0 0 0 3 0 0 0 0 0 0 0 0 0 0 0 0 0 0 0 0 0 0 0 1 0 126 2 0 0 1 4 0 6 1 1 0 0 
27 22290 0 0 0 0 0 0 0 0 0 0 1 0 0 1 0 0 0 0 0 0 21638 0 0 0 0 0 0 0 0 0 0 0 1 0 0 0 3 0 0 0 0 8 0 0 0 0 0 9 0 0 0 0 0 0 0 0 0 0 0 0 0 0 5 0 10 0 0 0 62 0 0 0 7 0 0 4 0 10 0 0 0 0 0 0 0 0 5 1 0 0 0 0 0 0 3 0 0 0 0 0 0 0 0 0 0 0 0 0 0 0 0 0 0 0 0 0 0 0 1 2 48 0 3 0 0 0 0 0 0 0 0 0 4 0 0 0 0 0 0 0 0 1 0 0 0 0 0 0 0 42 0 0 14 0 13 0 0 1 0 0 0 8 18 0 0 0 0 0 0 0 2 0 0 0 0 0 0 0 0 2 0 0 0 0 0 0 0 0 0 1 3 0 0 0 0 1 3 0 1 174 24 0 0 0 0 0 0 0 0 0 3 0 0 0 0 0 0 0 0 0 0 0 0 0 0 0 1 0 0 0 0 0 0 0 0 0 5 0 0 0 116 3 0 0 4 1 0 0 4 1 0 7 
28 13963 0 0 0 0 0 0 0 0 0 0 1 0 0 2 0 0 0 0 0 0 13376 0 0 0 0 2 0 0 0 0 0 0 0 0 0 0 6 0 0 0 0 6 0 0 0 0 0 3 0 0 0 0 0 0 0 0 0 0 0 0 0 0 5 0 7 0 0 0 40 0 0 0 2 1 0 3 1 26 0 1 0 0 0 0 0 4 2 0 0 0 0 0 0 0 12 0 0 0 0 0 0 0 0 0 0 0 1 0 1 0 0 0 0 0 0 0 0 0 0 6 47 0 0 0 0 0 0 0 0 0 0 0 1 1 1 0 0 0 0 0 1 2 1 0 0 0 0 0 2 17 0 0 9 0 23 0 0 5 2 0 0 10 16 0 0 0 0 0 0 0 2 0 0 0 0 0 0 0 0 1 0 0 0 0 0 0 0 0 0 1 1 0 4 0 0 3 6 0 0 160 28 0 0 0 0 0 0 1 0 0 1 0 0 0 0 0 0 0 0 0 0 0 0 0 0 0 0 0 0 0 0 0 0 0 0 0 4 0 2 0 72 4 0 0 10 0 0 0 2 0 0 9 
29 7722 0 2 0 0 0 0 1 0 0 0 1 0 0 0 0 0 0 0 0 0 7193 0 0 0 0 2 0 1 0 0 0 0 1 0 0 0 3 0 1 0 0 8 0 0 0 0 0 13 0 0 0 0 0 0 0 0 0 0 0 0 0 1 1 0 6 1 0 0 83 0 0 0 11 0 0 3 1 10 0 0 0 0 0 0 0 5 3 6 0 0 0 0 0 0 23 0 0 0 0 0 0 0 0 0 0 0 0 0 0 0 0 0 0 0 0 0 0 0 0 1 49 3 8 0 0 0 0 0 0 0 0 0 3 3 0 0 0 0 0 0 1 3 0 0 0 0 0 0 3 6 2 0 6 0 30 0 0 1 7 0 0 4 4 0 0 0 0 0 0 0 1 0 0 0 0 0 0 0 0 2 0 0 0 0 0 0 0 0 0 1 1 0 2 0 0 0 8 0 1 85 5 0 0 0 0 0 0 0 0 3 0 0 0 0 0 1 0 0 1 0 0 0 0 0 0 0 2 0 0 0 0 0 0 0 0 0 14 0 0 0 43 4 0 0 6 0 0 0 9 0 0 13 
30 4989 0 0 0 0 0 0 3 0 0 0 0 0 0 0 0 0 0 0 0 0 4042 0 0 0 0 0 0 0 0 0 0 0 0 0 0 0 2 0 0 0 0 19 0 0 0 0 0 7 0 0 0 0 0 1 0 2 0 0 0 0 1 0 1 0 4 0 0 0 523 0 0 0 2 0 0 3 0 12 0 1 0 0 0 0 0 12 2 10 0 0 1 0 0 1 45 0 0 0 0 0 0 0 0 1 0 0 0 0 0 0 0 1 1 0 0 0 0 0 0 5 26 7 16 0 0 0 0 2 0 0 0 0 2 1 4 0 0 0 0 0 1 2 0 0 0 0 0 0 1 1 0 0 2 0 7 0 0 0 0 0 0 2 1 0 0 0 0 0 0 0 2 0 0 0 0 1 0 0 0 2 1 0 0 0 0 0 0 0 0 0 1 1 0 0 0 5 4 0 0 85 9 0 0 0 0 0 0 0 0 0 6 0 0 0 0 1 0 0 3 0 0 0 0 1 0 0 2 0 0 0 0 0 0 0 0 0 7 0 0 0 33 12 1 0 4 2 1 3 3 1 0 15 
31 5053 0 0 0 0 0 0 0 0 0 0 3 0 0 0 0 0 0 0 0 0 3684 0 0 0 0 0 0 0 1 0 0 0 0 0 0 0 2 0 1 0 0 5 0 0 0 0 0 14 0 0 0 1 0 0 0 0 0 0 0 0 0 1 0 0 1 0 0 0 983 0 0 0 0 0 0 0 0 10 0 3 0 1 0 0 0 9 1 11 0 0 0 0 0 1 40 0 0 0 0 0 0 0 0 0 0 0 0 0 1 0 0 0 0 0 0 0 1 0 1 5 16 3 12 0 0 0 0 0 0 0 0 0 1 5 0 0 0 0 0 0 4 4 0 0 0 0 0 0 4 0 2 0 6 0 13 0 0 0 5 0 0 1 1 0 0 0 0 0 0 0 2 0 0 0 1 0 0 0 0 4 1 0 0 0 0 0 0 0 0 2 0 0 3 0 0 6 15 0 0 55 6 0 0 0 0 0 0 0 0 4 1 0 0 0 0 2 0 0 1 0 0 0 0 0 0 0 3 0 0 0 0 0 0 0 0 0 12 0 0 0 16 1 0 0 6 2 0 4 9 0 0 31 
32 10897 0 0 0 0 0 0 1 0 0 0 0 0 0 2 0 0 0 0 0 0 9870 0 0 0 0 3 0 0 0 0 0 0 1 0 0 0 3 0 1 0 0 8 0 0 0 0 0 13 0 0 0 0 0 0 0 0 1 0 0 0 2 0 1 0 0 0 0 0 666 0 0 0 0 0 0 0 2 14 0 0 0 0 0 0 0 12 1 19 0 0 0 0 0 0 53 0 0 0 0 0 1 0 0 0 0 0 1 0 0 0 0 0 1 0 0 0 0 0 0 5 8 0 26 0 0 0 0 1 0 0 0 0 0 9 0 1 0 0 0 0 2 2 0 0 0 0 0 0 7 1 0 0 2 0 3 0 0 0 0 0 0 0 4 0 0 0 0 0 0 0 0 0 0 0 0 0 0 0 1 2 0 0 0 0 0 0 0 1 0 0 1 0 0 0 0 6 8 0 0 34 1 0 0 0 0 0 0 0 0 2 1 0 0 0 0 2 0 0 0 0 0 0 0 1 0 0 0 1 0 0 0 0 0 0 2 0 23 0 0 0 11 6 0 0 4 2 0 9 3 0 0 20 
33 14593 0 0 0 2 0 0 12 0 0 0 0 0 0 0 0 0 0 1 0 0 13583 1 0 0 0 3 0 0 0 0 0 0 0 0 0 0 1 0 4 0 0 9 0 0 0 0 0 12 0 0 0 0 0 0 0 0 0 0 0 0 1 0 0 0 0 0 0 0 642 0 0 0 1 0 0 2 3 10 0 1 0 0 0 0 0 6 1 13 0 0 1 0 0 0 59 0 0 0 0 0 2 0 0 0 0 0 0 0 0 0 1 0 0 0 0 0 0 0 0 8 8 0 32 0 0 0 0 1 0 0 0 0 0 1 0 0 0 0 0 0 1 5 0 0 0 0 0 0 5 0 1 0 1 0 4 0 0 0 5 0 0 0 5 0 0 0 0 0 0 0 1 0 0 0 0 0 0 1 0 0 0 0 1 0 0 0 0 0 0 0 0 0 1 0 0 0 8 0 0 24 4 0 0 0 0 0 0 1 0 2 1 0 0 0 0 1 0 0 0 0 0 0 0 0 0 0 0 0 0 0 0 0 0 0 0 1 15 0 0 0 22 2 0 0 1 6 0 7 4 2 0 32 
34 16268 1 0 0 0 0 0 5 0 0 0 1 0 0 0 0 0 0 0 0 0 15081 0 0 0 0 2 0 0 0 1 0 0 4 0 0 0 0 0 1 0 1 10 0 0 0 0 0 30 0 0 0 0 0 1 0 0 0 0 2 0 0 1 0 0 3 0 0 0 722 0 0 1 0 0 0 1 1 20 0 1 0 0 0 0 1 5 0 16 0 0 0 5 0 0 75 0 0 0 0 0 0 1 0 0 0 0 0 0 0 0 0 0 0 1 0 0 0 0 0 3 2 2 34 0 0 0 0 2 0 0 0 0 0 3 4 0 0 0 1 0 3 2 0 0 0 0 0 0 4 5 2 1 7 0 8 0 0 2 2 0 0 1 10 0 1 0 0 0 0 0 2 0 0 0 0 1 0 0 0 1 0 0 0 0 0 0 0 0 0 0 0 0 4 0 0 0 12 0 1 50 6 0 0 0 0 0 0 1 0 1 1 0 0 0 0 1 0 0 1 0 0 0 0 0 0 0 2 0 0 0 0 0 1 0 0 0 15 0 1 0 20 13 0 0 4 3 0 13 1 0 0 9 
35 18247 0 0 0 0 0 0 5 0 0 0 0 0 0 1 0 0 0 1 0 0 16960 0 0 0 0 3 0 2 0 0 0 0 7 0 0 0 0 0 3 0 0 10 0 0 0 0 0 14 0 0 0 0 0 3 0 0 1 0 0 0 0 0 1 0 5 0 0 0 751 0 0 0 2 0 0 3 0 18 0 1 0 0 0 0 1 5 1 28 0 0 0 5 0 1 80 0 0 0 0 0 0 0 0 0 1 1 0 0 0 0 1 0 0 0 0 0 0 0 0 7 7 1 32 0 0 0 0 0 0 0 0 0 0 1 0 0 0 0 0 0 3 1 0 0 0 0 0 0 6 7 2 0 11 0 5 0 0 0 0 0 0 1 12 0 0 0 0 0 0 0 0 0 0 0 0 0 0 0 0 0 0 0 0 3 0 0 0 0 0 1 0 1 2 0 0 2 13 0 0 80 14 0 0 0 0 0 0 1 0 6 1 0 0 0 0 1 0 0 5 0 0 0 0 0 0 0 0 0 0 0 0 0 0 0 0 0 8 0 0 0 40 3 1 0 4 1 0 16 4 0 1 15 
36 20089 0 0 0 0 0 0 2 0 0 0 1 0 0 0 0 0 0 0 0 0 18832 0 0 0 0 7 0 1 1 0 0 0 0 0 0 0 1 0 2 0 0 9 0 0 0 0 0 30 0 0 0 0 0 1 0 0 0 0 1 0 0 0 1 0 7 0 0 0 725 0 0 0 2 0 0 1 0 23 0 1 0 0 0 0 1 5 2 25 0 0 0 1 0 0 74 0 0 0 0 0 1 1 0 0 0 0 0 0 0 0 0 0 0 0 0 0 1 0 0 7 11 1 24 0 0 0 0 0 0 0 0 0 0 1 0 0 0 0 0 0 2 1 0 0 0 0 0 0 2 12 2 0 6 0 10 0 0 1 8 0 0 1 15 0 0 0 0 0 0 0 1 0 0 0 0 0 0 0 0 1 0 1 1 3 0 0 0 0 0 0 0 0 2 0 0 1 3 0 0 110 9 0 0 0 0 0 0 0 0 0 0 0 0 0 0 1 0 0 2 0 0 0 0 0 0 0 0 1 0 0 0 0 0 1 1 0 19 0 0 0 31 2 0 0 8 2 0 7 4 0 1 8 
37 20296 0 1 0 1 0 0 4 0 0 0 0 0 0 0 0 1 0 0 0 0 19081 0 0 0 0 2 0 0 1 0 0 0 0 0 0 0 2 0 0 0 0 7 0 0 0 0 0 11 0 0 0 0 0 4 0 0 0 0 0 0 0 0 0 0 6 0 0 0 599 0 0 0 1 0 0 4 1 23 0 1 0 0 0 0 1 4 3 36 0 0 0 4 0 1 141 0 0 0 0 0 0 0 0 0 0 0 0 0 0 0 0 0 0 0 0 0 0 0 0 3 23 3 10 0 0 0 0 2 0 0 0 0 0 7 0 0 0 0 0 0 0 0 0 0 0 0 0 1 10 8 0 0 14 0 12 0 0 1 3 0 0 0 15 0 0 1 0 0 0 0 3 0 0 0 0 0 0 0 2 0 0 0 0 1 0 0 0 2 0 0 2 0 3 0 0 1 6 0 0 102 8 0 0 0 0 0 0 4 0 4 2 0 0 0 0 2 0 0 2 0 0 0 0 0 0 0 1 0 0 0 0 0 0 0 0 0 9 0 0 0 37 4 0 0 9 3 0 13 2 0 0 12 
38 21898 1 0 0 0 0 1 1 0 0 0 2 0 0 0 0 0 0 0 0 0 20692 0 0 0 0 2 0 1 0 0 0 0 1 0 0 0 2 0 0 0 0 8 0 0 0 0 0 24 0 0 0 0 0 0 0 0 0 0 0 0 0 0 2 0 6 0 0 0 567 0 0 0 1 0 0 3 0 26 0 0 0 0 0 0 0 6 3 15 0 0 0 1 0 1 114 0 0 0 0 0 0 2 0 0 0 0 0 0 0 0 0 0 0 0 0 0 0 0 0 5 29 1 22 0 0 0 0 1 0 0 0 0 1 4 3 0 0 0 0 0 3 0 0 0 0 0 0 0 4 15 0 0 18 0 15 0 0 0 6 0 0 2 18 0 0 0 0 0 0 0 0 0 1 0 0 2 0 0 1 0 0 0 1 0 0 0 0 0 0 0 2 0 1 0 0 1 8 0 0 119 20 0 0 0 0 0 0 3 0 4 2 0 0 0 0 0 0 0 0 0 0 0 0 0 0 0 1 0 0 0 0 0 0 0 0 0 8 0 1 0 56 2 2 0 6 1 0 6 4 1 0 5 
39 21393 0 0 0 1 0 0 1 0 0 0 3 0 0 0 0 0 0 0 0 0 20271 0 0 0 0 0 0 1 0 0 0 0 0 0 0 0 1 0 0 0 0 8 0 0 0 0 0 24 0 0 0 0 1 0 0 0 0 0 0 0 0 0 1 0 7 0 0 0 483 0 0 0 0 0 0 6 0 13 0 2 0 0 0 0 0 8 4 11 0 0 0 3 0 1 88 0 0 0 0 0 0 0 0 0 0 0 0 0 0 0 0 0 0 1 0 0 0 0 0 8 36 0 20 0 0 0 0 0 0 0 0 0 0 3 0 0 0 0 0 0 0 0 0 0 0 0 0 1 5 13 0 0 15 0 21 1 0 0 3 0 0 2 13 0 4 0 0 0 0 0 1 0 0 0 0 1 0 0 1 2 0 0 2 3 0 0 0 2 0 3 2 0 3 0 0 3 7 0 0 127 20 0 0 0 0 0 0 0 0 0 1 0 0 0 0 1 0 0 2 0 0 0 0 0 0 0 2 1 0 0 0 0 0 0 0 0 11 0 0 0 65 0 0 0 7 4 0 11 3 0 0 10 
40 19365 1 2 0 0 0 0 3 0 0 0 1 0 0 0 0 1 0 1 0 0 18125 0 0 0 0 2 0 1 0 0 0 0 0 0 0 0 2 0 0 0 0 5 0 0 1 0 0 25 0 0 0 0 0 3 0 0 0 0 0 0 0 0 3 0 9 0 0 0 585 0 0 0 0 0 0 6 1 10 0 1 0 0 0 0 1 2 3 17 0 0 0 1 0 2 86 0 0 0 0 0 1 0 0 0 0 0 0 0 0 0 0 0 0 0 0 0 0 0 1 0 33 0 34 0 0 0 0 0 0 0 0 0 1 4 1 0 0 0 0 0 2 0 0 0 0 0 0 0 5 17 1 0 15 0 14 0 1 0 1 0 0 4 15 0 0 0 0 0 0 0 1 0 0 0 0 0 0 0 0 0 0 0 0 6 0 0 0 0 0 0 3 0 2 0 0 3 10 0 2 117 20 0 0 0 0 0 0 0 0 4 0 0 0 0 0 0 0 0 1 0 0 0 0 1 0 0 4 0 0 0 0 0 0 0 0 0 5 0 3 0 73 3 0 0 2 5 1 6 3 0 0 26 
41 18783 0 0 0 0 0 0 0 0 0 0 1 2 0 0 0 0 0 0 0 0 17422 0 0 0 0 9 0 0 0 0 0 0 0 0 0 0 2 0 1 0 0 6 0 0 0 0 0 18 0 0 0 0 0 0 0 0 0 0 0 0 1 0 0 0 12 0 0 0 733 0 0 0 0 0 0 6 0 6 0 2 0 0 0 0 0 6 5 23 0 0 0 0 0 0 80 0 1 0 0 0 0 0 0 0 0 0 0 0 0 0 0 0 0 0 0 0 0 0 0 0 24 2 34 0 0 0 0 0 0 0 0 0 0 3 0 0 0 0 0 0 7 3 0 0 0 0 0 0 11 11 1 0 12 0 18 0 0 1 0 0 0 2 12 0 1 0 0 0 0 0 1 0 0 0 0 0 0 0 0 1 1 0 1 0 0 0 0 0 0 1 1 0 2 0 0 4 8 0 2 136 9 0 0 0 0 0 0 0 0 12 0 0 0 0 0 0 0 0 2 0 0 0 0 0 1 0 7 0 0 0 0 0 0 0 1 0 11 0 0 0 68 4 2 0 9 2 0 3 1 1 0 5 
42 19946 0 0 0 0 1 0 5 0 0 0 1 1 0 0 0 0 0 0 0 0 18350 0 0 0 0 0 0 1 0 0 0 0 0 0 0 0 2 0 1 0 0 2 0 0 0 0 0 28 0 0 0 0 0 0 0 0 0 0 0 0 2 0 2 0 5 0 0 0 1002 0 0 0 1 0 0 4 0 4 0 1 0 1 0 0 1 5 3 22 0 0 0 0 0 0 73 0 0 0 0 0 1 0 0 0 0 0 0 0 0 0 0 0 0 0 0 0 0 0 0 2 30 4 25 0 0 0 0 1 0 0 0 0 1 8 0 0 0 0 0 0 0 1 1 0 0 0 1 0 3 12 0 0 9 0 8 0 0 0 0 0 0 3 15 0 0 0 0 0 0 0 1 0 0 0 0 0 0 0 0 0 0 0 1 2 0 0 0 1 0 0 3 0 0 0 0 1 20 0 0 133 24 0 0 0 0 0 0 0 0 6 0 0 0 0 0 0 0 0 1 0 0 0 0 0 1 0 1 0 0 0 0 0 0 0 0 0 17 0 0 0 52 1 2 0 7 3 0 4 1 0 0 9 
43 22106 0 0 0 1 1 0 4 0 0 0 3 0 0 0 0 0 0 0 0 0 20426 0 0 0 0 2 0 1 2 0 0 0 2 0 0 0 0 0 2 0 1 9 0 0 0 0 0 17 0 0 0 0 0 4 0 0 0 0 0 0 1 0 1 0 11 0 0 0 1064 0 0 0 1 0 0 5 0 4 0 2 0 0 0 0 1 4 3 21 0 0 0 0 0 2 77 0 1 0 0 0 0 0 0 0 0 0 0 0 0 0 1 0 0 0 0 0 0 0 0 1 32 0 28 0 0 0 0 2 0 0 0 0 2 1 2 0 0 0 0 0 1 0 0 0 0 0 0 0 3 11 0 0 9 0 17 0 0 2 1 0 0 1 10 0 1 0 0 0 0 0 0 0 0 0 0 0 0 0 0 0 0 0 0 3 0 0 0 0 0 0 3 0 2 0 0 1 20 0 0 125 18 0 0 0 0 0 0 0 1 3 0 0 0 0 0 0 0 0 0 0 0 0 0 0 0 0 5 4 0 0 0 0 0 1 0 0 15 0 0 0 61 0 1 0 1 4 0 5 0 1 2 20 
44 24586 0 0 0 0 0 0 5 0 0 0 0 0 0 0 0 0 0 0 0 0 22717 0 0 0 0 0 0 0 0 0 1 0 0 0 0 0 3 0 0 0 0 4 0 0 0 0 0 33 0 0 0 0 2 3 0 0 0 0 0 0 2 0 0 0 7 0 0 0 1182 0 0 0 0 0 0 3 1 2 0 6 0 0 0 0 0 5 3 21 0 0 0 0 0 0 90 0 0 0 0 0 0 0 0 0 0 0 0 0 1 0 1 0 0 0 0 0 0 0 0 0 34 2 36 0 0 0 0 3 0 0 0 0 1 1 1 0 0 0 0 0 2 0 0 0 0 0 2 2 11 9 0 0 20 0 15 0 0 3 0 0 0 2 15 0 0 0 0 0 0 0 1 0 0 0 0 0 0 0 0 1 0 0 0 1 0 0 0 0 0 0 2 0 1 0 0 0 17 0 0 168 18 0 0 0 0 0 0 0 0 8 0 0 0 0 0 0 0 0 0 0 0 0 0 0 0 0 1 0 0 0 0 0 0 0 0 0 16 0 0 0 51 1 2 0 2 4 0 9 0 1 1 18 
45 26471 1 0 0 0 0 0 5 0 0 0 0 0 0 0 0 0 0 1 0 0 24300 0 0 0 0 0 0 0 0 0 0 0 0 0 0 0 0 0 2 0 0 5 0 0 0 0 0 40 0 0 0 0 0 0 0 0 0 0 1 0 1 1 0 0 4 0 0 0 1491 0 0 0 1 0 0 3 0 4 0 3 0 0 0 0 2 8 8 22 0 0 0 0 0 0 61 0 0 0 0 0 0 0 0 0 0 0 0 0 0 0 0 0 0 0 0 0 0 0 0 0 31 2 35 0 0 0 0 1 0 0 0 0 0 2 0 0 0 0 0 0 2 1 0 0 0 0 1 0 18 13 0 0 17 0 30 0 0 11 1 0 0 4 7 0 1 0 0 0 0 0 0 0 0 0 0 0 0 0 0 1 0 0 1 0 0 0 0 0 0 2 1 0 3 0 0 1 9 0 0 133 16 0 0 0 0 0 0 0 0 2 0 0 0 0 0 0 0 0 0 0 0 0 0 0 0 0 12 1 0 0 0 0 0 0 0 0 22 0 0 0 65 3 5 0 1 5 3 3 0 8 1 17 
46 28285 0 0 0 0 0 0 0 0 0 1 3 0 0 0 0 0 0 0 0 0 26227 0 0 0 0 2 0 0 0 0 0 0 1 0 0 0 3 0 0 0 0 1 0 0 0 0 0 39 0 0 0 1 0 2 0 0 0 0 0 0 0 0 0 0 7 0 0 0 1396 0 0 0 3 0 1 5 0 4 0 3 0 0 0 0 1 1 2 25 0 0 0 0 0 0 68 0 0 0 0 0 1 0 0 0 0 0 0 0 0 0 0 0 0 0 0 0 0 0 0 1 38 0 31 0 0 0 0 1 0 0 0 0 0 1 0 0 0 0 0 0 2 0 0 0 0 0 0 0 3 15 0 0 12 0 20 0 0 1 2 0 0 3 19 0 0 1 0 0 0 0 0 0 0 0 0 1 0 0 0 0 0 0 0 1 0 0 0 1 0 0 2 1 1 0 0 1 23 0 0 125 11 0 0 0 0 0 0 0 1 1 0 0 0 0 0 1 0 0 0 0 0 0 0 0 0 0 8 0 0 0 0 0 0 0 0 0 17 0 2 0 84 4 0 0 2 4 0 4 2 6 0 24 
47 29735 0 0 0 0 0 0 1 2 0 0 6 0 0 0 0 0 0 0 1 0 28142 5 0 0 0 1 0 0 1 0 0 0 1 0 0 0 1 0 1 0 0 11 0 0 0 0 0 29 0 1 0 0 0 3 0 0 0 0 0 0 1 0 2 0 11 0 0 0 910 0 0 0 0 0 0 3 0 10 0 1 0 0 0 0 1 3 2 13 1 0 0 0 0 0 42 0 0 0 0 0 1 0 0 0 0 0 0 0 0 0 0 0 0 0 0 0 0 0 0 1 42 0 26 0 0 0 0 1 0 0 0 0 1 0 0 0 0 0 0 0 1 0 0 0 0 0 0 1 4 21 0 0 11 0 29 0 0 0 0 0 0 5 21 0 1 1 0 0 0 1 0 0 0 0 0 1 0 0 3 3 0 0 1 4 0 0 0 0 0 0 0 0 2 0 0 0 8 0 1 161 20 0 0 0 0 0 0 0 0 2 1 0 0 0 0 0 0 0 0 0 0 0 0 0 0 0 0 0 0 0 0 0 0 0 0 0 30 0 0 0 80 8 0 0 0 5 0 4 5 9 0 4 
48 30898 0 0 0 0 0 0 2 0 0 0 2 1 0 0 0 1 0 0 0 0 29558 6 0 0 0 4 0 0 0 0 0 0 0 0 0 0 0 0 0 0 0 2 0 0 0 0 0 18 0 0 0 0 0 5 0 0 0 0 0 1 0 0 0 0 9 0 0 0 700 0 0 3 0 0 0 6 0 8 0 4 0 0 0 0 1 1 1 22 0 0 0 6 0 0 24 0 0 0 0 0 0 0 0 0 0 0 0 0 0 0 0 0 0 0 0 0 0 0 0 3 50 0 35 0 0 0 0 0 0 0 0 0 2 0 0 0 1 0 0 0 0 0 0 0 0 0 0 0 0 15 3 0 11 0 22 0 0 1 0 0 0 3 19 0 0 0 0 0 0 0 1 0 0 0 0 1 0 0 0 1 0 0 2 1 0 0 0 0 0 0 0 0 8 0 0 0 3 0 0 188 28 0 0 0 0 0 0 0 1 0 0 0 0 0 0 1 0 0 0 0 0 0 0 0 0 0 1 0 0 0 0 0 0 0 0 0 4 0 0 0 86 5 0 0 1 0 0 1 3 1 0 0 
49 31342 0 0 0 0 0 0 0 0 0 0 2 0 0 0 0 0 0 0 0 0 30395 8 0 0 0 0 0 0 0 0 0 0 0 0 0 0 2 0 0 0 0 10 0 0 0 0 0 5 0 0 0 0 0 0 0 0 0 0 0 3 2 0 0 0 6 0 0 0 382 0 0 0 1 0 0 7 0 9 0 1 0 0 0 0 0 1 4 12 0 0 0 1 0 1 16 0 0 0 0 0 0 0 0 0 0 0 0 0 0 0 0 0 0 0 0 0 0 0 0 1 43 2 8 0 0 0 0 1 0 0 0 0 2 1 1 0 0 0 0 0 1 0 0 0 0 0 0 0 3 20 2 0 16 0 23 0 0 1 1 0 0 3 20 0 0 0 0 0 0 0 0 0 0 0 0 0 0 0 0 0 0 0 0 2 0 0 0 0 0 0 0 0 5 0 0 0 0 0 0 173 24 0 0 0 0 0 0 0 0 1 0 0 1 0 0 0 0 0 1 0 0 0 0 0 0 0 2 0 0 0 0 0 0 0 0 0 4 0 0 0 94 2 0 0 3 1 0 3 0 0 0 0 
50 29951 0 0 0 0 0 0 0 0 0 0 3 0 0 0 0 0 0 0 0 0 29147 0 0 0 0 0 0 0 0 0 0 0 1 0 0 0 2 0 0 0 0 6 0 0 0 0 0 6 0 0 0 0 0 0 0 0 0 0 0 0 0 0 0 0 6 0 0 0 253 0 0 0 3 0 0 1 0 15 0 0 0 0 0 0 0 0 5 6 2 0 0 7 0 0 8 0 0 0 0 0 0 0 0 0 0 0 1 0 0 0 0 0 0 0 0 0 0 0 0 1 55 0 0 1 0 0 0 0 0 0 0 0 0 0 1 0 1 0 1 0 0 0 0 0 0 0 0 0 0 25 0 0 23 0 17 0 0 0 0 0 0 6 21 0 0 0 0 0 0 0 0 0 0 0 0 2 0 0 0 0 0 0 0 0 0 0 0 0 0 0 0 0 3 0 0 0 0 0 0 180 34 0 0 0 0 0 0 0 0 0 0 0 0 0 0 0 0 0 0 0 0 0 0 0 0 0 0 0 0 0 0 0 0 0 1 0 4 0 0 0 82 1 0 0 3 1 0 2 3 0 1 0 
51 22395 0 0 0 0 0 0 2 0 0 0 0 0 0 0 0 0 0 0 0 0 21795 0 0 0 0 0 0 0 1 0 0 0 0 0 0 0 1 0 0 0 0 11 0 0 0 0 0 6 0 0 0 0 0 0 0 0 0 0 0 0 0 1 1 0 7 0 0 0 104 0 0 0 3 0 0 4 0 17 0 0 0 0 0 0 0 0 2 5 0 0 0 9 1 0 7 0 0 0 0 0 0 0 0 0 0 0 0 0 0 0 0 0 0 0 0 0 0 0 0 2 38 0 4 0 0 0 0 0 0 0 0 0 0 2 1 0 0 0 0 0 1 3 1 0 0 0 0 0 0 8 0 0 16 0 14 0 0 0 0 0 0 2 26 0 0 0 0 0 0 0 0 0 0 0 0 0 0 0 0 2 0 0 0 0 0 0 0 0 0 0 2 0 3 0 0 0 2 0 0 160 9 0 0 0 0 0 0 1 0 0 0 0 0 0 0 0 0 0 2 0 0 0 0 0 0 0 0 0 0 0 0 0 0 0 0 0 0 0 0 0 99 2 0 0 1 2 0 0 5 0 0 0 
52 16329 0 0 0 0 0 0 1 0 0 0 1 0 0 0 0 0 0 0 0 0 15721 0 0 0 0 0 0 0 0 0 0 0 0 0 0 0 0 0 0 0 0 8 0 0 0 0 0 3 0 0 0 0 0 0 0 0 0 0 1 0 0 0 5 0 5 0 0 0 98 0 0 0 2 0 0 7 0 15 0 0 0 0 0 0 0 1 4 1 0 0 0 7 0 1 10 0 0 0 0 0 0 0 0 0 0 0 0 0 0 0 0 0 0 0 0 0 0 0 0 5 45 2 7 0 0 0 0 1 0 0 0 0 0 0 0 0 0 0 0 0 0 1 3 0 0 0 0 0 0 23 0 0 17 0 15 0 0 0 0 0 0 3 16 0 0 0 0 0 0 0 0 0 0 0 0 0 0 0 0 5 0 0 0 1 0 0 0 1 0 0 4 0 1 0 0 2 1 0 3 146 14 0 0 0 0 0 0 0 0 1 0 0 0 0 0 0 0 0 1 0 0 0 0 0 0 0 1 0 0 0 0 0 1 0 1 0 1 0 0 0 82 2 0 0 5 2 0 0 5 0 0 2 
53 10777 0 0 0 1 0 0 0 0 0 0 0 0 0 0 0 0 0 0 0 0 10289 0 0 0 0 7 0 0 0 0 0 0 0 0 0 0 5 0 0 0 0 3 1 0 0 0 0 3 0 0 0 1 0 0 0 0 0 0 0 0 0 0 0 0 4 0 0 0 88 0 0 1 0 0 0 6 2 21 0 0 0 0 0 0 0 6 2 5 1 0 0 6 0 0 12 0 0 0 0 0 0 0 0 0 0 0 0 0 0 0 0 0 0 0 0 0 0 0 0 4 45 0 1 1 0 0 0 1 0 0 0 0 2 1 1 0 0 0 1 0 2 1 1 0 0 0 0 0 0 14 2 0 3 0 11 0 0 0 0 0 0 1 5 0 0 1 0 0 0 0 1 0 0 0 0 3 0 0 0 1 0 0 0 0 0 0 0 0 0 1 0 0 1 0 0 0 3 0 0 103 11 0 0 0 0 0 0 0 0 1 0 0 0 0 0 0 0 0 0 0 0 1 0 0 0 0 3 0 0 0 0 0 0 0 1 0 5 0 0 0 40 8 0 0 5 4 1 2 0 0 1 8 
54 6751 0 0 0 0 0 0 2 0 0 0 0 0 0 0 0 0 0 0 0 0 6255 0 0 0 0 3 0 0 0 0 0 0 0 0 0 0 5 0 0 0 0 17 0 0 0 0 0 6 0 0 0 0 0 0 0 0 0 0 1 0 0 1 0 0 3 0 0 0 108 0 0 1 0 0 0 6 1 17 0 0 0 0 0 0 0 5 1 8 0 0 0 0 0 1 36 0 0 0 0 0 0 0 0 0 0 0 0 0 0 0 0 0 0 0 0 0 0 0 0 3 26 0 10 0 0 0 0 0 0 0 0 0 4 1 0 0 0 0 0 0 3 1 0 0 0 0 0 0 2 6 3 0 5 0 6 0 0 0 2 0 0 3 14 0 0 0 0 0 0 0 0 0 0 0 0 2 0 0 0 0 0 0 0 0 0 0 0 0 0 1 2 0 0 0 0 1 1 0 0 65 7 0 0 0 0 0 0 0 0 5 0 0 0 0 0 2 0 0 2 0 0 0 0 0 0 0 0 0 0 0 0 0 0 0 0 0 14 0 0 0 30 8 0 0 11 1 0 0 2 0 1 15 
55 9976 0 0 0 0 0 0 2 0 0 0 1 0 0 0 0 0 0 0 0 0 8788 0 0 0 0 4 0 1 0 0 0 0 2 0 0 1 2 0 2 0 0 22 0 0 0 0 0 35 0 0 0 0 0 1 0 0 0 0 0 0 0 0 1 0 4 0 0 0 445 0 0 0 1 0 0 1 1 28 0 3 0 0 0 0 1 15 1 31 0 0 0 0 1 2 104 0 1 0 0 0 1 2 0 0 0 0 0 0 0 0 0 0 1 0 0 0 0 0 0 9 31 8 30 0 0 0 0 1 0 0 0 0 0 12 0 0 0 0 0 0 1 5 0 0 0 0 0 0 10 6 3 0 10 0 12 0 1 0 6 0 0 4 4 0 0 0 0 0 0 0 5 0 0 0 0 0 0 0 0 0 0 0 0 0 0 0 0 0 0 0 4 0 2 0 0 1 17 0 2 85 10 0 0 0 0 0 0 1 0 4 5 0 0 0 0 2 0 0 1 0 0 0 0 0 0 0 4 0 0 0 0 0 0 0 0 0 19 0 0 0 51 19 4 0 19 8 0 1 8 0 1 20 
56 11240 0 1 0 0 0 0 8 0 0 0 1 0 0 0 0 0 0 0 0 0 9626 0 0 0 0 3 0 1 0 0 0 0 0 0 0 1 1 0 2 0 0 15 0 0 0 0 0 40 0 0 0 0 0 7 0 4 0 0 0 0 0 0 0 0 3 0 0 0 909 0 1 0 0 1 0 2 2 30 0 9 0 1 0 0 2 20 1 27 0 0 0 0 1 0 112 0 0 0 0 0 2 0 0 0 0 0 0 0 0 0 1 0 0 0 0 0 0 0 0 6 16 0 43 0 0 0 0 1 0 0 0 0 1 9 0 2 0 0 0 0 4 4 0 0 0 0 0 0 4 4 0 1 2 0 13 1 0 0 8 1 0 3 2 0 0 0 0 0 0 0 2 0 0 0 0 0 0 0 0 2 0 0 0 0 0 0 0 0 0 1 1 0 0 0 0 2 7 0 1 67 11 0 0 1 0 0 0 0 0 4 2 0 0 0 0 2 0 0 3 0 0 0 0 0 0 0 1 2 0 0 0 0 0 0 0 2 21 0 2 0 45 14 2 0 9 14 0 7 6 0 0 18 
57 16888 0 1 0 1 2 0 4 0 0 0 1 0 0 0 0 0 0 0 0 0 14643 0 0 0 0 6 0 1 0 0 0 0 0 0 0 0 0 0 5 0 0 19 0 0 0 0 0 50 0 0 0 0 0 1 0 0 0 0 0 0 0 0 0 0 3 0 0 0 1439 0 0 0 0 0 0 2 4 40 0 3 0 1 0 1 0 10 1 37 0 0 1 0 0 0 160 0 0 0 0 0 0 0 0 0 0 0 0 0 1 0 1 0 0 0 0 0 0 0 0 9 13 2 64 0 0 0 0 2 0 0 0 0 0 7 1 0 0 0 0 0 6 10 0 0 0 0 1 0 11 1 3 0 3 0 11 0 1 0 4 0 0 2 5 0 0 0 0 0 0 0 2 0 0 0 0 0 0 0 1 0 0 0 1 0 0 0 0 1 0 0 4 0 0 0 0 0 16 0 0 64 20 0 0 0 0 1 0 2 0 9 1 0 0 0 0 5 0 0 5 0 0 0 0 0 0 0 4 0 0 0 0 0 0 0 0 0 25 0 0 0 50 9 2 0 15 8 0 6 3 2 0 18 
58 24331 1 1 0 0 0 0 7 0 0 0 3 0 0 0 0 0 0 3 0 0 21520 0 0 0 0 5 0 0 0 0 0 0 0 0 0 0 0 0 5 0 0 23 0 0 0 0 0 53 0 0 0 0 1 2 0 0 0 0 1 0 1 1 0 0 2 0 0 0 1916 0 0 0 0 0 0 1 0 53 0 9 0 0 0 0 0 13 1 57 0 0 0 0 0 1 164 0 0 0 0 0 0 0 0 0 0 1 0 0 0 0 0 0 0 0 0 0 0 0 0 9 8 0 43 0 0 0 0 2 0 0 0 0 0 12 0 1 0 0 0 0 6 3 0 0 0 0 0 0 14 7 3 0 2 0 10 0 0 1 2 0 0 2 13 0 0 0 0 0 0 0 2 0 0 0 0 0 0 0 1 4 0 0 0 12 0 0 0 0 0 1 2 0 3 0 0 0 31 0 0 52 19 0 1 1 0 1 0 0 0 4 3 0 0 0 0 1 0 0 5 0 0 0 0 0 0 0 7 0 0 0 0 0 1 0 0 0 41 0 0 0 44 8 2 0 12 9 2 21 7 3 0 20 
59 32860 1 2 0 2 0 0 6 0 0 0 1 2 0 0 0 0 0 0 0 0 29635 1 0 0 0 2 0 0 0 0 0 0 1 0 0 0 0 0 1 0 1 25 0 0 0 0 0 95 0 0 0 0 0 6 1 0 0 0 0 0 0 2 0 0 12 0 0 0 2099 0 0 0 0 0 0 3 3 52 0 1 0 1 0 0 1 23 0 51 0 0 1 6 1 5 213 0 0 0 0 0 0 0 0 0 0 0 0 0 0 0 0 0 1 0 0 0 0 0 0 19 12 3 68 0 0 0 0 2 0 0 0 0 0 7 1 1 0 0 0 0 15 0 0 0 0 0 1 1 8 13 2 0 17 0 15 0 0 0 2 1 0 0 16 1 3 0 0 0 0 0 2 0 0 0 0 1 0 0 0 5 0 0 5 10 0 0 0 0 0 1 2 0 0 0 0 4 15 0 1 97 13 0 0 1 0 0 0 0 0 11 2 0 2 0 0 9 0 0 1 0 0 0 0 0 0 0 2 0 0 0 0 0 0 0 0 0 31 0 0 0 52 9 5 0 10 10 0 19 11 4 0 31 
60 39576 0 0 0 0 0 0 5 0 0 1 7 0 0 0 0 1 0 1 0 0 36481 0 0 0 0 2 0 1 1 0 0 0 0 0 0 0 1 0 1 0 1 20 0 0 0 0 0 55 0 0 0 0 1 5 0 0 0 0 0 0 0 1 1 0 6 0 0 0 1952 0 0 0 10 0 0 5 3 38 0 5 0 1 0 0 1 11 2 56 0 0 0 12 0 3 198 0 1 0 0 0 0 0 0 2 0 0 0 0 0 0 0 0 0 0 0 0 0 0 0 11 17 3 49 2 0 0 0 5 0 0 0 0 0 10 0 0 0 0 0 0 13 2 1 0 0 0 0 0 21 19 5 0 18 0 17 0 0 2 1 0 0 0 26 1 1 0 0 0 0 0 1 0 0 0 0 2 0 0 0 2 0 0 1 4 0 0 0 0 0 0 4 0 1 0 0 3 20 0 1 159 22 0 0 0 0 0 0 2 0 10 1 0 1 0 0 0 0 0 9 0 0 0 0 0 1 0 6 1 0 0 0 0 0 0 0 0 23 0 1 0 63 6 7 0 13 8 0 18 10 5 0 27 
61 42613 2 0 0 1 2 0 6 0 0 1 1 0 0 0 0 1 0 0 0 0 40002 0 0 0 0 3 0 1 1 0 0 0 2 0 0 0 2 0 4 0 0 16 0 0 0 0 0 44 0 0 0 0 0 2 0 0 1 0 0 0 1 2 0 0 13 0 0 0 1559 0 0 0 2 0 0 12 3 42 0 3 0 0 0 0 0 9 3 42 0 0 0 5 0 0 153 0 0 0 0 0 0 0 0 0 0 0 0 0 0 0 3 0 0 0 0 0 0 0 0 14 41 3 46 0 0 1 0 0 0 0 0 0 1 6 1 0 0 0 0 0 4 0 0 0 0 0 2 1 7 15 5 0 30 0 16 0 0 0 6 1 0 2 18 0 0 0 0 1 0 0 4 0 1 0 0 0 0 0 0 2 0 0 1 9 0 0 0 0 0 2 3 0 5 0 0 1 16 0 0 169 30 0 0 1 0 1 0 2 1 5 0 0 0 0 0 0 0 0 0 0 0 1 0 0 0 0 1 0 0 0 0 0 0 0 2 0 20 0 0 0 87 15 1 0 8 4 1 11 9 0 0 14 
62 44284 0 1 0 2 0 0 0 0 0 1 7 0 0 0 0 2 0 2 0 0 41848 4 0 0 0 4 0 2 0 0 0 0 0 0 0 0 2 0 4 0 0 14 0 0 0 0 0 62 0 0 0 0 0 1 0 0 0 0 1 0 0 0 0 0 10 0 0 0 1225 0 0 0 5 0 0 4 2 32 0 2 0 0 0 0 4 19 7 38 0 0 0 22 2 13 126 0 0 0 1 0 0 1 0 0 0 0 0 0 0 0 0 0 0 0 0 0 0 0 0 27 28 2 32 2 0 0 0 4 0 0 0 0 3 21 3 0 0 0 0 0 12 0 0 0 0 0 1 0 11 29 5 0 26 0 22 0 0 3 2 0 0 4 21 2 1 0 0 0 0 0 2 0 0 0 0 5 0 0 2 3 0 0 1 7 0 0 0 1 0 1 2 0 3 0 0 2 28 0 1 219 18 0 0 2 0 0 0 6 0 5 2 0 0 0 0 2 0 0 0 0 0 0 0 0 0 1 4 0 0 0 0 0 0 0 0 0 15 0 1 0 122 7 1 0 19 9 0 16 8 0 0 19 
63 42070 0 0 0 1 0 1 2 0 0 0 2 0 0 0 0 0 0 0 0 0 39715 6 0 0 0 6 0 0 0 1 0 0 5 0 0 0 2 0 2 0 0 15 1 0 0 0 0 48 0 0 0 0 0 1 0 1 1 0 0 0 1 0 0 0 16 0 0 0 1185 0 0 0 3 0 0 12 3 33 0 1 0 0 0 0 0 14 7 24 0 0 0 3 0 2 125 0 1 1 0 0 0 0 0 0 0 0 0 0 0 0 0 0 0 0 0 0 0 1 0 11 49 0 37 0 0 0 0 4 0 0 0 0 1 10 2 0 0 0 0 0 6 2 0 0 0 0 0 0 8 32 2 1 33 0 27 0 0 0 5 0 0 3 30 0 2 0 1 0 0 0 1 0 0 0 0 2 0 0 0 0 0 0 0 3 0 0 0 0 0 2 1 0 2 0 0 0 13 0 0 237 38 0 0 0 0 0 0 1 0 11 1 0 0 0 0 0 0 0 5 0 0 0 0 0 0 1 7 1 1 0 0 0 0 0 0 0 25 0 0 0 121 9 5 0 7 12 0 9 11 1 0 6 
64 26208 0 0 0 1 0 0 2 0 0 0 1 0 0 0 0 0 0 0 0 0 24595 0 0 0 0 3 0 0 0 0 0 0 1 0 0 0 1 0 2 0 0 7 0 0 0 0 0 28 0 0 0 0 0 2 0 0 0 0 3 0 0 0 0 0 16 0 0 0 793 0 0 0 5 0 0 9 0 9 0 5 0 0 0 0 1 9 2 29 0 0 0 5 0 0 79 0 0 0 0 0 0 0 0 0 1 0 0 0 0 0 0 0 0 0 0 0 0 0 0 7 38 0 22 1 0 0 0 0 0 0 0 0 1 6 1 1 0 0 0 0 7 0 0 0 0 0 1 1 5 31 2 0 28 0 16 0 0 0 0 0 0 5 20 0 0 0 0 0 0 0 0 0 0 0 0 1 0 0 1 0 0 0 0 5 0 0 0 0 0 0 4 0 2 0 0 1 6 0 0 179 22 0 0 0 0 0 0 0 0 12 0 0 0 0 0 1 0 0 2 0 0 0 0 0 0 0 3 0 0 0 0 0 0 0 0 1 9 0 1 0 89 3 3 0 16 5 0 9 1 0 0 20 
65 37816 1 0 0 3 0 0 13 0 1 0 2 0 0 0 0 0 0 0 0 0 35047 1 0 0 0 5 0 2 0 0 0 0 7 0 0 0 1 0 1 0 0 9 0 0 0 0 0 53 0 0 0 0 0 4 0 0 0 0 1 0 2 0 2 0 14 1 0 0 1501 0 0 0 3 0 0 12 7 7 0 10 0 0 0 0 2 12 4 46 1 0 0 8 1 1 142 0 0 0 0 0 0 0 0 0 0 0 0 0 0 0 2 0 0 0 0 0 0 1 0 6 52 5 44 0 0 0 0 3 0 0 0 0 2 7 0 1 2 0 0 0 4 1 0 0 0 0 1 0 18 18 5 0 30 0 18 0 0 2 6 0 0 6 24 0 0 0 0 0 0 0 0 0 0 0 0 1 0 0 0 2 0 0 3 1 0 0 0 1 0 0 12 0 5 0 0 1 9 0 0 267 39 0 0 0 0 0 0 0 0 13 1 0 0 0 0 0 0 0 5 0 0 0 0 0 0 0 7 1 0 0 0 0 0 0 0 1 20 0 0 0 134 5 4 0 18 9 3 16 5 6 1 22 
66 37518 2 0 0 0 0 0 5 0 0 0 3 0 0 0 0 2 0 1 0 0 34331 0 0 1 0 2 0 1 0 0 0 0 4 0 0 0 6 0 5 0 0 5 0 0 0 0 0 42 0 3 0 0 0 1 1 1 0 0 1 0 3 0 2 0 22 0 0 0 1790 0 1 1 3 0 0 7 3 6 0 2 0 0 0 0 1 12 10 37 0 0 0 5 0 1 154 0 2 0 0 0 2 1 0 1 0 0 0 0 0 0 1 0 1 0 0 0 0 0 0 3 67 3 48 0 0 0 0 2 0 0 0 0 2 14 5 1 0 0 0 0 8 1 0 0 0 0 0 2 15 32 5 1 28 0 30 0 0 3 2 2 0 8 18 0 0 0 0 0 0 0 1 0 0 0 0 1 0 0 1 1 0 0 2 3 0 0 0 1 0 2 14 0 2 0 0 1 21 0 0 261 22 0 0 1 0 0 0 0 0 163 0 0 0 0 0 4 0 0 6 0 0 0 0 0 1 0 6 1 0 0 0 0 0 0 0 0 22 0 1 0 115 13 3 0 2 2 0 3 6 3 1 23 
67 41858 0 0 0 1 0 1 8 0 0 0 4 0 0 0 0 0 0 0 0 0 38404 0 0 0 0 5 0 1 1 0 0 0 5 0 0 0 3 0 4 0 0 3 0 0 1 0 0 49 0 0 0 0 0 14 0 0 0 0 2 0 5 0 0 0 15 0 0 0 2010 0 0 0 3 0 0 12 4 3 0 3 0 0 0 0 0 17 7 38 0 0 1 1 0 1 178 0 0 0 0 0 0 1 0 0 0 1 0 0 0 0 3 0 0 0 0 0 0 0 1 0 78 2 83 0 0 0 0 0 0 0 0 0 4 7 5 0 2 0 0 0 4 0 0 0 0 0 0 0 9 35 0 0 46 0 33 0 0 0 3 0 0 4 17 1 0 0 0 0 0 0 2 0 0 0 0 0 0 0 0 1 0 0 1 15 0 0 0 0 0 3 2 0 9 0 0 1 21 0 0 333 43 0 0 7 0 0 0 0 0 14 1 0 0 0 0 4 0 0 1 0 0 0 0 0 0 0 10 1 0 0 0 0 0 0 0 0 27 0 2 0 127 11 5 0 8 12 0 7 8 3 1 16 
68 45713 0 0 0 2 0 0 6 0 0 0 2 1 0 0 0 1 0 0 0 0 41999 0 0 1 0 5 0 1 4 0 0 0 6 0 0 0 7 0 3 0 0 5 0 0 0 0 0 71 0 0 0 0 0 7 0 0 1 0 4 0 1 0 2 0 21 0 0 0 2174 0 1 0 8 0 0 4 7 3 0 3 0 0 0 1 6 10 6 41 0 0 0 14 0 8 171 0 0 0 0 0 1 0 0 0 0 1 0 0 1 0 0 0 0 0 0 0 0 0 1 1 81 5 76 0 0 0 0 0 0 0 0 0 2 9 4 1 0 0 0 0 8 2 0 0 0 0 1 2 16 35 2 4 21 0 35 0 0 0 9 0 0 7 22 1 0 0 0 0 0 1 3 0 0 0 0 0 0 0 0 3 0 0 10 4 0 0 0 0 0 0 5 0 8 0 0 1 35 0 2 365 47 0 0 2 0 0 0 1 0 9 0 0 0 0 0 1 0 0 0 0 0 0 0 1 0 0 8 2 0 0 0 0 1 0 0 0 32 0 2 0 119 5 1 0 3 10 0 11 11 0 1 30 
69 49155 0 0 0 1 0 0 5 0 0 0 0 0 0 0 0 0 0 0 0 0 45397 0 0 0 0 5 0 2 4 0 0 0 1 0 0 0 3 0 1 0 0 19 0 0 1 1 0 68 0 0 0 0 0 2 0 1 0 0 0 1 2 0 2 0 17 0 0 0 2358 0 0 0 3 0 0 14 6 4 0 4 0 0 0 0 1 18 11 44 1 0 0 7 0 3 140 0 0 0 0 0 1 1 0 0 0 0 0 0 1 0 1 0 0 0 0 0 0 0 1 1 59 6 89 0 0 0 0 0 0 0 0 0 3 13 1 0 0 0 0 0 7 2 0 0 0 0 0 1 8 39 1 0 24 0 34 0 0 0 4 0 0 2 29 2 0 0 0 0 0 0 1 0 0 0 0 2 0 0 1 5 0 0 1 11 0 0 0 0 0 5 1 0 6 0 0 0 28 0 0 263 37 0 0 0 0 0 0 0 0 16 0 0 0 0 0 1 0 0 0 0 1 0 0 0 0 0 2 0 0 0 0 0 1 0 0 0 51 0 3 0 156 1 1 0 4 6 0 13 1 1 0 23 
70 51822 0 0 0 0 0 0 3 0 0 0 2 0 0 0 0 0 0 0 0 0 48253 0 0 0 0 9 0 0 1 0 0 0 0 0 0 0 6 0 1 0 0 8 0 0 0 0 0 75 0 0 0 0 0 1 0 0 0 0 2 0 2 0 2 0 23 0 0 0 2167 0 1 0 2 0 0 9 0 7 0 2 0 0 0 0 1 11 21 44 0 0 1 7 0 0 91 0 0 0 0 0 0 0 0 0 0 0 0 0 0 0 0 0 0 0 0 0 0 0 0 3 91 2 86 0 0 0 0 2 0 0 0 0 2 11 5 0 0 0 1 0 6 1 0 0 0 0 1 0 25 29 1 1 33 0 23 0 0 0 8 0 0 2 42 0 0 0 0 0 0 0 1 0 0 0 0 2 0 0 0 0 0 0 2 2 0 0 0 0 0 0 4 0 11 0 0 3 26 0 1 295 30 0 0 0 0 0 0 0 0 11 0 0 0 0 0 1 0 0 0 0 0 0 0 0 1 0 4 0 0 0 0 0 0 0 0 0 53 0 1 0 168 9 5 0 2 9 1 9 1 2 0 12 
71 49413 0 0 0 0 0 0 2 0 0 0 6 0 0 0 0 0 0 0 0 0 45893 7 0 0 0 7 0 1 0 1 0 0 2 0 0 0 6 0 3 0 0 7 0 0 0 0 0 57 0 0 0 0 0 0 0 0 0 0 0 1 0 0 1 0 15 0 0 0 2223 0 0 0 4 0 0 12 1 15 0 6 0 0 0 0 1 4 10 28 0 0 0 11 0 0 92 0 0 0 1 0 0 0 0 0 1 1 0 0 0 0 0 0 0 0 0 0 0 0 1 5 73 5 57 1 0 0 0 0 0 0 0 0 4 3 0 2 0 0 0 0 0 4 0 0 0 0 0 0 10 44 0 0 37 0 32 0 0 0 4 0 0 8 36 0 0 0 0 0 0 0 0 0 0 0 0 5 0 0 0 2 1 0 0 2 0 0 0 0 0 0 7 0 11 0 0 3 15 0 0 307 39 0 0 0 0 0 0 0 0 2 0 0 0 0 0 1 0 0 0 0 0 0 0 0 0 0 2 0 2 0 0 0 1 0 0 0 15 0 1 0 185 2 3 0 1 8 0 9 2 2 0 10 
72 51383 0 1 0 0 1 0 3 0 0 0 9 0 0 0 0 0 0 0 0 0 48288 8 0 0 0 6 0 1 1 0 0 0 3 0 0 0 5 0 0 0 0 10 0 0 0 0 0 40 0 0 0 0 0 0 0 2 0 0 0 0 0 1 1 0 22 0 0 0 1750 0 0 0 5 0 0 14 0 32 0 5 0 0 0 0 0 3 8 12 1 0 0 8 0 0 54 0 0 0 0 0 0 0 0 0 0 1 0 0 0 0 0 0 0 0 0 0 0 0 0 4 101 1 40 1 0 0 0 0 0 0 0 0 2 4 1 2 0 1 0 0 0 2 0 0 0 0 0 0 7 47 4 0 45 0 40 0 0 0 1 1 0 7 44 0 3 1 0 0 0 0 0 0 0 0 0 2 0 0 0 3 0 0 0 4 0 0 0 0 0 0 8 1 10 0 0 4 11 0 0 330 40 0 0 0 0 0 0 0 0 6 1 0 0 0 0 0 0 0 0 0 0 0 0 0 1 0 1 0 0 0 0 0 0 0 0 0 39 0 1 0 209 6 0 0 3 7 1 12 2 1 1 6 
73 54482 0 0 0 0 0 0 0 0 0 0 5 0 0 0 0 0 0 0 0 0 52039 1 0 0 0 4 0 0 0 0 0 0 0 0 0 0 6 0 0 0 0 12 0 0 0 0 0 35 0 0 0 0 0 1 0 0 0 0 0 0 2 3 3 0 20 0 0 0 1183 0 0 0 5 0 0 16 0 15 0 0 0 0 0 0 1 2 7 7 0 0 0 12 0 0 35 0 0 0 0 0 0 0 0 1 0 0 1 0 0 0 0 0 0 0 0 0 0 0 0 7 88 0 33 0 0 0 0 2 0 0 0 0 3 5 0 1 0 0 0 0 1 2 0 0 0 0 0 0 4 61 0 1 53 0 34 0 0 1 0 0 0 8 35 1 0 0 0 0 0 0 0 0 0 0 0 0 0 0 0 2 0 0 0 19 0 0 0 0 0 0 3 0 13 0 0 5 8 0 0 338 46 0 0 0 0 0 0 0 0 2 2 0 0 0 0 0 0 0 3 0 0 0 0 0 0 0 0 0 0 0 0 0 0 0 0 0 14 0 1 0 215 8 0 0 7 6 0 4 4 6 0 3 
74 52676 0 0 0 1 0 0 3 0 0 0 5 0 0 0 0 0 0 0 0 0 50920 0 0 0 0 4 0 0 0 0 0 0 0 0 0 0 5 0 0 0 0 9 0 0 0 0 0 22 0 0 0 0 0 0 1 0 0 0 0 0 1 0 2 0 18 0 0 0 605 0 0 0 9 0 0 14 0 23 0 1 0 0 0 0 1 1 6 5 0 0 0 0 0 0 23 0 0 0 0 0 0 0 1 0 0 0 1 0 0 0 0 0 0 0 0 0 0 0 0 6 96 0 17 0 0 0 0 0 0 0 0 0 5 6 0 1 0 0 0 0 0 5 0 0 0 0 0 0 1 56 2 0 45 0 31 0 0 2 0 0 0 12 31 1 0 0 0 0 0 0 0 0 0 0 0 2 0 0 0 0 0 0 0 2 0 0 0 0 0 1 3 1 10 0 0 0 5 0 0 350 35 0 0 0 0 0 0 0 0 3 1 0 0 0 0 0 0 0 0 0 0 0 0 0 0 0 0 0 0 0 0 0 0 0 0 0 6 0 0 0 201 9 0 0 3 8 0 3 10 0 0 2 
75 43415 0 0 0 2 0 0 0 0 0 0 5 0 0 0 0 0 0 0 0 0 42010 0 0 0 0 6 0 0 0 0 0 0 0 0 0 0 8 0 0 0 0 10 0 0 0 0 0 10 0 0 0 0 0 0 0 0 0 0 0 0 0 1 4 0 18 0 0 0 325 0 0 0 4 0 0 14 0 36 0 1 0 0 0 0 0 0 2 6 0 0 0 0 0 0 9 0 0 0 0 0 0 0 0 0 0 0 0 0 0 0 0 0 0 2 0 0 0 0 0 8 86 0 11 0 0 0 0 0 0 0 0 0 5 3 1 0 0 0 0 0 0 1 0 0 0 0 0 0 1 38 2 0 32 0 32 0 0 1 0 0 0 9 35 1 0 0 0 0 0 0 0 0 0 0 0 1 0 0 0 0 0 0 0 0 0 0 0 0 0 0 3 0 12 0 0 0 5 0 1 353 30 0 0 6 0 0 0 2 1 1 2 0 0 0 0 0 0 0 4 0 0 0 0 0 0 0 2 0 0 0 0 0 0 0 0 0 4 0 0 0 194 9 0 0 2 6 4 1 6 1 0 2 
76 35578 0 0 0 0 0 0 1 0 0 0 1 0 0 0 0 0 0 0 0 0 34369 0 0 0 0 1 1 0 0 0 0 0 0 0 1 0 5 0 1 0 0 21 0 0 0 0 0 4 0 0 0 0 0 0 0 0 0 0 0 0 0 1 1 0 14 0 0 0 200 0 0 0 5 0 0 15 0 25 0 0 0 0 0 0 0 12 4 7 2 0 0 0 0 0 15 0 0 0 0 0 0 0 0 0 0 2 0 0 0 0 0 0 0 0 0 0 0 0 0 10 99 0 8 0 0 0 0 0 0 0 0 0 3 4 0 0 0 0 1 0 1 0 0 0 0 0 0 0 0 34 2 0 27 0 38 0 0 3 0 0 0 1 23 2 0 0 0 0 0 0 1 0 0 0 0 1 0 0 0 1 0 0 0 0 0 0 0 2 0 3 0 0 1 0 0 0 8 0 0 307 16 0 0 0 0 0 0 3 0 0 0 0 0 0 0 0 0 0 4 0 0 0 0 0 0 0 0 0 0 0 0 0 0 0 0 0 11 0 1 0 170 13 1 0 9 13 0 6 8 0 1 13 
77 24830 0 0 0 0 0 0 0 0 0 0 5 0 0 0 0 3 0 0 0 0 23648 0 0 0 0 3 0 1 0 0 0 0 0 0 0 0 2 0 1 0 0 24 0 0 0 0 0 23 0 0 0 0 0 0 0 0 0 0 0 0 0 1 1 0 12 0 0 0 271 0 0 0 2 0 0 5 2 27 0 2 0 1 0 0 1 9 7 5 2 0 0 0 0 0 22 0 0 0 0 0 0 0 0 1 0 0 0 0 0 0 0 0 0 0 0 0 0 0 0 12 91 4 5 0 0 0 0 1 0 0 0 0 2 5 0 1 0 0 0 0 2 1 0 0 0 0 0 0 1 21 4 0 18 0 34 0 0 1 2 0 0 5 7 0 0 0 0 0 0 0 1 0 0 0 0 0 0 0 0 0 0 0 0 3 0 0 0 0 0 0 3 0 7 0 0 0 1 0 0 257 20 0 2 0 0 0 0 0 0 2 0 0 0 0 0 0 0 0 1 0 0 0 0 0 0 0 3 0 0 0 0 0 0 0 0 0 7 0 0 0 146 5 0 0 9 7 0 7 7 1 0 12 
78 16892 0 0 0 0 1 0 0 0 0 1 8 0 0 0 0 0 0 0 0 0 15925 0 0 0 0 12 0 0 0 0 0 0 1 0 0 0 5 0 1 0 0 18 0 0 0 1 0 17 0 0 0 0 0 1 0 0 0 0 0 0 0 1 0 0 7 0 0 0 207 0 0 0 2 0 0 2 1 28 0 0 0 0 0 0 1 13 3 13 0 0 0 0 0 2 30 0 0 0 0 0 0 0 0 0 0 0 0 0 0 0 0 0 0 0 0 0 0 0 0 12 65 3 11 0 0 0 0 1 0 0 0 0 7 8 1 0 0 0 0 0 2 9 0 0 0 0 0 0 1 8 3 0 4 0 16 0 0 0 5 0 0 7 1 0 0 0 0 0 0 0 1 0 0 0 0 0 0 0 0 1 0 0 0 7 0 0 0 0 0 0 4 0 4 0 0 0 11 0 0 170 26 0 0 0 0 1 0 1 0 13 0 0 0 0 0 2 0 0 2 0 0 1 0 1 0 0 3 0 0 0 0 0 0 1 1 0 11 0 1 0 82 7 0 0 14 7 0 0 5 2 0 15 
79 12683 0 0 0 1 0 0 1 0 0 0 0 1 0 0 0 0 0 0 0 0 11645 0 0 0 0 4 0 1 0 0 0 0 4 0 0 0 0 0 1 0 0 13 0 0 0 0 0 28 0 0 0 0 0 0 0 0 0 0 2 0 0 0 0 0 3 0 0 0 319 0 0 0 0 0 0 4 0 33 0 4 0 0 0 0 0 11 1 21 0 0 0 0 0 0 64 0 0 0 1 0 0 0 0 0 0 0 0 0 0 0 1 0 0 0 0 0 0 0 0 11 52 0 18 0 0 0 0 0 0 0 0 0 1 7 0 1 0 0 0 0 1 8 0 0 0 0 0 0 0 9 2 0 10 0 11 0 0 0 0 0 0 3 9 0 0 0 0 0 0 0 0 0 0 0 0 0 0 0 0 1 0 0 0 8 0 0 0 1 0 2 2 0 3 0 0 1 15 0 0 124 12 0 0 0 0 0 0 0 0 13 0 0 1 0 0 1 0 0 2 0 0 0 0 0 0 0 7 0 0 0 0 0 0 0 0 0 16 0 1 0 80 6 1 0 8 13 0 1 5 0 0 26 
80 11470 0 0 0 0 0 0 3 0 0 0 0 0 0 0 0 1 0 1 0 0 10048 0 0 0 0 3 1 0 0 0 1 0 1 0 0 0 1 0 3 0 0 34 0 0 0 0 0 18 0 0 0 0 0 3 0 0 0 0 0 0 1 3 0 0 3 0 0 0 703 0 0 0 0 0 0 4 3 31 0 4 0 0 0 0 0 16 1 32 0 0 0 0 0 0 108 0 0 0 0 0 0 0 0 0 0 0 0 0 0 0 0 0 0 0 0 0 0 0 0 10 25 1 24 0 0 0 0 1 0 0 0 0 0 8 2 0 0 0 0 0 8 4 0 0 0 0 0 0 11 5 3 1 6 0 8 0 0 0 3 0 0 1 8 0 0 0 0 0 0 0 1 0 0 0 0 0 0 0 0 0 0 0 0 0 0 0 0 0 0 1 2 0 2 0 0 2 8 0 0 76 6 0 0 1 0 0 0 1 0 6 2 0 0 0 0 2 0 0 1 0 0 0 0 1 0 0 2 0 0 0 0 0 0 0 1 0 28 0 4 1 48 12 0 0 11 15 0 6 6 2 2 42 
81 12617 0 1 0 0 0 0 3 0 0 1 0 0 0 0 0 0 0 0 0 0 10547 0 0 0 0 4 0 1 0 0 0 0 0 0 0 0 1 0 1 0 0 16 0 0 0 0 0 44 0 0 0 0 0 2 0 0 0 0 0 0 0 0 0 0 4 0 0 0 1272 0 0 0 0 0 0 0 3 43 0 2 0 1 0 0 0 23 0 44 0 0 0 0 0 0 146 0 0 0 0 0 0 0 0 0 0 0 1 0 0 0 0 0 1 0 0 0 0 0 0 8 16 2 40 0 0 0 0 3 0 0 0 0 0 9 0 2 0 0 0 0 2 3 0 0 0 0 1 0 12 2 3 1 4 0 5 0 0 0 3 0 0 4 7 0 1 0 0 0 0 0 1 0 0 0 0 0 0 0 0 1 1 0 0 0 0 0 0 0 0 0 1 1 0 0 0 1 24 0 0 45 8 0 0 0 0 0 0 10 0 20 0 0 0 0 0 2 0 0 6 0 0 0 0 0 0 0 3 0 0 0 0 0 0 0 0 0 29 0 1 0 65 9 2 0 12 8 0 13 9 3 0 27 
82 17684 0 0 0 1 0 0 4 0 0 0 1 0 0 0 0 0 0 1 0 0 14966 2 0 0 0 5 0 2 0 0 0 0 2 0 0 0 0 0 0 0 0 39 0 0 0 0 0 50 0 1 0 2 0 2 0 0 0 0 0 0 0 0 0 0 2 0 0 0 1808 0 0 0 0 0 0 5 4 43 0 3 0 1 0 1 1 15 1 43 0 0 0 1 0 0 153 0 0 0 0 0 0 2 1 0 0 2 0 0 0 0 3 0 0 0 0 0 0 0 0 12 13 3 70 0 0 0 0 3 0 0 0 0 0 12 3 5 0 0 0 0 6 4 0 0 0 0 0 0 22 4 2 0 5 0 4 1 0 0 2 0 0 0 6 0 0 0 0 0 0 0 2 0 0 0 0 0 0 0 0 6 1 0 1 1 0 0 0 0 0 2 6 0 0 0 0 6 20 0 0 50 6 0 0 0 0 0 0 2 0 8 2 0 1 0 0 9 0 0 2 0 0 0 0 0 0 0 1 0 0 0 0 0 0 1 0 0 28 0 1 0 55 10 0 0 11 11 0 13 4 1 0 52 
83 26086 0 0 0 3 0 0 7 1 0 0 0 0 0 0 0 1 0 0 0 0 23046 3 0 0 0 3 0 1 4 0 0 0 1 0 0 1 0 0 2 0 0 20 0 0 0 0 0 48 0 0 0 1 0 2 0 0 0 0 1 0 0 0 0 0 17 0 0 0 2097 0 1 0 0 0 0 4 2 51 0 2 0 0 0 0 1 16 2 43 0 0 0 3 0 2 165 0 0 0 0 0 1 1 0 0 0 0 1 0 0 0 0 0 0 1 0 0 1 0 0 8 8 3 59 1 0 0 0 1 0 0 0 0 0 6 2 0 0 0 1 0 8 0 0 0 0 0 0 0 30 6 2 1 7 0 15 0 0 1 3 0 0 2 11 0 0 2 0 0 0 0 1 0 0 0 0 0 0 0 0 1 0 0 9 3 0 0 0 0 0 3 1 0 2 0 0 3 20 0 0 73 14 0 0 0 0 0 0 1 0 9 4 0 0 0 0 3 0 0 3 0 0 0 0 0 0 0 3 1 0 0 0 0 0 0 0 0 31 0 0 0 48 11 3 0 12 9 0 17 10 0 0 32 
84 29965 0 0 0 0 1 0 4 0 0 0 0 0 0 0 0 0 0 0 0 0 27263 0 0 0 0 0 0 0 1 0 0 0 3 0 0 0 2 0 1 0 1 15 0 0 0 0 0 35 0 0 0 1 0 0 0 0 0 0 0 0 0 2 0 0 7 0 0 0 1825 0 0 0 2 0 0 3 2 42 0 1 0 0 0 0 0 15 1 32 1 1 0 1 1 1 153 0 0 0 0 0 1 1 0 0 0 0 1 0 0 0 0 0 0 0 0 0 0 0 0 11 12 1 43 0 0 0 0 2 0 0 0 0 0 5 3 2 0 0 0 0 2 0 0 0 0 0 0 0 9 15 3 0 5 0 30 0 0 2 0 0 0 1 20 0 1 1 0 0 0 0 0 0 0 0 0 1 0 0 0 8 0 0 0 8 0 0 0 0 0 1 1 0 4 0 0 2 32 0 0 82 19 0 0 0 0 0 0 0 0 12 1 0 1 0 0 1 0 0 2 0 0 0 0 0 1 0 3 1 0 0 0 0 0 0 0 0 22 0 1 0 52 9 6 0 17 6 0 12 13 1 2 31 
85 42611 1 0 0 2 0 0 2 0 0 0 1 1 0 0 0 5 0 0 0 0 39663 2 0 0 0 5 0 0 0 0 0 0 4 0 0 0 3 0 3 0 0 12 0 0 0 0 0 66 0 0 0 0 0 1 2 1 0 0 0 0 2 2 1 0 8 0 0 0 1779 0 0 1 1 0 0 1 5 51 0 4 0 0 0 1 1 15 8 47 1 0 0 9 0 0 148 0 0 0 0 0 0 1 0 0 0 1 0 0 0 0 1 0 0 0 0 0 0 0 0 19 29 3 57 0 0 0 0 2 0 0 0 0 0 12 2 3 0 0 0 0 5 0 0 0 0 0 0 1 12 16 4 0 24 0 23 0 0 0 4 0 0 3 20 1 1 0 0 0 0 0 2 0 0 0 1 0 0 0 1 6 0 0 0 6 0 0 0 0 0 2 2 0 3 0 0 2 19 0 0 164 14 0 0 0 0 0 0 2 0 35 2 0 0 0 0 0 0 0 11 0 0 0 0 0 1 0 6 0 1 0 0 0 0 1 0 0 45 0 1 0 84 8 2 0 15 5 0 12 13 2 1 16 
86 45989 0 0 0 1 0 0 2 0 0 0 3 1 0 0 0 0 0 2 0 0 43176 1 0 0 0 1 0 0 0 0 0 0 1 0 0 0 4 0 6 0 0 27 0 0 0 0 0 49 0 0 0 0 0 7 1 0 0 0 0 0 2 0 0 0 12 0 0 0 1653 0 0 0 2 0 0 7 6 43 0 1 0 0 0 0 1 6 6 47 0 0 0 5 0 2 158 0 0 0 0 0 0 5 0 0 1 0 0 0 0 1 1 0 0 0 0 0 0 0 0 16 32 2 51 0 0 0 0 0 0 0 0 0 4 8 1 3 0 0 0 0 6 1 1 0 0 0 1 1 5 14 1 0 31 0 19 0 0 0 4 0 0 2 15 1 0 1 0 0 0 0 4 0 0 0 0 1 0 0 0 6 0 1 3 11 0 0 0 1 0 3 5 0 4 0 0 1 16 0 2 195 20 0 0 0 0 0 0 1 0 6 0 0 0 0 0 1 0 0 1 0 0 0 0 0 0 0 5 0 0 0 0 1 0 0 0 0 26 0 0 0 121 3 2 0 9 6 0 7 11 0 0 22 
87 28744 1 0 0 0 0 0 5 0 0 0 1 0 0 0 0 1 0 1 0 0 27087 0 0 0 0 2 0 2 0 0 0 0 2 0 0 0 2 0 2 0 1 6 0 0 0 0 0 33 0 0 0 1 0 1 0 0 0 0 0 1 0 0 1 0 15 0 0 0 911 0 0 0 1 0 0 6 4 17 0 5 0 0 0 0 0 7 3 25 0 0 0 0 0 0 76 0 0 0 0 0 2 0 0 0 0 0 0 0 0 0 1 0 0 0 0 0 0 0 1 15 21 0 38 0 0 0 0 2 0 0 0 0 3 3 1 0 0 0 0 0 7 1 0 0 0 0 0 1 14 14 2 0 23 0 4 0 1 0 2 0 0 6 15 0 0 0 0 0 0 0 2 0 0 0 0 0 0 0 0 1 1 0 1 1 0 0 0 1 0 0 4 0 3 0 0 1 13 0 0 149 20 0 0 0 0 0 0 1 0 4 1 1 1 0 0 0 0 0 2 0 0 0 0 0 0 0 2 0 0 0 0 0 0 0 0 0 9 0 0 0 74 5 3 0 10 3 0 4 3 0 1 12 
88 26059 1 0 0 2 0 0 2 0 0 0 0 0 0 0 0 0 0 0 0 0 24468 0 0 0 0 5 0 2 0 0 0 0 3 0 0 0 1 0 1 0 0 5 0 0 0 0 0 25 0 0 0 0 0 1 0 0 0 0 1 0 0 0 0 0 9 0 0 0 819 0 0 0 1 0 0 5 1 8 0 5 0 0 0 0 1 8 2 27 2 0 0 0 0 0 85 0 0 0 0 0 0 0 0 0 0 1 0 0 1 0 2 0 0 0 0 0 0 0 0 4 38 1 42 0 0 0 0 0 0 0 0 0 3 1 3 1 0 0 0 0 2 0 0 0 0 0 0 0 9 10 3 0 21 0 26 0 0 0 3 2 0 4 7 0 0 0 0 0 0 0 0 0 0 0 0 1 0 0 0 2 1 0 0 12 0 0 1 0 0 2 0 0 2 0 0 3 6 0 0 155 18 0 0 0 0 0 0 0 0 12 0 0 0 0 0 5 0 0 1 0 0 0 0 0 0 0 5 5 0 0 0 0 0 0 0 0 12 0 1 0 91 1 3 0 8 7 0 6 0 1 1 9 
89 39364 0 0 0 0 0 1 4 0 0 0 0 3 0 0 0 1 0 1 0 0 36248 0 0 0 0 6 0 1 0 0 0 0 3 0 0 0 10 0 5 0 0 8 0 0 0 0 0 47 0 0 0 1 0 3 0 0 3 0 0 1 1 0 3 0 14 0 0 0 1693 0 0 0 4 0 0 13 2 9 0 6 0 0 0 0 0 12 8 50 1 0 0 4 0 1 178 0 0 0 0 0 2 0 0 0 0 0 0 0 1 0 2 0 0 0 0 0 0 0 0 6 81 8 58 0 0 0 0 4 0 0 0 0 2 10 1 1 0 0 0 0 4 1 0 0 0 0 1 0 12 18 3 1 26 0 43 0 0 1 12 0 0 9 16 0 1 0 0 0 0 0 1 0 0 0 0 0 0 0 0 1 0 0 2 15 0 0 0 0 0 0 0 0 12 0 0 3 20 0 0 304 49 0 0 2 0 0 0 1 0 23 0 0 1 1 0 0 0 0 5 0 0 2 0 0 0 0 0 0 0 0 0 0 0 0 0 0 29 0 0 0 140 3 3 0 9 13 0 12 3 3 0 14 
90 40032 0 0 0 1 0 1 5 0 0 1 0 0 0 0 0 2 0 1 0 0 36420 2 0 0 0 3 0 0 2 0 0 0 0 0 1 0 2 0 7 0 0 14 0 0 0 0 0 58 0 0 0 0 1 5 1 0 0 0 0 0 0 1 2 0 17 0 0 0 2216 0 0 0 5 0 0 11 4 7 0 2 0 1 0 0 3 10 14 45 0 0 0 1 0 2 140 0 0 0 0 0 0 0 0 0 0 2 0 0 0 0 2 0 0 0 0 0 0 0 0 3 79 4 58 0 0 0 0 5 0 0 0 0 2 12 2 1 0 0 0 0 4 5 0 0 0 0 1 0 25 22 0 0 22 0 40 0 0 1 5 0 0 11 25 1 1 2 0 0 0 0 4 0 0 0 0 1 0 0 0 1 1 0 0 17 0 0 0 0 0 0 6 0 5 0 0 2 41 0 1 282 41 0 0 0 0 0 0 0 0 27 0 0 4 0 0 2 0 0 0 0 0 0 0 0 0 0 8 0 0 0 0 0 0 0 0 0 32 0 0 0 144 7 9 0 7 11 0 3 0 2 0 12 
91 49785 0 1 0 2 0 0 8 0 0 0 3 0 0 0 0 0 0 1 0 0 45650 0 0 0 0 4 0 2 2 0 0 0 2 0 0 0 3 0 2 0 3 8 1 0 0 0 0 85 0 0 0 0 0 4 0 1 0 0 1 0 1 0 1 0 12 0 0 0 2644 0 0 0 4 0 0 11 4 5 0 2 0 0 0 0 1 7 5 60 0 0 0 1 0 4 148 0 0 0 0 0 0 0 0 0 0 0 0 0 0 0 0 0 0 1 0 0 0 0 0 1 83 3 141 0 0 0 0 0 0 0 0 0 3 17 2 1 0 0 0 0 7 1 0 0 0 0 0 1 23 30 0 0 20 0 31 0 0 0 2 0 0 3 29 0 0 0 0 0 0 0 2 0 0 0 0 0 0 0 0 2 2 0 0 10 0 0 0 1 0 1 5 0 6 0 0 7 27 0 1 306 38 0 0 0 0 0 0 1 0 15 1 0 0 0 0 2 0 0 0 0 0 0 0 0 0 0 21 0 0 0 0 0 0 0 0 0 36 0 1 0 139 8 2 0 8 9 0 8 1 0 1 12 
92 55250 1 0 0 4 1 0 12 0 0 0 1 1 0 0 0 0 0 0 0 0 50572 1 0 0 0 16 0 4 0 0 0 0 1 0 0 0 4 0 2 0 1 16 0 0 1 0 0 93 0 0 0 0 0 7 1 0 1 0 1 0 4 0 5 0 27 0 0 0 2909 0 0 0 1 0 0 10 2 1 0 7 0 0 0 0 1 11 7 55 0 0 0 5 0 2 166 0 1 0 0 0 2 0 0 0 0 0 0 0 1 0 0 0 0 4 0 0 0 0 0 1 67 3 132 0 0 0 0 0 0 0 0 0 2 14 2 1 0 0 0 0 8 4 0 0 0 0 1 0 25 39 0 2 45 0 36 0 0 0 3 0 0 10 23 0 2 0 0 0 0 0 5 0 0 0 0 1 0 0 1 2 1 0 1 7 0 0 0 0 0 1 2 0 4 0 0 2 39 0 1 382 36 0 0 3 0 0 0 1 0 8 0 0 0 0 0 5 0 0 0 0 0 0 0 1 2 0 21 0 0 0 0 0 0 0 0 0 24 0 0 0 193 7 9 0 3 11 2 21 6 1 0 38 
93 54143 0 0 0 0 0 0 5 0 0 0 3 0 0 0 0 7 0 1 0 0 49040 2 0 0 0 5 0 1 0 0 0 0 2 0 0 0 3 0 0 0 0 21 0 0 0 0 0 69 0 0 0 0 0 4 1 0 0 0 1 0 0 0 2 0 16 0 0 0 3506 0 0 0 1 0 0 12 0 4 0 6 0 0 0 0 2 6 11 46 0 0 0 15 0 0 179 0 0 0 1 0 2 0 0 0 0 0 0 0 0 0 0 0 1 0 0 0 0 0 0 0 66 1 131 1 0 0 0 0 0 0 0 0 2 9 3 0 2 0 1 0 6 2 0 0 0 0 0 1 26 24 2 0 29 0 37 0 0 0 0 1 0 7 32 0 0 0 0 0 0 0 0 0 1 0 0 3 0 0 2 1 0 0 0 7 0 0 0 0 0 0 3 0 6 0 0 13 55 0 1 325 38 0 0 3 0 0 0 0 0 6 0 0 0 0 0 6 0 0 1 0 0 0 0 0 1 0 3 0 0 0 0 0 0 1 0 0 37 0 0 0 200 5 4 0 1 9 0 13 0 0 0 17 
94 57730 0 0 0 1 0 0 4 0 0 0 4 0 0 0 0 0 0 0 1 0 52645 0 0 0 0 5 0 1 1 0 0 0 0 0 0 0 3 0 2 0 1 14 0 0 0 0 0 107 0 0 0 0 0 1 0 0 0 0 2 0 0 1 2 0 16 0 0 0 3511 0 0 0 3 0 0 9 0 15 0 2 0 0 0 0 1 9 8 48 1 0 1 5 0 0 156 0 1 0 0 0 2 0 0 0 0 0 0 0 0 0 0 0 0 0 0 0 0 0 0 1 80 0 72 0 0 0 0 2 0 0 0 0 2 12 3 1 4 0 0 0 2 0 0 0 0 0 1 0 12 30 3 0 39 0 41 0 0 1 2 1 0 5 48 1 0 0 0 0 0 0 1 0 1 0 0 1 0 0 2 0 0 0 0 12 0 0 0 0 0 1 4 1 12 0 0 10 36 0 0 357 26 0 0 0 0 0 0 2 0 5 0 0 0 0 0 1 0 0 0 0 0 0 0 0 0 0 4 0 0 0 0 0 1 0 0 0 30 0 1 0 181 5 3 0 6 8 0 19 2 1 0 20 
95 63231 2 0 0 0 0 0 2 0 0 0 5 0 0 0 0 1 0 0 0 0 59394 0 0 0 0 1 0 1 1 0 0 0 0 0 0 0 11 0 0 0 0 15 0 0 0 0 1 52 1 0 0 0 0 0 0 0 0 0 1 0 0 1 1 0 13 0 0 0 2451 0 0 0 4 0 0 12 1 13 0 5 0 0 0 0 0 4 4 31 0 0 0 1 0 0 98 0 0 0 0 0 1 2 0 0 0 0 0 0 0 0 0 0 0 1 0 0 0 0 0 2 62 1 44 0 0 0 0 3 0 0 0 0 2 4 2 3 5 0 0 0 3 2 0 0 0 0 0 1 7 40 1 0 33 0 46 0 0 0 3 0 0 8 33 1 1 0 0 0 0 0 0 0 0 0 0 2 0 0 1 1 0 0 0 4 0 0 0 0 0 0 3 0 7 0 0 5 23 0 0 363 51 0 0 0 0 0 0 3 0 2 1 0 0 0 0 1 0 0 1 0 0 0 0 0 0 0 2 0 0 0 0 0 0 0 0 0 37 0 1 0 219 3 2 0 2 10 0 8 3 2 1 5 
96 71565 1 1 1 0 0 0 1 0 0 0 4 0 0 0 0 1 0 0 0 0 68785 4 0 0 0 3 0 0 0 0 0 0 0 0 0 0 10 0 2 0 0 9 0 0 0 0 0 47 0 0 0 0 0 0 0 1 0 0 1 0 0 1 4 0 17 0 0 0 1345 0 0 0 4 0 0 51 1 19 0 0 0 0 0 0 1 1 17 20 0 0 0 0 0 0 50 0 0 0 0 0 0 0 0 0 0 0 0 0 0 0 0 0 0 0 0 0 0 0 0 3 89 2 47 1 0 0 0 2 0 0 0 0 1 2 2 0 0 1 0 0 7 4 0 0 0 0 0 0 20 37 1 0 45 0 37 1 0 0 0 0 0 5 48 0 1 0 0 0 0 0 0 0 0 0 0 1 0 0 0 0 2 0 1 1 0 0 0 0 0 0 3 0 12 0 0 0 13 0 0 372 48 0 0 0 0 0 0 2 0 1 12 0 0 0 0 2 0 0 2 0 0 0 0 0 0 0 2 0 0 0 0 0 0 0 0 0 21 0 1 0 252 9 0 0 2 10 0 12 1 1 0 0 
97 71814 0 0 0 0 0 0 1 0 0 0 1 1 0 0 0 1 0 0 0 0 69856 2 0 0 0 0 0 0 0 0 0 0 0 0 0 0 13 0 0 0 0 12 0 0 0 0 0 19 0 0 0 0 0 0 0 0 0 0 0 0 1 0 1 0 22 0 0 0 587 0 0 0 2 0 0 10 0 24 0 0 0 0 0 0 0 0 11 7 0 0 0 2 0 0 23 0 0 0 0 0 0 0 0 0 0 0 0 0 0 0 1 0 0 0 0 0 0 0 0 4 99 0 16 0 0 0 0 1 0 0 0 0 5 0 0 1 0 0 0 0 1 1 0 0 0 0 0 0 11 51 2 0 39 0 43 1 0 0 0 0 0 3 56 2 0 0 0 0 0 0 0 0 0 0 1 2 0 0 2 3 0 0 0 4 0 0 0 0 0 0 4 0 3 0 0 4 4 0 0 447 55 0 0 0 0 0 0 0 0 0 0 0 0 0 1 1 0 0 5 0 0 0 0 0 0 0 0 0 0 0 0 0 1 0 0 0 3 0 1 0 283 13 0 0 4 3 0 5 9 0 0 8 
98 60352 0 1 0 0 0 0 0 0 0 0 4 0 0 0 0 1 0 0 0 0 58660 0 0 0 0 2 0 0 0 0 0 0 1 0 0 0 8 0 1 0 1 14 0 0 0 1 0 26 0 0 0 1 0 0 0 0 0 0 0 0 0 0 2 0 32 0 0 0 366 0 0 0 4 0 0 20 0 21 0 1 0 0 0 0 0 1 5 7 2 0 0 0 0 0 8 0 0 0 0 0 1 0 0 0 0 0 0 0 0 0 0 0 0 0 0 0 0 0 0 4 94 0 8 2 0 0 0 1 0 0 0 0 5 0 2 0 0 0 0 0 1 3 0 0 0 0 0 0 4 48 1 0 53 0 50 0 0 1 0 0 0 8 51 0 0 1 0 0 0 0 0 0 0 0 0 1 0 0 0 6 0 0 0 1 0 0 0 0 0 3 0 0 3 0 0 1 1 0 0 382 67 0 0 0 0 0 0 0 0 1 6 0 0 0 0 0 0 0 1 0 0 0 0 0 0 0 1 0 0 0 0 0 0 0 0 0 1 0 0 0 308 6 0 0 2 5 0 2 6 2 0 2 
99 40938 1 0 0 0 0 0 0 0 0 0 6 0 0 0 0 0 0 0 0 0 39595 0 0 0 0 1 0 0 1 0 0 0 0 0 0 0 3 0 0 0 0 15 0 0 0 0 0 18 0 0 0 0 0 0 0 0 0 0 0 0 0 0 1 0 29 0 0 0 122 0 0 0 4 0 0 11 0 25 0 0 0 0 0 0 0 1 4 6 0 0 0 0 0 0 17 0 0 0 0 0 0 0 0 0 0 0 0 0 0 0 0 1 0 0 0 0 0 0 0 2 118 1 10 0 0 0 0 3 0 0 0 0 5 3 0 0 0 0 0 0 0 4 0 0 0 0 0 0 0 61 3 0 32 0 34 0 0 1 0 0 0 7 34 0 0 1 0 0 0 0 0 0 0 0 0 1 0 0 0 1 0 0 0 1 0 0 0 0 0 4 1 1 8 0 0 2 3 0 0 348 66 0 0 0 0 0 0 4 0 0 6 0 1 0 0 3 0 0 3 0 0 0 0 0 0 0 2 0 0 0 0 0 0 0 0 0 7 0 2 0 245 10 0 0 5 4 0 0 5 0 0 10 
100 25208 1 0 0 0 0 0 0 0 0 0 2 0 0 0 0 1 0 0 0 0 23953 0 0 0 0 1 0 0 0 0 0 0 3 0 0 0 9 0 0 0 0 10 0 0 0 0 0 11 0 0 0 0 0 0 0 0 0 0 0 0 0 1 4 0 18 0 0 0 131 0 0 0 5 0 0 18 0 28 0 0 0 0 0 0 0 7 8 5 0 0 0 0 0 3 10 0 0 0 0 0 0 0 0 0 0 1 0 0 0 0 0 0 0 0 0 0 0 0 0 5 155 0 8 1 0 0 0 2 0 0 0 0 6 2 0 0 0 0 0 0 0 2 0 0 0 0 0 0 5 48 2 0 20 0 36 0 0 0 0 0 0 7 21 0 0 0 0 0 0 0 2 0 0 0 0 0 0 0 0 2 0 0 0 0 0 0 0 0 0 4 1 0 8 0 0 0 8 0 0 281 40 0 0 0 0 0 0 1 1 2 4 0 0 0 0 0 0 0 3 0 0 0 0 0 0 0 1 0 0 0 0 0 0 0 0 0 5 0 1 0 189 24 1 0 15 8 0 2 5 0 0 29 
101 13524 0 0 0 4 0 0 1 0 0 0 1 0 0 0 0 0 0 0 0 0 12529 0 0 0 0 2 0 0 0 0 0 0 2 0 0 0 7 0 0 0 0 25 0 0 0 0 0 11 0 0 0 0 0 0 0 0 0 0 0 0 0 1 1 0 9 0 0 0 139 0 1 0 3 0 0 11 0 24 0 1 0 0 0 0 0 7 4 4 0 0 0 0 0 0 46 0 0 0 0 0 1 1 0 0 0 0 0 0 0 0 0 0 1 1 0 0 0 0 0 7 88 3 12 0 0 0 0 0 0 0 0 0 0 0 0 0 0 0 0 0 2 8 0 0 0 0 0 0 3 23 2 0 4 0 36 0 0 0 1 0 0 9 20 0 0 0 0 0 0 0 3 0 0 0 0 2 0 0 0 0 0 0 0 5 0 0 0 1 0 3 1 0 6 0 0 2 9 0 0 189 31 0 0 0 0 0 0 2 0 2 3 0 0 0 0 0 0 0 3 0 0 0 0 0 0 0 3 0 0 0 0 0 0 0 0 0 14 0 1 0 106 12 2 0 7 7 0 5 8 0 0 15 
102 9152 2 0 0 0 0 0 1 0 0 0 1 0 0 0 0 0 0 1 0 0 7714 0 0 0 0 6 0 1 0 0 0 0 1 0 0 0 1 0 5 0 0 8 0 0 0 0 0 14 0 0 0 0 0 1 0 0 0 0 0 0 1 0 0 0 3 0 0 0 675 0 0 0 0 0 0 5 0 20 0 0 0 0 0 0 0 14 9 22 2 0 0 0 0 1 76 0 0 0 0 0 0 0 0 0 0 1 0 0 0 0 1 0 0 0 0 0 0 0 0 6 52 2 27 0 0 0 0 2 0 0 0 0 2 1 0 0 0 0 0 0 3 5 0 0 0 0 0 0 4 8 0 0 4 0 24 0 0 1 4 0 0 5 9 0 0 0 0 0 0 0 1 0 0 0 0 0 0 0 0 0 0 0 0 5 0 0 0 0 0 4 0 0 3 0 0 4 9 0 0 156 19 0 0 0 0 0 0 1 0 7 12 0 0 0 0 2 0 0 3 0 0 0 0 0 0 0 1 0 0 0 0 0 0 0 0 0 16 0 2 0 59 12 3 0 5 6 0 6 7 1 0 41 
103 9027 0 0 0 1 1 0 3 0 0 0 1 0 0 0 0 0 0 2 0 0 7444 0 0 0 0 3 0 0 0 0 0 0 2 0 0 0 0 0 4 0 0 14 0 0 0 0 0 44 0 0 0 0 0 2 0 0 0 0 0 0 1 2 0 0 2 0 0 0 959 0 0 0 0 0 0 0 0 25 0 1 0 0 0 0 1 18 2 16 0 0 0 0 0 1 52 0 0 0 0 0 0 3 0 0 0 0 0 0 0 0 0 0 0 0 0 0 0 0 0 10 31 5 21 0 0 0 0 0 0 0 0 0 2 7 1 0 0 0 1 0 2 1 0 0 0 0 0 0 15 3 1 0 2 0 10 0 1 0 6 1 0 2 8 0 0 0 0 0 0 0 1 0 0 0 0 0 0 0 0 1 0 0 0 2 0 0 0 1 0 3 0 0 0 0 0 0 15 0 1 70 6 0 0 0 0 0 0 2 0 7 11 0 0 0 0 6 0 0 2 0 0 0 0 0 1 0 4 0 0 0 0 0 0 0 0 0 24 0 1 0 28 15 0 0 8 10 1 9 3 3 2 23 
104 21804 0 0 0 0 0 0 5 0 0 1 1 0 0 1 0 0 0 0 0 0 20340 4 0 0 0 7 0 1 0 0 0 0 2 0 1 0 5 0 7 0 0 20 0 0 0 0 0 40 0 0 0 0 0 4 0 0 0 0 0 0 1 0 0 0 1 0 0 0 824 0 0 0 0 0 0 3 2 24 0 3 0 0 0 0 0 16 0 30 0 0 0 0 0 0 87 0 0 0 0 0 0 0 0 0 0 0 0 0 0 0 0 0 0 0 0 0 0 0 0 14 14 1 41 0 0 0 0 2 0 0 0 0 0 7 1 2 0 0 0 0 3 6 0 0 0 0 0 0 8 2 1 0 3 0 6 0 0 1 4 0 0 4 12 0 0 0 0 0 0 0 3 0 1 0 1 0 0 0 0 4 0 0 0 1 0 0 0 0 0 0 3 0 0 0 0 2 18 0 0 57 0 0 0 0 0 0 0 1 0 7 6 0 0 0 0 4 0 0 4 0 0 0 0 1 0 0 3 1 0 0 0 0 0 0 1 0 12 0 0 0 16 11 0 0 7 4 0 4 9 0 0 34 
105 28470 0 0 0 2 0 0 4 0 0 0 1 0 0 0 0 0 0 0 0 0 26832 0 0 0 0 8 0 0 0 0 0 0 0 0 0 0 2 0 5 0 0 18 0 0 0 0 0 46 0 0 0 0 0 1 1 0 0 0 1 0 0 2 0 0 8 0 0 0 881 0 0 0 0 0 0 4 2 33 0 1 0 0 0 0 0 18 3 43 0 0 0 0 0 1 116 0 0 0 0 0 0 0 0 0 0 0 0 0 0 0 0 0 0 0 0 0 0 0 0 11 6 4 51 0 0 0 0 0 0 0 0 0 0 8 0 0 0 0 0 0 6 4 1 0 0 0 1 1 19 3 0 0 8 0 5 0 0 0 2 1 0 1 9 0 0 0 0 0 0 0 0 0 0 0 0 0 0 0 1 3 0 0 0 2 0 0 0 0 0 10 5 0 0 1 0 4 22 0 0 40 14 0 0 0 0 0 0 8 0 3 6 0 0 0 0 2 0 0 2 0 0 0 0 0 0 0 3 0 0 0 0 0 0 0 0 1 22 0 0 0 42 17 3 0 10 6 0 13 9 0 0 24 
106 29544 0 0 0 0 0 0 5 0 0 1 0 0 0 0 0 0 0 0 0 0 27615 0 0 0 0 2 0 0 0 0 0 0 0 0 0 0 2 0 5 0 0 24 0 0 0 0 0 47 0 0 0 0 0 3 0 0 0 0 0 0 0 0 0 0 6 0 0 0 1017 0 0 0 0 0 0 3 1 33 0 3 0 0 0 0 1 14 0 39 0 0 0 0 1 0 98 0 0 0 0 0 0 0 0 0 0 1 1 0 0 0 0 0 0 0 0 0 0 0 0 10 8 4 79 0 0 0 0 0 0 0 0 0 0 3 0 0 0 0 0 0 5 12 0 0 0 0 0 0 24 8 1 1 8 0 3 0 0 0 2 0 0 0 12 0 0 0 0 0 0 0 0 0 0 0 0 0 0 0 0 3 0 0 0 0 0 0 0 0 0 3 5 0 3 0 0 1 23 0 0 129 11 0 0 0 0 1 0 3 0 8 6 0 0 0 0 2 0 0 8 0 0 0 0 0 1 0 7 1 0 0 0 0 0 0 0 0 30 0 0 0 60 15 1 0 14 3 0 13 10 2 0 58 
107 33261 0 2 0 5 1 0 6 0 0 1 1 0 0 0 0 0 0 1 0 1 31107 0 0 0 0 1 0 0 0 0 0 0 1 0 0 0 2 0 0 0 0 19 0 0 0 0 0 69 0 0 0 0 0 2 0 0 0 0 0 0 0 1 0 0 4 0 0 0 1128 0 0 0 4 0 0 5 0 43 0 1 0 0 0 0 0 16 7 39 1 0 0 5 1 1 119 0 1 0 0 0 1 0 0 0 0 0 0 0 0 0 0 0 0 0 0 0 0 0 2 12 24 4 53 0 0 0 0 0 0 0 0 0 0 5 1 1 0 0 0 0 6 7 1 0 0 0 0 0 17 16 2 0 21 0 15 0 0 0 2 0 0 0 23 0 1 0 0 0 0 0 5 0 0 0 0 0 0 0 0 3 0 0 0 3 0 0 0 0 0 4 4 1 2 0 0 2 28 0 0 139 11 0 0 1 0 0 0 3 0 4 9 0 1 0 0 2 0 0 5 0 0 0 0 0 0 0 2 1 0 0 0 0 0 0 0 0 25 0 2 0 61 17 2 0 12 8 0 32 9 0 0 27 
108 37294 1 2 0 1 0 0 5 0 0 1 2 0 0 0 0 0 0 0 0 0 35140 1 0 0 0 5 0 0 0 0 0 0 1 0 1 0 4 0 3 0 0 24 0 0 1 0 0 34 0 0 0 0 0 0 0 1 0 0 1 0 3 1 1 0 8 0 0 0 1122 0 0 0 0 0 0 10 2 51 0 3 0 0 0 0 0 17 7 35 5 0 1 1 1 0 114 0 1 0 0 0 2 0 0 0 0 1 0 0 0 0 1 0 0 0 0 0 0 0 0 8 28 2 30 1 0 0 0 1 0 0 0 0 3 22 0 0 0 0 0 0 5 0 1 0 0 0 1 0 8 25 1 0 21 0 15 0 0 1 1 0 0 1 18 1 1 1 0 0 0 0 2 0 0 0 0 0 0 0 0 4 0 0 2 3 0 0 0 0 0 1 2 0 9 0 0 8 21 0 1 183 13 0 0 0 0 0 0 0 0 4 1 0 0 0 0 0 0 0 8 0 0 0 0 0 2 0 4 0 0 0 0 0 0 1 0 0 21 0 1 0 89 19 2 0 9 8 0 7 11 0 1 21 
109 41639 0 0 0 1 0 0 7 0 0 0 3 1 0 0 0 2 0 0 0 0 39397 0 0 0 0 2 0 0 0 0 0 0 9 0 0 0 4 0 4 0 0 27 0 0 0 0 0 53 0 0 0 0 0 3 0 0 0 0 0 0 0 0 1 0 14 0 0 0 1065 0 0 0 3 0 0 8 1 35 0 1 0 0 0 0 1 13 5 47 3 0 0 1 0 0 122 0 0 0 1 0 2 0 0 0 0 0 0 0 0 0 1 0 0 0 0 0 0 0 0 11 36 3 60 1 0 0 0 1 0 0 0 0 3 7 2 3 0 0 0 0 2 0 1 0 0 0 0 0 6 22 2 0 28 0 37 0 1 0 1 1 0 6 17 0 0 0 0 0 0 0 2 0 0 0 0 0 0 0 4 3 0 0 0 9 0 0 0 0 0 1 2 0 4 0 0 10 20 0 1 218 25 0 0 0 0 0 0 5 0 6 3 0 0 0 0 2 0 0 12 0 0 0 0 0 0 0 1 0 0 0 0 0 0 0 0 0 20 0 1 0 95 16 5 0 8 7 0 13 12 0 0 23 
110 45108 1 0 0 0 0 0 3 0 0 0 3 1 0 0 0 0 0 1 0 0 43156 0 0 0 0 5 0 1 0 0 0 0 0 0 0 0 0 0 1 0 0 11 1 0 0 0 0 35 0 1 0 0 0 0 0 2 0 0 0 0 0 0 1 0 9 0 0 0 896 0 0 0 1 0 0 9 1 36 0 1 0 0 0 0 3 13 2 27 2 0 0 0 0 1 91 0 0 0 0 0 0 0 0 0 0 1 0 0 0 0 0 0 0 0 0 0 0 0 0 13 51 0 44 0 0 0 0 2 0 0 0 0 1 6 3 0 0 0 0 0 4 1 0 0 0 0 0 1 8 22 4 0 24 0 35 0 0 0 0 1 0 4 15 0 0 0 0 0 0 0 1 0 0 0 0 1 0 4 0 5 0 0 1 16 0 0 0 1 0 2 0 0 5 0 0 5 15 0 1 242 24 0 0 0 0 0 0 0 0 5 2 0 0 0 0 1 0 0 2 0 0 0 0 0 0 0 1 0 0 0 0 0 0 0 0 0 7 0 1 0 116 9 2 0 10 5 0 21 3 3 0 22 
111 43232 0 0 1 0 0 0 8 0 0 1 1 0 0 0 0 0 0 2 0 0 41304 1 0 0 0 1 0 1 0 0 0 0 1 0 0 0 5 0 1 0 1 6 0 0 1 0 0 22 0 0 0 1 0 2 1 0 0 0 1 0 0 2 0 0 10 0 0 0 855 0 0 0 2 0 0 10 2 26 0 3 0 2 0 0 2 7 2 31 0 0 0 1 0 1 93 0 0 0 0 0 1 0 0 0 0 0 0 0 1 0 0 0 0 0 0 0 0 0 0 9 51 4 38 0 0 0 0 1 0 0 0 0 0 8 1 1 0 0 0 0 2 0 0 0 0 0 1 0 13 25 0 0 28 0 22 0 0 3 2 0 0 4 26 1 0 0 0 0 0 0 5 0 0 0 0 0 0 0 0 4 0 0 0 3 0 0 0 0 0 2 1 0 6 0 0 3 8 0 1 244 20 0 0 0 0 0 0 1 0 9 3 0 0 0 0 0 0 0 4 0 0 0 0 0 0 0 1 0 0 0 0 0 0 0 1 0 20 0 0 0 142 4 3 0 10 6 0 15 8 2 0 26 
112 38871 0 0 0 2 1 0 5 0 0 0 5 0 0 0 0 1 0 1 0 0 36606 3 0 0 0 4 0 0 1 0 0 0 1 0 0 0 1 0 6 0 0 7 0 0 0 0 0 45 1 0 0 0 0 1 1 0 0 0 1 1 2 0 3 0 16 0 0 0 1056 0 0 0 2 0 0 15 0 19 0 6 0 0 0 0 2 11 2 57 1 0 0 0 0 2 100 0 0 0 0 0 1 0 0 2 0 0 0 0 0 0 1 0 1 0 0 0 0 0 1 8 57 4 29 0 0 0 0 3 0 0 0 0 1 9 1 0 0 0 1 0 2 1 0 0 0 0 0 1 7 22 2 0 26 0 29 0 0 2 4 0 0 3 25 1 0 0 0 0 0 0 2 0 0 0 0 4 0 0 0 1 0 0 1 6 0 0 0 0 0 2 3 1 1 0 0 2 16 0 1 274 37 0 0 0 0 0 0 3 0 8 0 0 0 0 0 2 0 0 3 0 0 0 1 0 0 0 1 0 0 0 0 0 0 0 0 0 17 0 3 0 144 3 1 0 12 15 0 18 7 1 0 20 
113 37757 0 0 1 2 1 0 15 0 0 0 0 0 0 0 0 0 0 0 0 0 34956 1 0 0 0 8 0 1 0 0 0 0 0 0 0 0 2 0 3 0 0 4 0 0 0 0 0 86 0 0 0 0 0 1 0 2 1 0 1 0 1 0 0 0 12 0 0 0 1537 0 0 0 1 0 0 12 1 9 0 0 0 0 0 0 0 12 4 44 0 0 0 0 0 1 104 0 0 0 0 0 0 3 0 1 0 0 0 0 0 0 0 0 0 0 0 0 0 0 0 10 65 1 57 0 0 0 0 3 0 0 0 0 6 3 0 0 0 0 0 0 2 1 0 0 0 0 0 1 13 31 3 0 21 0 25 0 0 0 2 1 0 1 25 0 2 0 0 0 0 0 0 0 1 0 0 2 0 0 1 3 0 0 0 8 0 0 0 0 0 1 3 0 4 0 0 5 30 0 2 296 21 0 0 1 0 0 0 0 0 16 0 0 0 0 0 3 0 0 1 0 0 0 0 0 1 0 3 2 0 0 0 0 0 0 0 0 35 0 0 0 116 5 3 0 13 11 0 24 2 0 0 25 
114 41154 1 0 0 1 0 0 10 0 0 0 0 0 0 0 0 1 0 0 0 0 37744 0 0 0 0 4 0 2 1 0 0 0 2 0 0 0 8 0 1 0 0 0 0 0 0 0 0 65 0 0 0 0 0 0 0 0 1 0 0 0 1 0 5 0 17 0 0 0 2115 0 0 0 3 0 0 7 2 6 0 7 0 0 0 0 0 15 5 32 0 0 0 0 0 1 129 0 0 0 0 0 2 0 0 0 1 0 0 0 0 0 0 0 0 0 0 0 0 0 0 2 64 0 54 0 0 0 0 1 0 0 0 0 7 10 1 2 0 0 0 0 6 3 2 0 0 0 0 0 35 22 4 0 24 0 25 0 0 0 2 0 0 4 28 1 1 0 0 0 0 0 3 0 0 0 0 1 0 0 1 0 0 0 1 10 0 0 0 1 0 1 3 0 2 0 0 1 18 1 0 293 23 0 0 1 0 0 0 0 0 30 0 0 0 0 0 3 0 0 7 0 0 0 0 0 0 0 4 1 0 0 0 0 0 0 0 0 20 0 0 0 123 8 4 0 13 10 1 19 0 0 2 34 
115 47098 0 0 0 0 1 0 6 0 0 0 1 0 0 0 0 2 0 0 0 0 43027 4 0 0 0 3 0 4 3 0 0 0 0 0 0 0 4 0 4 0 0 3 0 0 0 0 0 62 0 0 0 0 0 3 0 0 1 0 0 0 1 0 2 0 8 0 0 0 2729 0 0 0 5 0 0 9 2 7 0 5 0 1 0 0 3 26 5 44 0 0 0 0 0 1 148 0 0 0 0 0 1 0 0 0 0 0 0 0 0 0 1 0 0 0 0 0 1 0 0 2 56 3 63 0 0 0 0 3 0 0 0 0 2 10 1 1 0 0 0 0 10 6 0 0 0 0 0 1 55 24 3 0 18 0 30 0 1 3 5 0 0 6 32 0 1 2 0 0 0 0 3 0 1 0 0 4 0 0 0 0 0 0 1 4 0 0 0 0 0 0 0 2 6 0 0 4 28 0 1 261 34 0 0 0 0 0 0 0 0 17 0 0 1 0 0 3 0 0 2 0 0 0 0 0 0 0 7 1 0 0 0 0 0 0 0 0 37 0 2 0 119 9 5 0 9 5 1 12 1 0 2 35 
116 52723 0 0 0 0 0 0 6 0 0 0 3 0 0 0 0 1 0 1 0 0 48450 0 0 0 0 5 0 1 1 0 0 0 0 0 0 0 1 0 3 0 0 4 0 0 0 0 0 57 1 1 0 0 0 2 1 0 0 0 0 0 5 0 0 0 16 0 0 0 2981 0 0 0 1 0 0 2 0 2 0 5 0 0 0 0 1 7 10 62 0 0 0 0 0 0 173 0 0 0 0 0 2 0 0 0 1 1 0 0 0 0 0 0 0 0 0 0 0 0 0 2 62 2 64 1 0 0 0 0 0 0 0 0 1 6 4 0 1 0 0 0 3 1 0 0 0 0 0 1 21 22 1 3 26 0 25 0 0 1 5 0 0 5 15 0 0 0 0 0 0 0 1 0 0 0 0 1 0 0 1 1 0 0 0 3 0 0 0 0 0 1 2 0 3 0 0 5 34 0 2 250 31 0 0 0 0 0 0 0 0 13 0 0 0 0 0 6 0 0 1 0 0 0 0 0 0 0 4 1 0 0 0 0 0 1 0 0 70 0 0 0 117 11 2 0 6 6 1 17 0 3 2 31 
117 57226 0 2 0 1 0 0 1 0 0 0 6 0 0 0 0 1 0 0 0 0 52193 4 0 1 0 10 0 0 3 0 0 0 0 0 0 0 6 0 2 0 1 10 0 0 0 0 0 76 0 0 0 1 1 3 0 1 0 0 0 0 1 0 2 0 16 0 0 0 3651 0 0 0 4 2 0 9 2 9 0 6 0 0 0 0 4 12 7 51 0 0 0 0 0 3 212 0 0 0 0 0 0 1 0 0 1 0 1 0 0 0 1 0 0 1 0 0 0 0 0 2 52 3 51 0 0 0 0 0 0 0 0 0 4 8 10 0 0 0 0 0 5 1 0 0 0 0 1 0 17 20 0 1 23 0 15 0 0 0 2 1 0 6 29 0 0 0 0 0 0 0 1 0 1 0 0 0 0 0 0 1 0 0 0 24 0 0 0 1 0 0 4 1 8 0 0 5 20 0 0 284 22 0 0 0 0 0 0 0 0 4 1 0 0 0 0 3 0 0 0 0 0 0 0 0 2 0 4 0 0 0 0 0 0 0 0 0 37 0 0 0 126 16 1 0 4 7 0 18 1 0 1 37 
118 66389 0 0 0 0 0 0 9 0 0 0 6 0 0 0 0 0 0 0 0 0 61671 5 0 1 0 4 0 2 0 0 0 0 0 0 0 0 3 0 0 0 0 7 0 0 0 0 0 82 0 0 0 0 0 2 0 1 0 0 0 0 8 1 1 0 12 0 0 0 3392 0 0 0 1 1 0 4 0 8 0 3 0 0 0 0 1 14 12 36 1 0 0 0 0 2 190 0 0 0 0 0 1 0 0 0 0 0 0 0 1 0 0 0 0 0 0 0 0 0 0 0 59 1 69 1 0 0 0 2 0 0 0 0 2 3 3 2 0 0 0 0 1 2 1 0 0 0 0 0 12 23 1 0 36 0 24 0 0 3 2 0 0 7 37 1 1 3 0 0 0 0 0 0 0 0 0 2 0 0 0 2 0 0 0 1 0 0 0 0 0 1 4 0 6 0 0 2 12 0 0 264 29 0 0 1 0 0 0 0 0 9 0 0 0 0 1 1 0 0 2 0 0 1 0 0 0 0 11 0 0 0 0 0 0 0 0 0 42 0 0 0 143 11 6 0 2 7 0 13 2 0 1 11 
119 79626 1 0 0 0 0 0 6 0 0 0 3 0 0 0 0 3 0 0 0 0 75918 3 0 1 0 4 1 1 0 0 0 0 0 0 0 0 3 0 4 0 0 15 1 0 0 0 0 72 0 0 0 0 0 0 0 0 0 0 0 0 10 0 1 0 16 0 0 0 2305 0 0 0 2 0 0 15 1 15 0 3 0 0 0 0 0 4 15 25 0 0 0 0 0 1 157 0 0 0 0 0 0 0 0 0 0 0 0 0 0 0 0 1 0 0 0 0 0 0 0 2 77 0 34 0 0 0 0 0 0 0 0 0 2 8 2 0 0 0 0 0 1 3 0 0 0 0 0 0 4 23 1 0 29 0 42 0 0 0 0 0 0 6 45 2 3 1 0 0 0 0 0 0 0 0 0 2 0 0 0 9 0 0 1 0 0 0 0 0 0 0 1 0 1 0 0 1 15 0 3 355 45 0 0 0 0 0 0 2 1 6 0 0 0 0 0 3 0 0 0 0 0 0 0 1 0 0 5 1 0 0 0 0 0 0 0 0 27 0 0 0 198 6 2 0 2 10 0 12 1 0 0 4 
120 77462 1 0 0 0 0 0 4 0 0 0 4 0 0 0 0 0 0 0 0 1 75160 0 0 0 0 3 0 0 0 0 0 0 0 0 0 0 5 0 1 0 0 14 0 0 0 0 0 44 0 0 0 0 0 0 0 0 0 0 0 1 3 1 1 0 26 0 0 0 1047 0 0 1 3 0 0 13 0 10 0 4 0 0 0 0 2 5 16 38 1 0 0 0 0 3 48 0 0 0 0 0 0 0 0 0 0 0 0 0 0 0 2 0 0 0 0 0 0 0 0 7 81 1 23 0 0 0 0 0 0 0 0 0 5 3 3 0 0 0 0 0 0 5 0 0 0 0 1 0 3 35 1 0 31 0 29 0 0 0 0 1 0 3 40 0 0 0 0 0 0 0 0 0 0 0 0 1 0 0 0 1 0 0 0 9 0 0 0 0 0 1 4 0 7 0 0 1 7 0 1 359 51 0 0 0 0 0 0 2 0 0 1 0 0 0 0 1 0 0 3 0 0 0 0 1 0 0 4 0 0 0 0 0 0 0 0 0 14 0 0 0 197 10 0 0 0 2 0 22 6 2 0 1 
121 72505 0 0 0 0 0 1 1 0 0 0 5 0 0 0 0 0 0 0 0 0 70754 0 0 0 0 8 0 0 0 0 0 0 0 0 0 0 6 0 1 0 0 7 0 0 0 0 0 26 0 0 0 0 0 0 0 1 2 0 0 0 0 1 0 0 15 0 0 0 452 0 0 0 4 0 0 12 0 14 0 3 0 0 0 0 0 1 9 17 1 0 0 0 0 1 21 0 0 0 0 0 2 0 0 1 0 0 0 0 0 0 0 0 0 0 0 0 0 0 0 6 89 0 14 1 0 0 0 0 0 0 0 0 2 2 1 12 0 0 0 0 0 1 0 0 0 0 0 0 5 54 1 0 52 0 36 0 0 0 0 0 0 8 51 1 0 0 0 0 0 0 0 0 0 0 0 0 0 0 1 0 0 0 0 1 0 0 0 0 0 1 4 0 16 0 0 2 2 0 0 393 73 0 0 0 1 0 0 0 0 1 1 0 0 0 0 0 0 0 2 0 0 0 0 0 0 0 1 0 0 0 0 0 0 0 0 0 9 0 0 0 245 6 1 0 4 4 0 7 4 0 0 2 
122 61603 0 0 0 0 0 0 2 0 0 0 3 0 0 0 0 2 0 0 0 0 60152 0 0 0 0 3 0 0 0 0 0 0 0 0 0 0 7 0 0 0 0 17 0 0 0 0 0 12 0 0 0 1 0 1 0 0 0 0 0 0 0 0 1 0 28 0 0 0 183 0 0 0 5 1 0 15 0 22 0 1 0 0 0 0 0 7 7 7 0 0 0 0 0 1 11 0 0 0 0 0 7 1 0 0 0 0 0 0 0 0 0 0 1 0 0 0 0 0 0 4 97 1 7 1 0 0 0 0 0 0 0 0 3 1 0 0 0 0 0 0 2 9 0 0 0 0 0 0 0 48 2 0 41 0 61 0 0 0 0 0 0 9 52 1 1 0 0 0 0 0 0 0 0 0 0 0 0 0 0 0 0 0 0 0 0 0 0 0 0 1 2 0 12 0 0 0 2 0 0 372 61 0 0 0 0 0 0 0 0 1 1 0 0 0 0 0 0 0 2 0 0 0 1 0 0 0 2 0 0 0 0 0 0 0 0 0 2 0 0 0 243 14 1 0 3 11 0 10 2 0 1 0 
123 40868 0 1 0 0 0 0 1 0 0 1 4 0 0 0 0 0 0 0 0 0 39520 0 0 0 0 1 0 0 0 0 0 0 0 0 0 0 3 0 0 0 0 9 0 0 0 0 0 10 0 0 0 0 0 0 0 0 0 0 0 0 0 0 2 0 21 0 0 0 127 0 0 0 6 0 0 20 0 22 0 1 0 0 0 0 0 5 12 2 1 0 0 0 0 0 18 0 0 0 0 0 6 0 0 0 1 0 0 0 0 0 0 0 0 1 0 0 0 0 0 7 91 0 4 6 0 0 0 0 0 0 0 0 5 1 2 0 0 0 0 0 0 2 0 0 0 0 0 0 3 43 7 0 30 0 26 0 0 2 0 0 0 11 36 0 0 0 0 0 0 0 1 0 0 0 0 2 0 0 0 3 0 0 0 0 0 0 0 1 0 6 2 0 5 0 0 0 1 0 1 370 59 0 0 0 0 0 0 0 0 1 1 0 0 0 0 0 0 0 5 0 0 0 0 0 0 0 1 0 0 0 0 0 0 0 0 0 4 0 0 0 277 5 0 0 5 6 0 6 5 0 0 9 
124 24308 2 0 0 0 0 0 2 0 0 0 7 0 0 0 0 1 0 1 0 0 23140 0 0 0 0 1 0 1 0 0 0 0 0 0 0 0 6 0 1 0 0 18 0 0 0 0 0 11 0 0 0 0 0 0 0 0 1 0 0 0 0 1 2 0 16 0 0 0 119 0 0 1 3 0 0 12 4 27 0 0 0 0 0 0 0 8 7 2 2 0 0 0 0 1 29 0 0 0 0 0 0 0 0 0 0 0 0 0 0 0 0 0 0 0 0 0 0 0 0 5 107 1 8 1 0 0 0 0 0 0 0 0 7 4 0 0 0 0 0 0 1 1 0 0 0 0 0 0 1 41 1 0 29 0 30 0 0 0 0 0 0 13 15 0 0 0 0 0 0 0 1 0 0 0 0 2 0 0 0 2 0 0 0 0 0 0 0 0 0 7 5 1 4 0 0 0 4 0 0 282 45 0 0 0 0 0 0 0 1 2 2 0 0 0 0 0 0 0 0 0 0 0 0 0 0 0 4 0 0 0 0 0 0 2 0 0 2 0 2 0 157 15 0 0 7 10 0 1 7 0 0 29 
125 13261 0 1 0 0 0 0 2 0 0 0 5 0 0 0 0 0 0 0 0 0 12205 0 0 0 0 2 0 2 0 0 0 0 0 0 0 0 17 0 0 0 1 6 0 0 0 0 0 9 0 0 0 0 0 0 0 0 0 0 0 0 0 0 1 0 15 0 0 0 136 0 0 0 6 0 0 15 1 40 0 1 0 0 0 0 0 7 7 13 0 0 0 0 0 1 56 0 0 0 0 0 0 0 0 0 0 0 0 0 0 0 0 0 1 0 0 0 1 0 0 13 102 0 13 0 0 0 0 1 0 0 0 0 3 5 0 1 0 0 0 0 5 7 0 0 0 0 0 0 2 25 1 0 31 0 20 0 0 0 0 0 0 9 13 0 0 0 0 0 0 0 1 0 0 0 0 0 0 0 0 4 0 0 0 7 0 0 0 0 0 2 0 0 1 0 0 2 9 0 0 192 22 0 0 0 0 0 0 0 0 4 3 0 0 0 0 2 0 0 3 0 0 1 0 0 0 0 2 0 0 0 0 0 0 0 0 0 12 0 2 0 96 10 0 0 11 8 0 0 10 0 0 29 
126 7786 0 0 0 2 0 0 3 0 0 0 0 0 0 0 0 0 0 1 0 0 6443 0 0 0 0 4 0 0 0 0 0 0 2 0 0 0 1 0 1 0 0 16 0 0 0 1 0 28 0 0 0 0 0 0 0 0 0 0 0 0 0 0 1 0 4 0 0 0 601 0 0 0 2 0 0 3 2 37 0 5 0 1 0 0 1 5 1 17 0 0 0 0 0 0 75 0 0 0 0 0 1 0 0 0 0 0 0 0 0 0 0 0 0 0 0 0 0 0 0 6 51 0 20 0 0 0 0 1 0 0 0 0 3 4 0 0 0 0 0 0 2 5 0 0 0 0 0 0 8 8 4 0 15 0 23 0 0 0 0 0 0 5 18 0 0 0 0 0 0 0 6 0 0 0 0 0 0 0 0 1 1 0 1 11 0 0 0 1 0 4 1 1 2 0 0 5 5 0 1 114 5 0 0 0 0 0 0 0 0 18 4 0 0 0 0 0 0 0 2 0 0 0 0 0 0 0 4 0 0 0 0 0 0 0 0 0 22 0 2 0 51 3 3 0 10 10 0 2 12 1 0 24 
127 8446 0 0 0 0 0 0 1 0 0 1 1 0 0 0 0 0 0 1 0 0 6805 0 0 0 0 6 0 0 0 0 0 0 0 0 0 0 1 0 5 0 0 20 0 0 0 0 0 45 0 0 0 0 0 0 0 2 0 0 0 0 0 0 0 0 3 0 0 0 948 0 0 0 1 0 0 1 2 39 0 2 0 0 0 1 0 9 0 30 1 0 1 0 1 2 83 0 0 0 0 0 0 1 0 0 0 2 0 0 0 0 0 0 0 0 0 0 0 0 0 9 28 2 25 0 0 0 0 2 0 0 0 0 1 4 1 2 0 0 1 0 2 9 1 0 0 0 0 0 14 3 1 0 19 0 9 0 0 0 3 0 0 1 1 0 0 0 0 0 0 0 1 0 0 0 0 0 0 0 0 1 1 0 2 0 0 0 0 0 0 1 3 0 1 0 0 2 8 0 1 79 7 0 0 0 0 0 0 0 0 3 1 0 0 0 0 1 0 0 1 0 0 0 0 0 2 0 5 1 0 0 0 0 0 0 0 0 29 0 0 0 32 16 2 0 15 9 0 4 9 2 1 28 
128 20476 0 0 0 0 0 0 18 0 0 0 0 0 0 0 0 0 0 0 0 0 19017 4 0 0 0 3 0 0 0 0 0 0 1 0 0 0 3 0 4 0 0 17 0 0 0 0 0 48 1 0 0 0 0 1 0 1 0 0 2 0 0 1 0 0 1 0 0 0 780 0 0 0 2 1 0 0 1 35 0 3 0 0 0 0 0 10 1 37 0 0 0 0 0 0 100 0 0 0 0 0 1 0 0 0 0 0 0 0 0 0 1 0 0 0 0 0 0 0 0 7 18 1 33 0 0 0 0 1 0 0 0 0 0 14 1 1 0 0 0 0 5 5 0 0 0 0 0 0 15 2 2 0 1 0 9 0 0 0 0 0 0 2 1 0 0 0 0 0 0 0 4 0 0 0 0 0 0 0 3 4 1 0 0 1 0 0 0 0 0 2 4 0 0 0 0 1 13 0 0 33 8 0 0 0 0 0 0 0 0 6 0 0 0 0 0 0 0 0 1 0 0 0 0 0 1 0 0 0 0 0 0 0 0 0 0 0 27 0 2 0 26 11 1 0 14 13 1 16 8 0 0 32 
129 27662 0 0 0 0 1 0 11 0 0 0 2 0 0 0 0 0 0 0 0 0 25978 0 0 0 0 2 0 0 1 0 0 0 0 0 0 0 0 0 5 0 0 20 0 0 0 0 0 48 0 0 0 0 0 1 0 1 0 0 0 0 1 0 0 0 1 0 0 0 923 0 0 0 0 0 0 2 0 46 0 0 0 0 0 0 1 14 1 41 0 0 0 0 0 3 93 0 1 0 0 0 0 0 0 0 0 0 0 0 0 0 1 0 0 0 0 0 0 0 0 9 6 5 45 1 0 0 0 2 0 0 0 0 0 8 0 1 0 0 0 0 6 8 1 0 0 0 0 0 16 3 4 0 5 0 8 0 0 0 2 1 0 2 11 0 0 0 0 0 0 0 1 0 0 0 0 0 0 0 0 6 0 0 0 1 0 0 0 1 0 0 8 0 1 0 0 12 13 0 1 58 2 0 3 0 0 0 0 2 0 8 5 0 0 0 0 5 0 1 3 0 0 0 0 0 1 0 5 0 0 0 0 0 0 2 0 0 25 0 2 0 28 13 3 0 14 8 0 6 10 2 2 38 
130 29883 0 0 0 1 0 0 8 0 0 0 0 0 0 1 0 0 0 0 0 0 28021 0 0 0 0 4 0 1 0 0 0 0 2 0 0 0 0 0 1 0 0 27 0 0 0 0 0 39 0 0 0 0 0 1 0 0 1 0 1 0 0 1 0 0 6 0 0 0 976 0 0 0 3 0 0 4 4 38 0 2 0 0 0 0 2 23 0 43 0 0 0 0 1 2 93 0 1 0 0 0 0 0 0 0 0 0 0 0 0 0 0 0 0 0 0 0 0 0 0 6 12 5 53 0 0 0 0 2 0 0 0 0 0 7 2 1 0 0 0 0 4 5 0 0 0 0 0 0 14 7 0 0 22 0 4 0 1 0 3 1 0 1 16 0 1 0 0 0 0 0 4 0 0 0 0 0 0 0 1 6 1 0 1 0 0 0 0 0 0 0 6 0 5 0 0 5 23 0 0 118 7 0 0 0 0 0 0 0 0 5 2 0 0 0 0 0 0 1 5 0 0 0 0 0 0 0 4 0 0 0 0 0 0 0 0 0 31 0 1 0 52 19 0 0 6 10 0 16 17 0 1 41 
131 33849 1 1 0 2 0 0 7 0 0 0 0 0 0 0 0 0 0 0 0 0 31828 0 0 0 0 4 0 0 0 0 0 0 1 0 0 0 0 0 7 0 0 19 0 0 0 0 0 62 0 0 0 0 0 0 0 0 0 0 1 0 0 0 0 0 7 0 0 0 1015 0 1 1 0 0 0 1 0 30 0 0 0 0 0 0 2 14 5 42 0 0 1 0 0 0 104 0 1 0 0 1 0 0 0 0 0 0 0 0 0 1 0 0 0 0 0 0 0 0 0 11 11 9 50 0 0 0 0 0 0 0 0 1 1 15 2 1 0 0 0 0 3 2 0 0 0 0 0 0 10 18 0 0 28 0 12 0 0 1 8 0 0 0 23 0 0 0 0 0 0 0 0 0 0 0 1 0 0 0 0 6 0 0 1 3 0 0 0 0 0 1 5 0 4 0 0 3 24 0 3 135 9 0 0 1 0 0 0 4 0 6 2 0 0 0 1 2 0 0 9 0 0 0 0 2 0 0 3 0 0 0 0 0 1 0 1 0 31 0 0 0 118 4 1 0 16 4 0 17 3 0 2 38 
132 36799 0 0 0 0 1 0 8 0 0 0 1 0 0 1 0 0 0 0 0 0 34731 0 0 0 0 4 0 1 0 0 0 0 0 0 0 0 1 0 5 0 0 21 0 0 0 0 0 50 0 0 0 3 0 0 0 1 0 0 1 0 1 0 0 0 6 0 0 0 1021 0 0 0 0 0 0 5 1 29 0 3 0 0 0 0 1 10 4 42 0 0 0 0 0 1 131 0 0 0 0 0 0 1 0 0 0 1 0 0 0 1 2 0 1 0 0 0 0 0 0 12 31 1 33 0 0 0 0 1 0 0 0 0 0 13 0 1 0 0 0 0 4 0 0 0 0 0 0 0 6 18 1 0 29 0 20 1 0 2 3 0 0 1 17 0 1 0 0 0 0 0 6 0 0 0 0 0 0 0 0 2 0 0 2 5 0 0 0 0 0 0 4 1 1 0 0 7 10 0 0 204 12 0 0 0 0 0 0 0 0 5 0 0 1 0 0 1 0 0 2 0 0 0 0 0 1 0 4 0 0 0 0 0 0 0 0 0 21 0 0 0 115 13 2 0 15 7 0 18 5 0 0 27 
133 39497 0 0 0 1 1 0 8 0 0 0 1 0 0 0 0 0 0 0 0 0 37482 0 0 0 0 1 0 1 0 0 0 0 2 0 0 0 3 0 1 0 0 29 0 0 0 0 0 37 0 0 0 0 0 0 0 0 1 0 1 0 3 0 2 0 8 0 0 0 986 0 0 0 2 0 0 7 1 35 0 0 0 0 0 0 2 11 7 41 0 0 0 0 0 1 83 0 0 0 0 0 2 1 0 0 0 0 0 0 0 0 0 0 0 0 0 0 0 0 0 15 47 0 35 1 0 0 0 3 0 0 0 0 2 3 0 0 0 0 1 0 4 1 0 0 0 0 0 1 12 21 5 0 37 0 28 0 0 0 1 0 0 4 22 1 1 0 0 0 0 0 1 0 0 0 0 2 0 2 0 1 0 0 0 5 0 0 0 0 0 0 3 0 7 0 0 2 10 0 1 235 21 0 0 0 0 0 0 0 0 7 1 0 0 0 0 0 0 0 5 0 0 0 0 0 0 0 1 0 0 0 0 0 1 0 1 0 16 0 0 0 96 8 4 0 9 5 0 13 5 0 0 8 
134 43174 0 0 0 1 0 0 7 0 0 0 2 0 0 0 0 0 0 0 0 0 41319 0 0 0 0 2 0 1 0 0 0 0 0 0 0 0 2 0 3 0 0 7 0 0 0 0 0 44 0 0 0 0 0 0 0 0 0 0 0 0 0 1 1 0 10 0 0 0 757 0 0 0 2 0 0 9 2 32 0 2 0 0 0 0 3 15 7 29 0 0 0 0 0 0 131 0 0 0 0 0 1 0 0 0 0 1 1 0 0 0 0 0 0 0 0 0 0 0 1 10 53 1 49 0 0 0 0 2 0 0 0 0 3 9 0 0 0 0 0 0 4 1 0 0 0 0 0 0 5 25 0 0 22 0 31 0 0 1 0 1 0 7 22 0 0 0 0 0 0 0 1 0 0 0 1 0 0 0 0 7 0 0 2 11 0 0 0 0 0 0 5 0 3 0 0 7 9 0 0 230 20 0 0 0 0 0 0 2 0 3 8 0 1 0 0 0 0 0 4 0 0 0 0 0 0 0 2 0 0 0 0 0 0 1 1 0 9 0 1 0 99 6 0 0 10 6 2 30 9 1 0 26 
135 41979 0 0 0 1 0 0 0 0 0 0 0 0 0 0 0 2 0 1 0 0 40071 0 0 0 0 6 0 0 0 0 0 0 0 0 0 0 2 0 5 0 0 10 0 0 0 0 0 53 0 0 0 0 0 0 0 2 0 0 2 0 0 0 3 0 14 1 0 0 834 0 0 0 2 0 0 5 1 31 0 4 0 0 0 0 2 10 9 35 0 0 0 0 0 0 92 0 0 0 0 0 0 0 0 0 0 0 0 0 1 0 2 0 0 0 0 0 0 0 0 3 73 2 37 0 0 0 0 0 0 0 0 0 2 6 1 1 0 0 1 0 6 0 0 0 0 0 0 0 10 28 3 0 10 0 21 0 0 0 2 0 0 2 16 0 0 0 0 0 0 0 4 0 0 0 0 0 0 0 0 1 0 0 0 8 0 0 0 2 0 5 3 0 6 0 0 4 19 0 2 256 16 0 0 0 0 0 0 1 0 5 0 0 0 0 0 1 0 0 5 0 0 0 0 0 0 1 2 0 0 0 0 0 0 1 0 0 12 0 0 0 101 11 0 0 12 8 0 20 6 0 1 25 
136 37908 0 0 0 0 0 0 3 0 0 0 0 0 0 0 0 1 0 1 0 0 35662 4 0 0 0 3 0 0 1 0 0 0 3 0 0 0 2 0 6 0 0 8 0 0 0 1 0 46 0 0 0 0 0 1 0 1 1 0 0 0 3 0 0 0 21 0 0 0 1015 0 0 0 3 0 0 7 0 28 0 7 0 2 0 0 0 16 6 38 0 0 1 0 0 0 112 0 0 0 0 0 1 2 0 0 0 0 0 0 0 0 0 0 0 0 0 0 0 0 1 13 48 0 44 1 0 0 0 3 0 0 0 0 2 9 3 3 0 0 0 0 4 1 0 0 0 0 1 0 14 32 2 1 30 0 26 0 0 1 3 0 0 2 15 0 1 0 0 0 0 0 1 0 0 0 0 1 0 0 0 3 0 0 0 17 0 0 0 0 0 2 3 0 2 0 0 6 24 0 0 258 50 0 0 0 0 0 0 1 0 8 0 0 1 0 0 1 0 0 5 0 0 0 0 0 0 0 8 2 0 0 0 0 0 0 1 0 25 0 1 0 122 5 1 0 12 5 0 19 5 0 1 22 
137 36362 0 0 0 3 0 0 3 0 0 0 5 0 0 0 0 2 0 0 0 0 33849 0 0 0 0 5 0 0 1 0 0 0 0 0 0 0 2 0 0 0 0 8 0 0 1 0 0 55 0 0 0 0 0 3 0 2 0 0 0 0 0 0 2 0 13 0 0 0 1361 0 0 0 3 1 0 6 1 18 0 4 0 0 0 1 1 14 3 42 0 0 0 1 0 2 103 0 0 0 1 0 0 0 0 0 0 0 1 0 0 0 1 0 0 0 0 0 0 0 0 6 74 1 64 0 0 0 0 3 0 0 0 0 1 11 3 0 0 0 0 0 3 9 0 0 0 0 0 1 8 22 4 0 26 0 28 0 0 0 3 0 0 3 16 0 1 1 0 0 0 0 2 0 0 0 0 2 0 0 0 5 0 0 0 3 0 0 0 0 0 4 3 0 4 0 0 1 15 0 2 226 45 0 0 0 0 0 0 0 0 7 0 0 0 0 0 0 0 0 4 0 0 0 0 0 0 0 3 0 0 0 0 0 0 0 0 0 26 0 1 0 113 3 3 0 10 5 0 16 2 0 1 24 
138 38079 0 1 0 0 0 0 8 0 0 0 5 0 0 0 0 3 0 1 0 0 34949 5 0 0 0 2 0 2 0 0 0 0 0 0 0 0 6 0 1 0 0 2 0 0 0 0 0 85 0 1 0 0 0 1 1 2 0 0 2 0 13 0 0 0 14 0 0 0 1864 0 0 1 2 0 0 3 1 14 0 9 0 0 0 0 1 22 5 38 0 0 0 0 0 3 103 0 0 0 0 0 0 0 0 0 0 0 0 0 0 1 0 0 0 0 0 0 0 0 1 2 67 0 61 0 0 0 0 0 0 0 0 0 0 9 2 0 0 0 0 0 4 6 0 0 0 0 1 0 13 30 2 0 21 0 21 0 0 2 2 0 0 3 37 0 0 1 0 0 0 0 3 0 0 0 0 0 0 0 0 4 0 0 1 6 0 0 0 0 0 0 4 2 5 0 0 1 18 0 0 291 34 0 0 0 0 0 0 0 0 6 0 0 0 0 0 2 0 0 1 0 0 0 0 0 0 0 5 1 0 0 0 0 0 0 0 0 42 0 1 0 105 4 2 0 10 3 0 14 4 1 1 34 
139 43699 0 0 0 2 0 0 6 0 0 0 3 0 0 0 0 0 0 1 0 0 40135 2 0 0 0 5 0 1 1 0 0 0 2 0 0 0 6 0 4 0 0 1 0 0 0 0 0 64 0 1 0 0 0 5 2 0 0 0 1 0 2 0 1 0 15 0 0 0 2260 0 0 0 0 0 0 12 1 4 0 0 0 0 0 0 2 14 5 44 0 0 0 1 2 1 150 0 0 0 0 0 1 0 0 0 1 1 0 0 0 0 3 0 0 0 0 0 0 0 0 3 71 2 70 0 0 0 0 2 0 0 0 0 2 17 4 0 0 0 0 0 3 2 1 0 0 0 1 0 16 24 0 0 15 0 30 0 0 0 2 0 0 4 16 0 1 0 0 0 0 0 4 0 0 0 0 1 0 0 0 0 1 0 2 17 0 0 0 0 0 0 4 0 9 0 0 6 29 0 0 277 32 0 0 0 0 0 0 0 0 9 1 0 0 0 0 2 0 0 2 0 0 0 0 0 0 0 3 2 0 0 0 0 0 0 0 0 54 0 1 0 101 7 3 0 10 5 0 17 4 1 0 31 
140 49605 2 0 0 8 0 1 10 0 0 0 2 2 0 0 0 2 0 0 0 0 45598 1 0 0 0 4 0 4 5 0 0 0 1 0 0 0 9 0 4 0 1 9 0 0 0 0 0 76 0 0 0 0 0 4 0 0 2 0 0 0 3 0 0 0 14 0 0 0 2606 0 0 0 0 0 0 4 1 6 0 2 0 0 0 0 3 19 10 43 1 0 0 0 0 2 168 0 0 0 0 0 0 0 0 0 0 0 0 0 0 0 0 0 1 0 0 0 0 0 0 1 47 4 89 2 0 0 0 0 0 0 0 0 3 21 3 0 0 0 0 0 10 2 0 0 0 0 0 0 31 23 1 1 21 0 35 0 0 1 1 0 0 6 20 2 1 1 0 0 0 0 0 0 0 0 0 1 0 0 0 1 0 0 0 22 0 0 0 0 0 0 2 0 8 0 0 11 29 0 0 247 28 0 0 0 0 0 0 0 3 13 0 0 0 0 0 7 0 0 1 0 0 0 0 1 0 0 9 0 0 0 0 0 0 0 0 0 39 0 1 0 136 2 1 0 3 6 0 17 5 2 2 30 
141 55162 1 1 0 4 0 0 13 0 0 0 2 0 0 0 0 0 0 0 0 0 51209 2 0 4 0 0 0 1 1 0 0 0 2 0 0 0 3 0 3 0 1 13 0 0 0 0 0 103 0 0 0 0 0 7 1 0 0 0 0 0 2 0 0 0 8 0 0 0 2598 0 0 1 1 0 0 8 0 8 0 6 0 0 0 0 1 8 23 33 1 0 0 0 0 0 125 0 0 0 0 0 1 0 0 0 0 0 0 0 1 0 0 0 0 0 0 0 1 0 0 1 70 3 88 1 0 0 0 0 0 0 0 0 0 13 3 1 0 0 0 0 7 6 0 0 0 0 0 1 17 22 1 1 30 0 16 0 0 1 9 0 0 2 17 1 0 0 0 0 0 0 1 0 0 0 0 0 0 0 0 1 0 0 1 18 0 0 0 0 0 0 2 0 5 0 0 3 30 0 1 251 21 0 0 0 0 0 0 0 0 4 0 0 0 0 0 0 0 0 0 0 0 0 0 0 0 0 5 1 0 0 0 0 0 0 0 0 42 0 1 0 178 7 0 0 3 5 0 16 2 0 2 33 
142 61862 0 0 0 2 0 0 1 0 0 0 5 0 0 0 0 2 0 0 0 0 58446 3 0 2 0 4 0 0 0 0 0 0 1 0 0 0 2 0 2 0 0 20 0 0 0 0 0 80 0 1 0 0 0 2 0 0 0 0 0 0 1 0 0 0 10 0 0 0 2065 0 0 1 1 0 0 12 4 10 0 4 0 1 0 0 1 8 7 38 0 0 0 0 0 2 101 0 1 0 0 0 0 0 0 0 1 0 0 0 1 0 0 0 0 0 0 0 0 0 0 1 54 1 61 0 0 0 0 0 0 0 0 0 1 2 6 1 0 0 0 0 6 5 0 0 0 0 0 0 14 25 1 0 26 0 24 0 0 1 9 0 0 5 26 0 0 0 0 0 0 0 0 0 0 0 0 1 0 0 0 7 0 0 1 23 0 0 0 0 0 0 1 1 9 0 0 2 20 0 1 245 41 0 0 0 0 0 0 1 0 6 0 0 0 0 0 9 0 0 2 0 0 1 0 0 0 0 1 1 0 0 0 0 0 0 0 0 54 0 1 0 252 4 0 0 1 11 1 21 5 1 1 8 
143 68464 0 0 0 0 0 0 2 1 0 0 7 0 0 0 0 2 0 0 0 0 65898 6 0 0 0 1 0 1 1 0 0 0 1 0 0 0 2 0 0 0 1 11 0 0 0 0 0 99 0 0 0 0 0 1 0 0 2 0 0 0 2 0 2 0 28 0 0 0 1347 0 0 0 3 0 0 9 1 11 0 3 0 0 0 0 4 2 5 28 0 1 0 0 0 1 67 0 0 0 0 0 2 1 0 0 0 0 0 0 0 0 0 0 0 0 0 0 0 0 0 1 61 2 59 2 0 0 0 1 0 0 0 0 2 5 5 1 2 0 0 0 1 1 0 0 0 0 0 0 16 33 3 0 25 0 35 0 0 3 4 0 0 4 20 0 0 0 0 0 0 1 0 0 0 0 1 2 0 0 2 2 0 0 0 1 0 0 0 0 0 2 5 1 4 0 0 10 6 0 0 263 31 0 0 0 0 0 0 0 0 0 3 0 0 0 1 3 0 0 2 0 0 0 0 0 0 0 0 0 0 0 0 0 0 1 0 0 16 0 1 0 202 7 1 0 6 3 0 9 15 0 2 1 
144 76202 1 0 0 0 0 0 3 0 0 0 7 0 0 1 0 3 0 1 0 0 74150 3 0 0 0 2 0 1 1 0 0 0 0 0 0 0 4 0 1 0 0 19 0 0 0 0 0 48 0 0 0 1 0 1 0 0 0 0 0 0 1 0 1 0 28 0 0 0 849 0 0 0 11 0 0 14 0 12 0 1 0 0 0 0 0 8 9 21 0 0 0 0 0 2 41 0 0 0 0 0 5 0 0 0 0 0 0 0 0 0 1 0 0 0 0 0 0 0 0 3 75 2 38 0 0 0 0 0 0 0 0 0 2 4 2 1 0 0 0 0 2 3 0 0 0 0 0 2 3 26 0 0 39 0 30 0 0 0 1 0 0 7 28 0 0 0 0 0 0 0 0 0 0 0 0 1 0 0 0 1 0 0 0 0 0 0 0 0 0 3 3 0 3 0 0 1 5 0 1 293 45 0 0 0 0 0 0 0 1 0 0 0 0 0 0 0 0 0 1 0 0 0 0 1 0 0 1 0 0 0 0 0 0 0 0 0 13 0 0 0 249 6 0 0 2 11 0 10 2 0 1 0 
145 55058 0 0 0 0 0 1 0 0 0 0 3 0 0 0 0 1 0 0 0 0 53674 0 0 0 0 4 0 0 1 0 0 0 0 0 0 0 2 0 0 0 1 22 0 0 0 0 0 16 0 0 0 0 0 0 0 0 0 0 0 0 1 0 0 0 22 0 0 0 482 0 0 0 5 0 0 10 1 18 0 2 0 0 0 0 1 0 5 8 0 0 0 0 0 0 18 0 0 0 0 0 0 0 0 0 0 1 0 0 0 0 0 0 0 0 0 0 0 0 0 2 45 0 28 0 0 0 0 0 0 0 0 0 1 0 0 1 0 0 0 0 1 1 0 0 0 0 0 0 3 28 0 0 27 0 17 0 0 0 0 0 0 3 28 0 0 0 0 0 0 0 0 0 0 0 0 1 0 0 0 0 0 0 0 1 0 0 0 0 0 0 5 0 4 0 0 4 5 0 0 239 38 0 0 0 0 0 0 0 0 0 1 0 0 0 0 0 0 0 0 0 0 0 0 0 0 0 3 0 0 0 0 0 0 0 0 0 7 0 0 0 226 10 2 0 1 9 0 3 5 0 1 0 
146 68310 0 0 0 0 0 0 1 0 0 0 9 0 0 0 0 1 0 0 0 0 66634 0 0 0 0 1 0 0 0 0 0 0 0 0 0 0 3 0 0 0 0 12 0 0 0 0 0 21 0 0 0 0 0 0 0 0 0 0 0 0 0 0 2 0 23 0 0 0 401 0 0 0 2 0 0 10 1 22 0 1 0 0 0 0 0 0 7 5 0 0 0 0 0 0 40 0 0 0 0 0 3 0 0 0 0 0 0 0 0 0 0 0 0 0 0 0 0 0 0 8 81 0 15 3 0 0 0 2 0 0 0 0 3 1 3 0 0 0 0 0 0 3 0 0 0 0 0 0 5 54 1 0 35 0 33 0 0 0 0 0 0 6 27 0 0 0 0 0 0 0 0 0 0 0 0 4 0 0 0 1 0 0 0 0 0 0 0 1 0 0 3 0 10 0 0 6 2 0 0 323 46 0 0 0 0 0 0 1 0 0 4 0 0 0 0 0 0 0 6 0 0 0 0 0 0 0 2 0 0 0 0 0 0 1 0 0 3 0 0 0 363 4 0 0 7 7 0 5 4 0 1 6 
147 39314 0 0 0 0 0 0 0 0 0 0 5 0 0 0 0 1 0 1 0 0 37851 0 0 0 0 1 0 0 0 0 0 0 1 0 0 0 5 0 0 0 0 19 0 0 1 0 0 20 0 0 0 0 0 0 0 0 0 0 0 0 0 0 11 0 23 0 0 0 247 0 0 0 5 0 0 31 0 26 0 0 0 0 0 0 0 3 22 1 0 0 0 0 0 0 15 0 0 0 1 0 0 0 0 0 0 0 0 0 0 0 0 0 0 1 0 0 0 0 0 3 101 0 14 3 0 0 0 1 0 0 0 0 14 4 0 0 0 0 0 0 1 0 0 0 0 0 0 0 0 51 1 0 18 0 40 0 0 0 0 0 0 17 18 1 0 0 0 0 0 0 2 0 0 0 0 0 0 0 0 0 0 0 0 0 0 0 0 1 0 5 8 0 9 0 0 7 3 0 1 366 41 0 0 1 0 0 0 0 0 1 5 0 0 0 0 0 0 0 1 0 0 0 0 0 0 0 2 0 0 0 0 0 0 0 0 0 2 0 3 0 224 12 0 0 3 6 0 1 5 0 0 9 
148 21088 1 0 0 0 0 0 1 0 0 0 3 0 0 0 0 1 0 2 0 0 20051 0 0 0 0 1 0 0 0 0 0 0 0 0 0 0 2 0 0 0 0 16 0 0 0 0 0 11 0 0 0 0 0 0 0 0 0 0 0 0 0 1 1 0 19 0 0 0 155 0 1 0 1 0 0 9 0 32 0 0 0 0 0 0 0 4 10 1 0 0 0 0 1 1 10 0 0 0 0 0 1 0 0 0 0 0 1 0 0 0 0 0 0 0 0 0 0 0 0 4 100 3 4 0 0 0 0 0 0 0 0 0 4 1 0 0 0 0 0 0 1 1 0 0 0 0 0 0 3 28 1 0 27 0 38 0 0 0 1 0 0 4 23 0 0 0 0 0 0 0 1 0 0 0 0 0 0 0 0 0 0 0 0 7 0 0 0 0 0 0 2 0 0 0 0 2 2 0 0 238 28 0 0 0 0 0 0 1 0 0 12 0 0 0 0 3 0 0 3 0 0 0 0 1 0 0 1 0 0 0 0 0 0 0 0 0 1 0 0 0 134 11 0 0 7 13 0 0 5 0 0 15 
149 2737 0 0 0 0 0 0 0 0 0 0 0 0 0 0 0 0 0 1 0 0 2526 0 0 0 0 1 0 0 0 0 0 0 0 0 0 0 0 0 0 0 0 3 0 0 0 0 0 1 0 0 0 0 0 0 0 0 0 0 0 0 0 0 1 0 1 0 0 0 24 0 0 0 1 0 0 1 0 10 0 0 0 0 0 0 0 2 3 0 0 0 0 0 0 0 4 0 0 0 0 0 0 0 0 0 0 0 0 0 0 0 0 0 0 0 0 0 0 0 0 0 20 1 2 0 0 0 0 0 0 0 0 0 0 0 0 0 0 0 0 0 0 1 0 0 0 0 0 0 0 9 1 0 7 0 5 0 0 0 0 0 0 2 8 0 0 0 0 0 0 0 1 0 0 0 0 0 0 0 0 0 0 0 0 6 0 0 0 0 0 0 1 0 0 0 0 0 2 0 0 50 3 0 0 0 0 0 0 0 0 2 3 0 0 0 0 0 0 0 0 0 0 0 0 0 0 0 0 0 0 0 0 0 0 0 0 0 1 0 0 0 17 3 0 0 1 1 0 0 2 0 0 3 
150 4276 0 0 0 0 0 0 1 0 0 0 1 0 0 0 0 1 0 2 0 0 3706 0 0 0 0 3 0 0 0 0 0 0 0 0 0 0 1 0 2 0 0 9 0 0 0 0 0 6 0 0 0 0 0 1 1 0 0 0 0 0 0 0 0 0 2 0 0 0 179 0 0 0 0 0 0 3 2 24 0 1 0 0 0 0 0 9 2 5 0 0 0 0 0 1 19 0 0 0 0 0 0 0 0 0 0 0 0 0 0 0 3 0 0 0 0 0 0 0 0 3 40 1 11 0 0 0 0 0 0 0 0 0 2 0 3 0 0 0 0 0 3 2 0 0 0 0 0 0 3 5 0 0 6 0 7 0 0 0 1 0 0 1 1 0 0 0 0 0 0 0 0 0 0 0 0 0 0 0 0 0 0 0 1 4 0 0 0 0 0 3 1 0 1 0 0 2 7 0 1 74 12 0 0 0 0 0 0 0 0 3 1 0 0 0 0 0 0 0 1 0 0 0 0 0 0 0 0 0 0 0 0 0 0 0 1 0 12 0 0 0 30 7 1 0 6 2 0 0 3 0 0 17 
151 590 0 0 0 0 0 0 1 0 0 0 0 0 0 0 0 0 0 1 0 0 433 0 0 0 0 0 0 0 0 0 0 0 0 0 0 0 0 0 1 0 0 0 0 0 0 0 0 1 0 0 0 0 0 0 0 0 0 0 1 0 1 0 0 0 1 0 0 0 102 0 0 0 0 0 0 0 0 1 0 0 0 0 0 0 0 2 0 2 0 0 0 0 0 0 4 0 0 0 0 0 0 0 0 0 0 0 0 0 0 0 0 0 0 0 0 0 0 0 0 3 4 0 3 0 0 0 0 0 0 0 0 0 1 0 0 1 0 0 0 0 0 0 0 0 0 0 0 0 2 0 1 0 1 0 2 0 0 0 0 0 0 0 0 0 0 0 0 0 0 0 0 0 0 0 0 0 0 0 0 0 0 0 0 0 0 0 0 0 0 0 0 0 0 0 0 0 0 0 0 7 1 0 0 0 0 0 0 0 0 0 0 0 0 0 0 0 0 0 0 0 0 0 0 0 0 0 0 0 0 0 0 0 0 0 0 0 5 0 0 0 3 1 0 0 1 1 0 0 0 0 0 1 
152 9738 0 1 0 1 0 0 3 0 0 0 1 0 0 0 0 0 0 1 0 0 9087 1 0 0 0 2 0 1 0 0 0 0 1 0 0 0 0 0 4 0 0 9 0 0 0 0 0 19 0 0 0 0 1 0 0 0 1 0 0 0 0 0 0 0 0 0 0 0 331 0 0 0 0 0 0 0 0 14 0 0 0 0 0 0 1 10 2 14 0 0 0 0 1 1 42 0 0 0 0 0 0 0 0 0 0 0 0 0 0 0 0 0 0 0 0 0 0 0 0 3 4 1 10 0 0 0 0 0 0 0 0 0 0 9 2 0 0 0 0 0 7 1 0 0 0 0 0 0 6 2 2 0 1 0 2 0 0 0 0 0 0 0 4 0 0 0 0 0 0 0 2 0 0 0 0 0 0 0 0 1 0 0 0 0 0 0 0 0 0 1 0 0 0 0 0 6 21 0 1 24 3 0 0 0 0 0 0 2 0 1 2 0 0 0 0 2 0 0 0 0 0 0 0 0 0 0 1 0 0 0 0 0 0 0 0 0 14 0 2 0 6 3 0 0 1 3 0 5 5 0 0 20 
153 13883 0 0 0 0 0 0 1 0 0 0 1 0 0 0 0 0 0 1 0 0 13027 0 0 1 0 0 0 0 0 0 0 0 0 0 0 0 0 0 1 1 0 15 0 0 0 0 0 24 0 0 0 0 0 1 0 0 0 0 0 0 1 1 0 0 3 0 0 0 441 0 0 0 0 0 0 0 0 10 0 2 0 0 0 0 0 8 0 23 0 0 0 0 0 0 57 0 0 0 0 0 0 0 0 0 0 0 0 0 0 0 0 0 0 0 0 0 0 0 0 6 4 1 36 0 0 0 0 1 0 0 0 0 0 3 0 2 0 0 0 0 0 2 0 0 0 0 0 0 10 4 2 0 1 0 9 0 0 1 0 0 0 0 12 0 4 0 0 0 0 0 1 0 0 0 0 0 0 0 1 0 0 0 1 1 0 0 0 0 0 0 0 1 0 0 0 1 0 0 0 19 4 0 0 0 0 0 0 1 0 3 11 0 0 0 0 0 0 0 1 0 0 0 0 0 0 0 1 0 0 0 0 0 0 0 0 0 17 0 0 1 15 6 0 0 11 1 0 14 6 0 0 35 
154 14990 0 0 0 0 0 0 3 0 0 0 1 0 0 0 0 0 0 0 0 0 14027 0 0 0 0 1 0 0 0 0 0 0 0 0 0 0 0 0 0 0 0 9 0 0 0 0 0 24 0 0 0 0 0 0 0 0 0 0 0 1 1 0 0 0 6 0 0 0 521 0 0 0 1 0 0 0 1 20 0 0 0 0 0 0 1 11 0 14 0 0 0 0 0 1 57 0 0 0 0 0 1 0 0 0 0 0 0 0 0 0 0 0 0 0 0 0 0 0 0 6 4 1 37 0 0 0 0 0 0 0 0 0 0 1 1 1 4 0 0 0 1 5 0 0 0 0 0 0 16 2 2 0 9 0 1 0 0 1 0 0 0 0 10 0 0 0 0 0 0 0 0 0 0 0 0 0 0 0 0 1 0 0 0 0 0 0 0 0 0 1 1 0 1 0 0 3 16 0 0 37 5 0 0 0 0 0 0 1 0 2 3 0 0 0 0 0 0 0 1 0 0 0 1 0 0 0 4 2 0 0 0 0 0 0 1 0 8 0 1 1 31 7 4 0 13 1 0 1 4 2 0 24 
155 17266 0 0 0 0 0 0 2 0 0 0 0 0 0 0 0 0 0 2 0 0 16233 0 0 0 0 4 0 0 0 0 0 0 0 0 0 0 0 0 1 0 0 10 0 0 0 0 0 28 0 0 0 0 0 1 0 0 0 0 2 0 0 0 0 0 15 0 0 0 507 0 0 0 0 0 0 3 2 20 0 0 0 0 0 0 0 2 3 25 0 0 0 0 0 0 59 0 0 0 0 0 0 0 0 1 0 0 0 0 1 0 0 0 0 0 0 0 0 0 1 3 12 2 24 0 0 0 0 1 0 0 0 0 0 3 1 0 0 0 0 0 1 13 0 0 0 0 0 1 4 10 2 0 13 0 6 0 0 1 0 0 0 3 13 0 0 0 0 0 0 0 1 0 0 0 0 0 0 0 2 0 0 0 1 22 0 0 0 1 0 2 2 0 3 0 0 2 6 0 0 63 7 0 0 0 0 0 0 3 0 0 1 0 0 0 0 0 0 0 0 0 0 0 0 0 0 0 0 0 0 0 0 0 0 0 0 0 19 0 1 0 34 9 1 0 3 3 0 5 4 1 1 18 
156 18829 0 0 0 3 0 0 1 0 0 0 0 0 0 0 0 0 0 0 0 0 17738 0 0 0 0 3 0 0 1 0 0 0 0 0 0 0 0 0 1 0 0 6 0 0 0 0 0 25 0 0 0 0 0 0 0 0 0 0 0 0 1 0 0 0 8 0 0 0 578 0 0 0 1 0 0 6 1 15 0 1 0 0 0 0 0 3 5 13 0 0 0 0 0 1 64 0 0 0 0 0 1 0 0 0 0 0 0 0 0 0 1 0 0 0 0 0 0 0 0 1 12 0 24 0 0 0 0 1 0 0 0 0 1 7 1 0 0 0 0 0 1 0 0 0 0 0 1 0 6 12 1 0 12 0 13 0 1 0 0 0 0 1 10 0 2 0 0 0 0 0 0 0 0 0 0 0 0 0 0 0 0 0 0 4 0 0 0 0 0 3 1 1 2 0 0 10 4 0 0 103 5 0 0 0 0 0 0 3 0 5 0 0 0 0 0 0 0 0 0 0 0 0 0 0 0 0 0 0 0 0 0 0 1 0 0 0 11 0 0 0 33 3 4 0 6 2 1 8 4 1 0 11 
157 20887 0 0 1 1 0 0 2 0 0 0 0 0 0 0 0 0 0 0 0 0 19757 0 0 0 0 3 0 0 0 0 0 0 3 0 0 0 0 0 2 0 0 10 0 0 0 0 0 25 0 0 0 0 1 0 0 0 0 0 0 0 1 0 0 0 5 0 0 0 561 0 0 0 1 0 0 4 1 23 0 1 0 0 0 0 0 6 7 18 0 0 0 0 0 1 62 0 0 0 0 0 0 0 0 0 0 0 0 0 0 0 0 0 0 0 0 0 0 0 0 4 18 5 22 2 0 0 0 1 0 0 0 0 1 0 1 0 0 0 0 0 0 0 0 0 0 0 0 0 6 22 0 0 10 0 14 0 0 0 0 0 0 1 7 0 0 0 0 0 0 0 1 0 0 0 0 2 0 1 0 1 0 0 0 7 0 0 0 0 0 2 0 0 0 0 0 4 9 0 2 96 12 0 0 0 0 0 0 1 0 6 3 0 0 0 0 2 0 0 0 0 0 0 0 0 0 0 2 0 0 0 0 0 0 0 1 0 30 0 2 0 46 10 1 0 3 3 0 7 2 0 0 11 
158 21024 0 0 0 0 0 0 3 0 0 1 1 0 0 0 0 0 0 0 0 0 19990 0 0 0 0 3 0 0 0 0 0 0 0 0 0 0 2 0 1 0 0 6 0 0 0 0 0 23 0 0 0 0 0 1 0 0 0 0 0 0 1 0 2 0 6 0 0 0 491 0 0 1 2 0 0 8 0 23 0 0 0 0 0 0 1 5 5 9 0 0 0 0 0 0 41 0 0 0 0 0 0 0 0 0 0 0 0 0 0 0 0 0 0 0 0 0 0 0 0 3 39 0 27 0 0 0 0 0 0 0 0 0 1 1 0 0 0 0 0 0 0 0 0 0 0 0 0 0 6 17 1 0 8 0 20 1 0 0 2 0 0 2 16 2 0 0 0 0 0 0 1 0 0 0 0 1 0 0 0 3 2 0 0 0 0 0 0 0 0 0 1 0 1 0 0 2 8 0 0 98 9 0 0 0 0 0 0 2 0 5 0 0 0 0 0 2 0 0 3 0 0 0 0 0 0 0 0 0 0 0 0 0 0 0 0 0 7 0 0 0 40 4 0 0 4 4 0 31 4 0 0 7 
159 21143 0 0 0 3 0 0 0 0 0 0 3 0 0 0 0 0 0 0 0 0 20066 0 0 0 0 0 0 0 2 0 0 0 0 0 0 0 2 0 1 0 0 5 0 0 0 0 0 28 0 0 0 0 1 0 0 0 0 0 0 1 0 0 0 0 5 0 0 0 473 0 0 0 2 0 0 8 0 16 0 1 0 0 0 0 0 6 3 18 0 0 1 0 0 0 40 0 1 0 0 0 0 0 0 0 0 0 0 0 0 0 0 0 0 0 0 0 0 0 0 5 36 1 30 0 0 0 0 2 0 0 0 0 0 3 1 0 0 0 0 0 1 0 0 0 0 0 0 0 3 22 3 0 15 0 11 0 0 0 0 0 0 3 15 0 0 0 0 0 0 0 1 0 0 0 0 0 0 0 0 2 0 0 1 7 0 0 0 0 0 2 6 0 3 0 0 1 4 0 0 119 15 0 0 0 0 0 0 0 0 6 2 0 0 0 0 3 0 0 0 0 0 0 0 0 0 0 2 0 0 0 0 0 0 0 0 0 9 0 0 0 53 2 1 0 9 1 0 36 7 0 0 7 
160 19356 0 0 0 0 0 0 3 0 0 0 1 0 0 0 1 0 0 0 0 0 18146 1 0 0 0 3 0 1 0 0 0 0 1 0 0 0 0 0 0 0 0 3 0 0 0 0 0 28 0 0 0 0 0 0 0 0 0 0 1 0 0 0 1 0 6 0 0 0 608 0 0 0 1 0 0 2 2 8 0 1 0 0 0 0 0 11 1 12 0 0 0 0 0 0 42 0 0 0 1 0 0 2 0 0 0 0 0 0 0 0 0 0 0 0 0 0 0 0 0 8 35 0 42 0 0 0 0 0 0 0 0 0 2 5 3 0 0 0 0 0 1 0 0 0 0 0 0 0 6 10 3 0 10 0 18 0 0 1 2 0 0 1 14 0 0 0 0 0 0 0 2 0 0 0 0 0 0 0 0 1 0 1 0 6 0 0 0 0 0 0 1 0 0 0 0 0 9 0 1 126 14 0 0 0 0 0 0 0 0 4 0 0 0 0 0 0 0 0 5 0 0 0 0 0 0 0 1 0 0 0 0 0 0 0 0 0 13 0 0 0 71 1 0 0 9 3 0 10 4 2 0 11 
161 18052 0 0 0 0 0 0 0 0 0 0 2 0 0 0 0 1 0 0 0 0 16610 0 0 1 0 4 0 0 1 0 0 0 0 0 0 0 4 0 0 0 0 3 0 0 0 0 0 22 0 0 0 0 0 1 0 2 0 0 0 0 0 0 1 0 5 0 0 0 771 0 0 0 4 0 0 4 1 2 0 1 0 0 0 0 1 13 7 14 0 0 0 0 0 2 97 0 0 0 0 0 2 0 0 0 0 0 0 0 0 0 0 0 0 0 0 0 0 0 0 1 31 1 26 0 0 0 0 2 0 0 0 0 0 2 0 1 0 0 0 0 1 1 0 0 0 0 1 0 8 12 1 0 13 0 13 0 0 2 1 0 0 1 15 0 0 0 0 0 0 0 3 0 0 0 0 0 0 0 0 0 1 0 0 4 0 0 0 0 0 0 1 0 4 0 0 4 8 0 0 122 18 0 0 0 0 0 0 0 0 12 0 0 0 0 0 0 0 0 1 0 0 0 0 0 0 0 2 0 0 0 0 0 0 0 0 0 17 0 0 0 112 0 1 0 5 1 0 3 3 0 0 12 
162 18828 0 0 0 0 0 0 4 0 0 0 0 0 0 0 0 2 0 1 0 0 17091 3 0 0 0 4 0 0 0 0 0 0 1 0 0 0 1 0 0 0 0 2 0 0 0 0 0 52 0 0 0 0 0 0 0 0 0 0 0 0 0 0 0 0 5 0 0 0 1107 0 0 0 0 0 0 2 0 2 0 1 0 0 0 0 0 12 4 18 0 0 0 0 2 0 64 0 0 0 0 0 0 2 0 0 0 0 0 0 1 0 0 0 0 0 0 0 0 0 1 0 26 5 34 0 0 0 0 0 0 0 0 0 1 1 3 0 0 0 0 0 2 2 0 0 0 0 0 0 7 11 6 0 11 0 16 0 0 1 4 0 0 1 8 0 0 0 0 0 0 0 2 0 0 0 0 0 0 0 0 1 0 0 0 0 0 0 0 0 0 0 4 0 1 0 0 3 16 0 0 102 15 0 0 0 0 0 0 0 0 10 1 0 0 0 0 0 0 0 2 0 0 0 0 0 0 0 5 0 0 0 0 0 0 0 0 0 16 0 0 0 85 0 1 0 4 5 0 8 0 0 0 17 
163 21464 0 0 0 0 0 0 1 0 0 0 3 0 0 0 0 0 0 0 0 0 19635 0 0 0 0 1 0 0 0 0 0 0 4 0 0 0 1 0 4 0 0 4 0 0 0 0 0 25 0 0 0 0 0 2 0 0 1 0 0 0 0 0 2 0 12 0 0 0 1220 0 0 0 1 0 0 7 0 3 0 2 0 0 0 0 2 7 5 23 0 0 0 0 0 2 82 0 0 0 0 0 1 0 0 0 0 0 0 0 2 0 1 0 0 0 0 0 0 0 1 1 32 1 26 1 0 0 0 1 0 0 0 0 1 5 0 0 0 0 0 0 1 0 0 0 0 0 0 0 4 15 0 0 14 0 7 0 0 0 0 2 0 5 13 0 0 0 0 0 0 0 2 0 0 0 0 0 0 0 0 1 0 0 0 1 0 0 0 1 0 0 3 0 3 0 0 2 10 0 0 112 22 0 0 0 0 0 0 0 0 2 0 0 0 0 0 0 0 0 1 0 0 0 0 0 0 0 2 0 0 0 0 0 0 0 0 0 17 0 1 0 54 0 1 0 3 1 0 6 1 0 0 23 
164 24523 0 0 0 2 0 0 6 0 0 0 1 0 0 0 0 0 0 1 0 0 22317 1 0 0 0 3 0 3 0 0 0 0 0 0 0 0 3 0 0 0 0 2 0 0 0 0 0 38 0 0 0 0 0 1 0 0 0 0 0 1 1 1 0 0 8 0 0 0 1531 0 0 0 2 0 0 6 1 4 0 2 0 0 0 0 1 7 7 38 0 0 0 0 0 1 66 0 0 0 0 0 0 0 0 0 0 0 0 0 0 0 1 0 0 0 0 0 0 0 0 0 40 1 37 0 0 0 0 1 0 0 0 0 1 9 0 1 0 0 0 0 6 1 0 0 0 0 2 0 0 14 0 0 13 0 12 0 0 2 0 1 0 3 9 1 0 0 0 0 0 0 2 0 0 0 0 0 0 0 0 1 1 0 2 1 0 0 0 0 0 0 3 0 0 0 0 4 26 0 0 125 12 0 0 0 0 0 0 0 0 3 0 0 0 0 0 4 0 0 1 0 0 0 0 0 0 0 3 0 0 0 0 0 0 0 0 0 22 0 2 0 52 3 0 0 2 1 0 15 2 0 1 12 
165 28955 0 1 0 1 0 0 3 0 0 0 0 0 0 0 0 0 0 1 0 0 26494 7 0 5 0 3 0 0 1 0 0 0 0 0 0 0 1 0 0 0 0 2 0 0 0 0 0 37 0 0 0 0 0 0 0 0 2 0 0 0 0 0 0 0 8 0 0 0 1696 0 0 0 0 0 0 5 1 6 0 4 0 0 0 0 0 3 9 20 0 0 0 0 0 1 99 0 1 0 0 0 0 0 0 0 0 0 0 0 0 0 0 0 0 0 0 0 0 0 0 0 28 2 51 0 0 0 0 0 0 0 0 0 1 7 0 0 0 0 0 0 2 1 0 0 0 0 0 0 8 5 1 2 26 0 15 0 0 1 0 0 0 3 21 0 2 1 0 0 0 0 1 0 0 0 0 2 0 0 1 0 0 0 1 2 0 0 0 0 0 1 2 0 1 0 0 1 20 0 0 160 14 0 0 0 0 0 0 0 0 3 0 0 0 0 0 0 0 0 1 0 0 0 0 0 0 0 2 0 0 0 0 0 0 0 0 0 34 0 0 0 80 4 1 0 3 3 1 3 0 1 0 12 
166 32765 0 0 0 0 0 0 0 0 0 0 1 0 0 0 0 0 0 0 0 0 30615 13 0 0 0 0 0 0 0 0 0 0 0 0 0 0 4 0 0 0 0 9 0 0 0 0 0 27 0 0 0 0 0 0 0 0 0 0 0 0 0 0 2 0 11 0 0 0 1433 0 0 0 3 0 0 7 0 6 0 6 0 0 0 0 1 1 7 18 2 0 1 0 0 0 61 1 0 0 0 0 1 0 0 0 1 0 0 0 0 0 1 0 0 0 0 0 1 0 0 0 31 3 44 0 0 0 0 0 0 0 0 0 1 4 2 1 0 0 0 0 0 2 0 0 0 0 0 2 4 14 1 0 19 0 15 0 0 0 2 0 0 1 34 3 0 0 0 0 0 0 0 0 0 0 0 2 0 0 0 0 0 0 0 1 0 0 0 0 0 1 1 0 3 0 0 2 11 0 0 151 15 0 0 0 0 0 0 0 0 2 0 0 0 0 0 0 0 0 2 0 0 0 0 0 0 0 2 0 0 0 0 0 0 0 0 0 16 0 1 0 97 5 1 0 0 1 0 6 2 1 0 13 
167 38704 0 0 0 4 0 0 2 0 0 0 0 0 0 0 0 2 0 1 0 0 37266 1 0 0 0 4 0 0 0 0 0 0 0 0 0 0 5 0 0 0 0 8 0 0 0 0 0 18 0 0 0 0 0 1 0 0 0 0 1 0 0 0 0 0 7 0 0 0 771 1 0 0 0 0 0 10 1 11 0 14 0 0 0 0 0 2 9 7 0 0 0 0 0 0 35 0 0 0 0 0 0 0 0 0 0 0 0 0 0 0 0 0 0 0 0 0 0 0 0 1 51 4 18 0 0 0 0 0 0 0 0 0 2 3 1 0 0 0 0 0 0 5 0 0 0 0 0 0 0 27 0 2 19 0 17 0 0 0 0 0 0 7 24 0 0 0 0 0 0 0 0 0 0 0 0 1 0 0 1 2 0 0 0 4 0 0 0 0 0 1 0 1 5 0 0 3 2 0 0 161 21 0 0 0 0 0 0 0 0 3 0 0 0 0 0 0 0 0 0 0 0 0 0 0 0 0 1 0 0 0 0 0 0 0 0 0 5 0 0 0 102 8 1 0 1 1 0 4 1 0 0 2 
168 44149 0 0 0 1 0 0 0 0 0 0 7 0 0 4 0 1 0 1 0 0 43126 0 0 2 0 6 0 1 0 0 0 0 0 0 0 0 2 0 0 0 0 7 0 0 0 0 0 17 0 0 0 0 0 0 0 0 0 0 0 0 0 1 0 0 11 0 0 0 393 0 0 0 0 0 0 3 0 9 0 2 0 0 0 0 0 0 9 22 0 0 0 0 0 0 18 0 0 0 0 0 0 0 0 1 0 0 0 0 0 0 1 0 0 0 0 0 0 0 0 4 44 2 6 0 0 0 0 0 0 0 0 0 6 1 0 0 0 0 0 0 0 0 0 0 0 0 0 0 2 31 0 0 21 0 20 0 0 0 0 0 0 5 15 0 2 0 0 0 0 0 0 0 0 0 0 0 0 0 0 3 0 0 2 6 0 0 0 0 0 0 2 0 4 0 0 13 3 0 0 178 21 0 0 0 0 0 0 0 0 0 0 0 0 0 0 0 0 0 2 0 0 0 0 0 0 0 0 0 0 0 0 0 0 0 0 0 9 0 2 0 80 4 1 0 0 2 0 2 1 0 0 0 
