day total blank BD BF BG BA BB BE BL BM BN BO BH BI BJ BT JM BV BW WS BQ BR BS JE BY BZ RU RW RS LT RE TM TJ RO TK GW GU GT GS GR GQ GP JP GY GG GF GE GD GB GA GN GM GL GI GH OM TN JO WF HR HT HU HK HN HM VE PR PS PW PT KN AF IQ PA PF PG PE PK PH PN PL PM ZM EH EE EG ZA EC IT VN SB ET SO ZW SA ES ER ME MD MG MF MA MC UZ MM ML MO MN MH MK MU MT MW MV MQ MP MS MR IM UG MY MX IL FR AW SH AX SJ FI FJ FK FM FO NI NL NO NA VU NC NE NF NG NZ NP NR NU CK XK CI CH CO CN CM CL CC CA CG CF CD CZ CY CX CR PY CW CV CU SZ SY SX KG KE SS SR KI KH SV KM ST SK KR SI KP KW SN SM SL SC KZ KY SG SE SD DO DM DJ DK DE YE DZ US UY YT UM LB LC LA TV TW TT TR LK LI LV TO TL LU LR LS TH TF TG TD TC LY VA VC AE AD AG VG AI VI IS IR AM AL AO AN AQ AS AR AU AT IO IN TZ AZ IE ID UA QA MZ 
0 377 0 0 0 0 0 0 0 0 0 0 0 0 0 0 0 0 0 0 0 0 0 0 0 9 0 283 0 0 0 0 0 0 0 0 0 0 0 0 0 0 0 4 0 0 0 0 0 10 0 0 0 0 0 0 0 0 0 0 0 0 0 0 0 0 0 0 0 0 0 0 0 0 0 0 0 0 0 0 0 2 0 0 0 0 0 0 0 0 0 0 0 0 0 0 0 0 0 0 0 0 1 0 0 0 0 0 21 0 0 0 0 0 0 0 0 0 0 0 0 0 1 0 0 0 0 0 0 0 0 0 0 0 0 0 0 0 0 0 0 0 0 0 0 0 0 0 0 0 0 0 1 0 0 0 4 0 0 0 0 0 0 0 0 0 0 1 0 0 0 0 0 0 0 0 0 0 0 0 0 2 1 0 0 0 0 0 0 3 0 0 0 0 0 0 0 1 0 0 0 9 0 0 0 0 0 0 0 0 0 0 0 0 0 0 0 0 0 0 1 0 0 0 0 0 0 0 0 0 0 0 0 0 0 0 1 0 0 0 0 0 0 1 0 0 0 0 1 0 1 19 0 0 
1 348 0 0 0 0 0 0 0 0 0 0 0 0 0 0 0 0 0 0 0 0 0 0 0 8 0 245 0 0 0 0 0 0 0 0 0 0 0 0 0 0 0 6 0 0 0 2 0 0 0 0 0 0 0 0 0 0 0 0 0 0 0 0 0 0 0 0 0 0 0 0 0 0 0 0 1 0 0 0 0 3 0 0 0 0 0 0 0 0 0 0 0 0 0 0 2 0 0 0 0 0 2 0 0 0 0 0 30 0 0 0 0 0 0 0 0 0 0 0 0 0 0 0 0 0 0 0 0 0 0 0 0 0 0 1 0 0 0 0 0 0 1 0 0 0 0 0 0 0 0 0 9 0 0 0 5 0 0 0 0 0 0 0 0 0 0 0 0 0 0 0 0 0 0 0 0 0 0 0 0 1 0 0 0 0 0 0 0 9 0 0 4 0 0 0 0 0 1 0 0 12 0 0 0 0 0 0 0 0 0 0 0 0 0 0 0 0 0 0 0 0 0 0 0 0 0 0 0 0 0 0 0 0 0 0 0 0 0 0 0 0 0 1 0 0 0 0 0 0 0 5 0 0 
2 505 0 0 0 0 0 0 0 0 0 0 0 0 0 0 0 0 0 0 0 0 0 0 0 8 0 391 0 0 0 0 0 1 0 0 0 0 0 0 0 0 0 7 0 0 0 2 0 1 0 0 0 0 0 0 0 0 0 0 0 0 0 0 0 0 0 0 0 0 0 0 0 0 0 0 4 0 0 0 0 0 0 0 0 0 0 0 0 0 0 0 0 0 0 0 1 0 0 0 0 0 1 0 0 0 0 0 36 0 0 0 0 0 0 0 0 0 0 0 0 0 0 1 0 0 0 0 0 0 0 0 0 0 0 0 0 0 0 0 0 0 0 0 0 0 0 0 0 0 0 0 2 0 0 0 1 0 0 0 0 0 0 0 0 0 0 0 0 0 0 3 0 0 0 0 0 0 0 0 0 2 0 0 0 0 0 0 0 7 0 0 0 0 0 0 0 0 0 0 0 14 0 0 0 0 0 0 0 1 0 0 0 0 0 0 0 0 0 0 3 0 0 0 0 0 0 0 0 0 0 0 0 0 0 0 0 0 0 0 0 0 1 0 0 0 0 0 0 0 0 18 0 0 
3 650 0 0 0 2 0 0 0 0 0 0 0 0 0 0 0 0 0 0 0 0 0 0 0 27 0 467 0 0 1 0 0 0 0 0 0 0 0 0 0 0 0 7 0 0 0 1 0 0 0 0 0 0 0 0 1 0 0 0 0 0 0 0 0 0 0 0 0 0 0 0 0 0 0 0 1 0 0 1 0 2 0 0 0 0 0 0 0 0 0 0 0 0 0 0 1 0 0 0 0 0 0 0 2 0 0 0 60 0 0 0 0 0 0 0 0 0 0 0 0 0 2 3 0 0 0 0 0 0 0 0 0 0 0 0 0 0 0 0 0 0 0 0 0 0 0 0 0 0 0 0 1 0 0 0 1 0 0 0 0 0 0 0 0 0 0 0 0 0 0 10 0 0 0 0 1 0 0 0 0 4 0 0 0 0 0 0 0 12 0 1 0 0 0 0 0 1 1 0 0 11 0 0 0 0 0 0 0 0 0 0 0 0 2 0 0 0 0 0 1 0 0 0 0 0 0 0 1 0 0 0 0 0 0 0 0 0 0 0 0 0 0 0 0 0 0 0 0 1 0 24 0 0 
4 1147 0 0 0 1 0 0 0 0 0 0 0 0 0 0 0 0 0 0 0 0 0 0 0 97 0 808 0 0 1 0 0 0 0 0 0 0 0 0 0 0 0 6 0 0 0 0 0 0 0 0 0 0 0 0 0 0 0 0 0 0 0 0 0 0 0 0 0 0 0 0 0 0 0 0 0 0 0 1 0 0 0 0 0 2 1 0 0 1 0 0 0 0 0 0 0 0 0 4 0 0 0 0 2 0 0 0 69 0 0 0 0 0 0 0 0 0 0 0 0 0 1 2 1 0 0 0 0 2 0 0 0 0 0 3 0 0 0 0 0 0 0 1 0 0 0 0 0 0 1 0 3 0 0 0 2 0 0 0 1 1 0 0 0 0 0 0 0 0 0 5 0 0 0 0 0 0 0 0 0 2 0 0 0 0 0 0 0 20 0 0 2 0 0 0 0 4 1 0 0 21 0 0 0 0 0 0 0 1 0 0 1 0 3 0 0 0 0 0 1 0 0 0 0 0 0 0 0 0 0 0 0 0 0 0 0 0 0 0 0 0 3 3 0 0 6 0 1 0 0 62 0 0 
5 1736 0 0 0 3 0 0 3 0 0 0 0 0 0 0 0 0 0 0 0 0 0 0 0 120 0 1257 0 0 1 0 0 0 0 0 0 0 0 0 1 0 0 6 0 0 0 12 0 1 0 0 0 0 0 0 0 0 0 0 0 0 0 0 0 0 0 0 0 0 0 0 0 0 0 0 0 0 0 0 0 12 0 0 0 3 0 0 0 0 1 0 0 0 0 0 0 0 0 5 0 0 0 0 3 0 0 0 60 0 2 0 0 0 0 0 0 0 0 0 0 3 0 6 1 0 0 0 0 2 0 0 0 0 0 9 0 0 0 0 0 0 0 3 2 0 0 0 0 0 1 0 1 0 0 0 0 0 0 0 2 4 0 0 0 0 0 0 0 0 0 11 0 0 0 0 0 0 0 0 1 2 0 0 0 0 0 0 0 21 0 0 3 0 0 0 0 0 3 0 0 17 0 0 0 0 0 0 0 0 0 2 0 0 4 0 0 0 0 0 2 0 0 0 0 0 0 0 2 0 0 0 0 0 0 0 3 0 0 0 0 0 0 6 0 0 7 0 7 4 0 116 0 0 
6 2062 0 0 0 0 0 0 0 0 0 0 0 0 0 0 0 0 0 0 0 0 0 0 0 142 0 1413 0 0 1 0 0 4 0 0 0 0 0 0 0 0 0 3 0 0 0 2 0 5 0 0 0 0 0 0 0 0 1 0 1 0 0 1 0 0 0 0 0 0 0 0 0 0 0 0 0 0 0 0 0 8 0 0 0 5 0 0 0 2 0 0 0 0 0 0 1 0 0 4 0 0 2 0 0 0 0 0 126 0 3 0 0 0 0 0 0 0 0 0 0 0 0 15 2 0 0 0 0 3 0 0 0 0 0 8 3 0 0 0 0 0 0 0 0 0 0 0 0 0 0 0 2 0 0 0 3 0 0 0 2 0 0 0 0 0 0 0 0 0 0 16 1 0 0 0 0 0 0 0 0 8 0 0 0 0 0 0 0 34 0 1 0 0 0 0 0 6 25 0 0 12 0 0 0 0 0 0 0 0 0 5 2 0 15 0 0 1 0 0 3 0 0 0 0 0 0 0 1 0 0 0 0 0 0 0 0 0 0 0 0 0 1 5 2 0 14 0 1 0 0 147 0 0 
7 2299 0 0 0 3 0 0 1 0 0 0 0 0 0 0 0 0 0 0 0 0 0 0 0 149 0 1656 0 1 0 0 0 0 0 0 0 0 0 0 0 0 0 9 0 0 0 3 0 6 0 0 0 0 0 0 0 0 0 0 0 0 3 0 0 0 0 0 0 0 1 0 0 0 0 0 0 0 0 0 0 13 0 0 0 2 3 0 0 5 1 0 0 0 0 0 0 0 0 3 0 0 2 0 4 0 0 0 60 0 8 0 0 0 0 0 0 0 0 0 0 2 0 10 4 0 0 0 0 35 0 0 0 0 0 12 2 0 0 0 0 0 0 0 0 0 0 0 0 0 0 0 1 0 0 0 0 0 0 0 2 5 0 0 0 0 0 0 0 0 0 6 0 0 0 0 0 0 0 0 0 2 0 0 0 0 0 0 0 26 0 0 0 0 1 0 0 6 14 0 0 15 0 0 0 0 0 0 0 0 0 13 0 0 12 0 0 1 0 0 1 0 0 0 0 0 0 0 1 1 0 0 0 0 0 1 0 0 0 0 0 0 0 7 0 0 5 0 6 6 1 167 0 0 
8 2221 0 0 0 1 0 0 0 0 0 0 0 0 0 0 0 0 0 0 0 0 0 0 0 145 0 1522 0 0 3 0 0 0 0 0 0 0 0 0 9 0 0 11 0 0 0 1 0 12 0 0 0 0 0 0 0 0 0 0 0 0 0 2 0 0 0 0 0 0 0 0 0 0 0 0 0 0 0 0 0 22 0 0 0 6 1 1 0 2 1 0 0 0 0 0 6 0 1 6 0 4 0 0 2 0 0 0 57 0 3 0 0 0 0 0 0 0 0 0 0 0 0 6 1 0 0 0 0 28 0 0 0 0 0 13 7 0 0 0 0 0 0 0 0 0 0 0 0 0 0 0 10 0 0 0 1 0 0 0 3 4 0 0 0 0 0 0 0 0 0 13 0 0 0 0 0 0 0 0 0 5 0 0 1 0 0 0 0 29 0 0 2 0 0 0 0 0 26 0 0 9 0 0 0 0 0 0 0 0 0 5 0 0 5 0 0 0 0 0 3 0 0 0 0 0 0 0 1 0 0 0 0 0 0 0 0 0 0 0 0 0 0 13 1 0 9 0 5 2 0 199 0 0 
9 2298 0 0 0 2 0 0 15 0 0 0 0 0 0 0 0 0 0 0 0 0 0 0 0 161 0 1682 0 1 2 0 0 1 0 0 0 0 0 0 3 0 0 11 0 0 0 1 0 3 0 0 0 0 0 0 0 0 1 0 0 0 1 3 0 0 0 0 0 0 0 0 0 0 0 0 0 0 0 0 0 18 0 0 0 8 1 0 0 2 1 0 0 0 0 0 5 0 0 4 0 0 1 0 1 0 0 0 31 0 2 0 0 0 0 0 0 0 0 0 0 0 0 2 2 0 0 0 0 4 0 0 0 0 0 15 3 0 0 0 0 0 0 9 0 0 0 0 0 0 0 0 1 0 0 0 0 0 0 0 5 2 0 0 0 0 0 0 0 0 0 9 0 0 0 0 0 0 0 0 2 5 0 0 0 0 0 0 0 30 0 0 2 0 0 0 0 2 18 0 0 7 0 0 0 0 0 0 0 2 0 2 1 0 11 0 0 2 0 0 2 0 0 0 0 0 0 0 0 0 0 0 0 0 0 0 0 0 0 0 0 0 0 11 2 0 1 0 5 13 2 164 0 0 
10 2266 0 0 0 4 0 0 23 0 0 0 0 0 0 0 0 0 0 0 0 0 0 0 0 147 0 1643 0 2 2 0 0 0 0 0 0 0 0 0 1 0 0 4 0 0 0 0 0 9 0 0 0 0 0 0 0 0 0 0 0 0 1 0 0 0 0 0 0 0 0 0 0 0 0 0 0 0 0 0 0 13 0 0 0 6 0 0 0 4 2 0 0 0 0 0 3 0 0 3 0 0 0 0 7 0 0 0 42 0 0 0 1 0 0 0 0 0 0 0 0 0 0 7 4 0 0 0 0 12 0 0 0 0 0 7 0 0 0 0 0 0 0 2 0 0 0 0 0 0 0 0 2 0 0 0 0 0 0 0 2 1 0 0 0 0 0 0 0 0 0 11 0 0 0 0 0 0 0 0 0 0 0 0 0 0 0 0 1 24 0 0 1 0 0 0 0 0 15 0 0 12 0 0 0 0 0 0 0 0 0 3 0 0 16 0 0 0 0 0 1 0 0 0 0 0 0 0 0 0 0 0 0 0 0 0 1 0 0 0 0 0 0 10 1 0 0 0 6 4 0 203 0 0 
11 2247 0 0 0 4 0 0 1 0 0 0 0 0 0 0 0 0 0 0 0 0 1 0 0 144 0 1619 0 0 0 0 0 0 0 0 0 0 0 0 7 0 0 5 0 0 0 3 0 13 0 0 0 0 0 0 0 0 0 0 0 0 1 1 0 0 0 0 0 0 0 0 0 0 0 0 0 0 0 0 0 8 0 0 0 4 1 0 0 4 0 0 0 0 0 0 6 0 0 8 0 1 0 0 9 0 0 0 44 0 0 0 1 0 0 0 0 0 0 0 0 0 0 11 5 0 0 0 0 0 0 0 0 0 0 7 0 0 0 0 0 0 0 0 0 0 0 0 0 0 2 0 10 0 0 0 1 0 0 0 3 0 0 0 0 0 0 0 0 0 0 6 0 0 0 0 0 0 0 0 0 2 0 0 0 0 0 0 0 34 0 0 4 0 0 0 0 7 26 0 0 15 0 0 0 0 0 0 0 0 0 10 1 0 11 0 0 0 0 0 1 0 0 0 0 0 0 0 2 0 0 0 0 0 0 0 0 0 0 0 0 0 0 0 1 0 4 0 5 1 1 192 0 0 
12 2240 0 0 0 2 0 0 7 0 0 0 0 0 0 0 0 0 0 0 0 0 0 0 0 169 0 1592 0 0 0 0 0 1 0 0 0 0 0 0 1 0 0 13 0 0 0 0 0 8 0 0 0 0 0 0 0 0 0 0 0 0 3 0 0 0 0 0 0 0 1 0 0 0 0 0 0 0 0 0 0 7 0 0 0 3 0 0 2 5 0 0 0 0 0 0 3 0 0 1 0 0 2 0 11 0 0 0 74 0 1 0 0 0 0 0 0 0 0 0 0 2 0 9 1 0 0 0 0 2 0 0 0 0 0 6 2 0 0 0 0 0 0 0 0 0 0 0 0 0 4 0 6 0 0 0 0 0 0 0 5 0 0 0 0 0 0 0 0 0 0 7 0 0 0 0 0 0 0 0 0 4 0 0 0 0 0 0 0 22 0 0 0 0 0 0 0 1 16 0 0 5 0 0 0 0 0 0 0 0 0 4 0 0 6 0 0 0 0 0 0 0 0 0 0 0 0 0 3 0 0 0 0 0 0 0 3 0 0 0 0 0 0 0 1 0 0 0 8 3 0 214 0 0 
13 1978 0 0 0 1 1 0 9 0 0 0 0 0 0 0 0 0 0 0 0 0 0 0 0 95 0 1490 0 1 3 0 0 0 0 0 0 0 0 0 3 0 0 3 0 0 0 2 0 4 0 0 0 0 0 0 0 0 0 0 0 0 0 0 0 0 0 0 0 0 0 0 0 0 0 0 0 0 0 0 0 10 0 0 0 1 2 0 0 2 3 0 0 0 0 0 2 0 0 8 0 0 1 0 4 0 0 0 24 0 2 0 0 0 0 0 0 0 0 0 0 1 0 2 8 0 0 0 0 3 0 0 0 0 0 1 0 0 0 0 0 0 0 0 0 0 0 0 0 0 2 1 7 0 0 0 0 0 0 0 7 1 0 0 0 0 0 0 0 0 0 5 0 0 0 0 0 0 0 0 0 2 0 0 0 0 0 0 0 28 0 1 0 0 0 0 0 0 9 0 0 30 0 0 0 0 0 0 0 0 0 3 1 0 0 0 0 0 0 0 1 0 0 0 0 0 0 0 0 0 0 0 0 0 0 0 2 0 0 0 0 0 0 4 1 0 1 0 2 0 1 183 0 0 
14 2006 0 0 0 1 0 0 11 0 0 0 0 1 0 0 0 0 0 0 0 0 1 0 0 139 0 1449 0 0 0 0 0 0 0 0 0 0 0 0 0 0 0 18 0 0 0 2 0 3 0 0 0 0 0 0 0 0 0 0 0 0 0 1 0 0 0 0 0 0 0 0 0 0 0 0 0 0 0 0 0 2 0 0 0 0 3 0 0 3 1 0 0 0 0 0 3 0 0 5 0 0 1 0 5 0 0 0 53 0 1 0 0 0 0 0 0 0 0 0 0 0 0 4 1 0 0 0 0 0 0 0 0 0 0 12 2 0 0 0 0 0 0 0 0 0 0 0 0 0 0 1 10 0 0 0 0 0 0 0 3 1 0 0 0 0 0 0 0 0 0 13 0 0 0 0 0 0 0 0 0 4 0 0 0 0 0 0 0 35 0 0 0 0 0 0 0 0 2 0 0 11 0 0 0 0 0 0 0 2 0 11 0 0 5 0 0 0 0 0 3 0 0 0 0 0 0 0 1 0 0 0 0 0 0 0 1 0 0 0 0 0 0 3 0 0 2 0 3 0 0 173 0 0 
15 2036 0 0 0 1 0 0 0 0 0 0 0 0 0 0 0 0 0 0 0 0 0 0 0 167 0 1464 0 2 2 0 0 0 3 0 0 0 0 0 1 0 0 9 0 0 0 3 0 2 0 0 0 0 0 0 0 0 0 0 0 0 0 1 0 0 0 0 0 0 0 0 0 0 0 0 0 0 0 0 0 6 0 0 0 3 0 0 0 6 0 0 0 0 0 0 0 0 0 0 0 0 0 0 6 0 0 0 29 0 0 0 0 0 0 0 0 0 0 0 0 0 0 9 3 0 0 0 0 2 0 0 0 0 0 5 1 0 0 0 0 0 0 0 0 0 0 0 0 0 0 0 8 0 0 0 3 0 0 0 7 1 0 0 0 0 0 0 0 1 0 15 0 0 0 0 0 0 0 0 0 2 3 0 0 0 0 0 0 29 0 0 1 0 0 0 0 4 36 0 0 16 0 0 0 0 0 0 0 0 0 3 0 0 6 0 0 0 0 0 2 0 0 0 0 0 0 0 2 0 0 0 0 0 0 0 0 0 0 0 0 0 1 2 1 0 0 0 2 2 0 164 0 0 
16 2190 0 0 0 2 0 0 1 0 0 0 0 0 0 0 0 0 0 0 0 0 1 0 0 209 0 1509 0 1 1 0 0 0 0 0 0 0 0 0 4 0 0 5 0 0 0 2 0 6 0 0 0 0 0 0 0 0 2 0 1 0 2 0 0 0 0 0 0 0 0 0 0 0 0 0 0 0 0 0 0 6 0 0 0 1 1 1 0 4 0 0 0 0 0 0 1 0 0 1 0 0 0 0 7 0 0 0 21 0 2 0 0 0 0 0 0 0 0 0 0 0 2 9 4 0 0 0 0 4 0 0 0 0 0 6 0 0 0 0 0 0 0 0 0 0 0 0 0 0 2 0 10 0 0 0 0 0 0 0 8 2 0 0 0 0 0 0 0 0 0 8 0 0 0 0 0 0 0 0 0 0 2 0 1 0 0 0 0 30 0 2 2 0 0 0 0 0 8 0 0 42 0 0 0 0 0 0 0 1 0 4 0 0 3 0 0 1 0 0 4 0 0 0 0 0 0 0 0 0 0 0 0 0 0 0 0 0 0 0 0 0 0 0 2 0 6 0 3 0 1 232 0 0 
17 2321 0 0 0 3 0 0 1 0 0 0 0 0 0 0 0 0 0 0 0 0 0 0 0 210 0 1670 0 1 3 0 0 1 0 0 0 0 0 0 1 0 0 7 0 0 0 2 0 12 0 0 0 0 0 0 0 0 0 0 1 0 6 0 0 0 0 0 0 0 0 0 0 0 0 0 0 0 0 0 0 15 0 0 0 3 0 0 0 4 2 0 0 0 0 0 0 0 0 5 0 0 0 0 8 0 0 0 2 0 2 0 0 0 0 0 0 0 0 0 0 1 0 3 5 0 0 0 0 2 0 0 0 0 0 11 1 0 0 0 0 0 0 2 0 0 0 0 0 0 2 2 0 0 0 0 0 0 0 0 14 3 0 0 0 0 0 0 0 0 0 12 0 0 0 0 0 0 0 0 0 1 0 0 1 0 0 0 0 21 0 2 1 0 0 0 0 0 18 0 0 20 0 0 0 0 0 0 0 0 0 4 1 0 7 0 0 1 0 0 2 0 0 0 0 0 0 0 1 0 0 0 0 0 0 0 1 0 0 0 0 0 0 4 0 0 8 0 3 0 2 205 0 0 
18 2305 0 0 0 2 0 0 1 0 0 0 0 0 0 0 0 0 0 0 0 0 0 0 0 230 0 1613 0 0 3 0 0 1 0 0 0 0 0 0 1 0 0 8 0 0 0 2 0 13 0 0 0 0 0 0 0 0 0 0 0 0 1 1 0 0 0 0 0 0 0 0 0 0 0 0 0 0 0 0 0 14 0 0 0 2 0 0 0 6 0 0 0 0 0 0 2 0 0 3 0 0 1 0 12 0 0 0 0 0 2 0 0 0 0 0 0 0 0 0 0 0 1 5 1 0 0 0 0 1 0 0 0 0 0 16 3 0 0 0 0 0 0 2 0 0 0 0 0 0 4 0 2 0 1 0 0 0 0 0 6 2 0 0 0 0 0 0 0 0 0 4 0 0 0 0 0 0 0 0 0 2 0 0 0 0 0 0 0 22 0 0 1 0 0 0 0 1 10 0 0 18 0 0 0 0 0 0 0 1 0 2 2 0 7 0 0 0 0 0 0 0 0 0 0 0 0 0 0 0 0 0 0 0 0 0 0 0 0 0 0 0 0 4 0 0 1 0 2 1 0 264 0 0 
19 2349 0 0 0 4 0 0 1 0 0 0 0 0 0 0 0 0 0 0 0 0 0 0 0 242 0 1613 0 2 6 0 0 0 0 0 0 0 0 0 0 0 0 1 0 0 0 1 0 5 0 0 0 0 0 0 0 3 0 0 0 0 2 0 0 0 0 0 0 0 3 0 0 0 0 0 0 0 0 1 0 18 0 0 0 3 2 0 0 7 0 0 0 0 0 0 4 0 0 1 0 0 5 0 2 0 0 0 0 0 1 0 0 0 0 0 0 0 0 0 0 0 0 13 3 0 0 0 0 4 0 0 0 0 0 8 0 0 0 0 0 0 0 0 0 0 0 0 0 0 0 0 7 0 0 0 3 0 0 0 6 1 0 0 0 0 0 0 0 0 0 6 0 0 0 0 0 0 0 0 0 5 0 0 0 0 0 0 0 13 0 0 0 0 0 0 0 0 30 0 0 33 0 0 0 0 0 0 0 0 0 13 0 0 8 0 0 0 0 0 0 0 0 0 0 0 0 0 1 0 0 0 0 0 0 0 0 0 0 0 0 0 0 9 1 0 1 0 6 0 0 250 0 0 
20 1947 0 0 0 5 0 0 0 0 0 0 0 0 0 0 0 0 0 0 0 0 0 0 0 216 0 1350 0 0 0 0 0 0 0 0 0 0 0 0 2 0 0 1 0 0 0 0 0 13 0 0 0 0 0 0 0 0 0 0 0 0 3 0 0 0 0 0 0 0 1 0 0 0 0 0 0 0 0 1 0 16 0 0 0 1 0 0 0 0 0 0 0 0 0 0 0 0 1 4 0 0 9 0 3 0 0 0 0 0 5 0 0 0 0 0 0 0 0 0 0 0 2 7 2 0 0 0 0 5 0 0 0 0 0 3 0 0 0 0 0 0 0 3 0 0 0 0 0 0 1 0 2 0 0 0 0 0 0 0 9 4 0 0 0 0 0 0 0 0 0 0 0 0 0 0 0 0 0 0 0 1 0 0 0 0 0 0 0 12 0 0 3 0 0 0 0 0 14 0 0 24 0 0 0 0 0 0 0 0 0 1 0 0 9 0 0 0 0 0 0 0 0 0 0 0 0 0 0 0 0 0 0 0 0 0 0 0 0 0 0 0 0 7 0 0 0 0 2 1 1 203 0 0 
21 1492 0 0 0 4 0 0 1 0 0 0 0 0 0 0 0 0 0 0 0 0 0 0 0 153 0 1021 0 1 0 0 0 0 0 0 0 0 0 0 0 0 0 0 0 0 0 1 0 8 0 0 0 0 0 0 0 0 0 0 0 0 4 0 0 0 0 0 0 0 2 0 0 0 0 0 0 0 0 0 0 22 0 0 0 0 0 0 0 1 0 0 0 0 0 0 1 0 0 2 0 0 0 0 5 0 0 0 1 0 3 0 0 0 0 0 0 0 0 0 0 0 0 4 5 0 0 0 0 15 0 0 0 0 0 3 2 0 0 0 0 0 0 4 0 0 0 0 0 0 0 0 0 0 0 0 1 0 0 0 5 3 0 0 0 0 0 0 0 0 0 0 0 0 0 0 0 0 0 0 0 6 0 0 0 0 0 0 0 3 0 0 0 0 0 0 0 0 20 0 0 26 0 0 0 0 0 0 0 0 0 5 0 0 13 0 0 0 0 0 0 0 0 0 0 0 0 0 0 0 0 0 0 0 0 0 1 0 0 0 0 0 0 1 3 0 1 0 3 0 0 138 0 0 
22 900 0 0 0 2 0 0 1 0 0 0 0 0 0 0 0 0 0 0 0 0 0 0 0 50 0 623 0 0 0 0 1 0 0 0 0 0 0 0 0 0 0 4 0 0 0 0 0 7 0 0 0 0 0 0 0 0 0 0 0 0 3 0 0 0 0 0 0 0 0 0 0 0 0 0 0 0 0 0 0 16 0 0 0 0 0 0 0 2 0 0 0 0 0 0 1 0 1 0 0 0 0 0 0 0 0 0 15 0 5 0 0 0 0 0 0 0 0 0 0 1 0 2 0 0 0 0 0 3 0 0 0 0 0 8 1 0 0 0 0 0 0 0 0 0 0 0 0 0 0 0 2 0 0 0 2 0 0 0 9 0 0 0 0 0 0 0 0 0 0 0 0 0 0 0 0 0 0 0 0 1 0 0 0 0 0 0 0 7 0 0 0 0 0 0 0 0 21 0 0 23 0 0 0 0 0 0 0 0 0 1 0 0 9 0 0 0 0 0 0 0 0 0 0 0 0 0 0 0 0 0 0 0 0 0 0 0 0 0 0 0 0 3 0 0 0 0 0 0 0 76 0 0 
23 520 0 0 0 2 0 0 0 0 0 0 0 0 0 0 0 0 0 0 0 0 0 0 0 18 0 367 0 0 1 0 0 0 0 0 0 0 0 0 2 0 0 2 0 0 0 1 0 4 0 0 0 0 0 0 0 0 0 0 0 0 0 0 0 0 0 0 0 0 1 0 0 0 0 0 0 0 0 0 0 10 0 0 0 0 0 0 0 0 2 0 0 0 0 0 2 0 0 0 0 0 0 0 1 0 0 0 16 0 0 0 0 0 0 0 0 0 0 0 0 2 0 0 0 0 0 0 0 0 0 0 0 0 0 4 1 0 0 0 0 0 0 0 0 0 0 0 0 0 0 0 1 0 0 0 3 0 0 0 2 0 0 0 0 0 0 0 0 0 0 1 0 0 0 0 0 0 0 0 0 1 0 0 0 0 0 0 0 3 0 0 0 0 0 0 0 0 16 0 0 21 0 0 0 0 0 0 0 0 0 1 0 0 1 0 0 0 0 0 2 0 0 0 0 0 0 0 1 0 0 0 0 0 0 0 0 0 0 0 0 0 0 1 1 0 0 0 2 0 0 26 0 0 
24 415 0 0 0 0 0 0 0 0 0 0 0 0 0 0 0 0 0 0 0 0 0 0 0 3 0 303 0 0 0 0 0 0 0 0 0 0 0 0 1 0 0 7 0 0 0 0 0 4 0 0 0 0 0 0 0 0 0 0 0 0 0 0 0 0 0 0 0 0 0 0 0 0 0 0 1 0 0 0 0 3 0 0 0 1 0 0 0 0 0 0 0 0 0 0 2 0 0 0 0 0 0 0 0 0 0 0 22 0 0 0 0 0 0 0 0 0 0 0 0 0 1 0 0 0 0 0 0 0 0 0 0 0 0 4 0 0 0 0 0 0 0 0 0 0 0 0 0 0 0 0 3 0 0 0 2 0 0 0 1 0 0 0 0 0 0 0 0 0 0 0 0 0 0 0 0 0 0 0 0 1 0 0 0 0 0 0 0 1 0 0 0 0 0 0 0 0 6 0 0 12 0 0 0 0 0 0 0 2 0 0 0 0 0 0 0 0 0 0 0 0 0 0 0 0 0 0 0 0 0 0 0 0 0 0 0 0 0 0 0 0 1 0 0 0 0 0 0 0 0 34 0 0 
25 384 0 0 0 0 0 0 0 0 0 0 0 0 0 0 0 0 0 0 0 0 0 0 0 0 0 269 0 0 0 0 0 0 0 0 0 0 0 0 2 0 0 5 0 0 0 0 0 0 0 0 0 0 0 0 0 0 0 0 0 0 0 0 0 0 0 0 0 0 1 0 0 0 0 0 0 0 0 0 0 4 0 0 0 0 0 0 0 0 0 0 0 0 0 0 0 0 0 0 0 0 0 0 3 0 0 0 63 0 0 0 0 0 0 0 0 0 0 0 0 0 0 2 0 0 0 0 0 1 0 0 0 0 0 1 0 0 0 0 0 0 0 0 0 0 0 0 0 0 0 0 0 0 0 0 3 0 0 0 0 0 0 0 0 0 0 0 0 0 0 3 0 0 0 0 0 0 0 0 0 1 0 0 0 0 0 0 0 5 0 0 0 0 0 0 0 1 0 0 0 13 0 0 0 0 0 0 0 0 0 0 0 0 0 0 0 0 0 0 0 0 0 0 0 0 0 0 0 0 0 0 0 0 0 0 0 0 0 0 0 0 0 0 0 0 0 0 0 0 0 7 0 0 
26 514 0 0 0 0 0 0 0 0 0 0 0 0 0 0 0 0 0 0 0 0 0 0 0 5 0 404 0 0 0 0 0 0 0 0 0 0 0 0 1 0 0 3 0 0 0 0 0 0 0 0 0 0 0 0 0 1 0 0 0 0 0 1 0 0 0 0 0 0 0 0 0 0 0 0 0 0 0 0 0 2 0 0 0 0 0 0 0 0 0 0 0 0 0 0 3 0 1 0 0 0 0 0 2 0 0 0 27 0 0 0 0 0 0 0 0 0 0 0 0 0 0 3 1 0 0 0 0 0 0 0 0 0 0 2 0 0 0 0 0 0 0 1 0 0 0 0 0 0 0 0 3 0 0 0 0 0 0 0 1 0 0 0 0 0 0 0 0 0 0 2 0 0 0 0 0 0 0 0 0 2 0 0 0 0 0 0 0 13 0 0 0 0 0 0 0 0 0 0 0 12 0 0 0 0 0 0 0 0 0 2 0 0 0 0 0 0 0 0 0 0 0 0 0 0 0 0 0 0 0 0 0 0 0 0 0 0 0 0 0 0 0 0 2 0 0 0 0 0 2 18 0 0 
27 812 0 0 0 0 0 0 0 0 0 0 0 0 0 0 0 0 0 0 0 0 0 0 0 22 0 642 0 0 1 0 0 0 0 0 0 0 0 0 0 0 0 1 0 0 0 6 0 0 0 0 0 0 0 0 0 0 0 0 0 0 0 0 0 0 0 0 0 0 0 0 0 0 0 0 0 0 0 0 0 0 0 0 0 0 0 0 0 0 0 0 0 0 0 1 4 0 0 0 0 0 0 0 5 0 0 0 32 0 0 0 0 0 0 0 0 0 0 0 0 0 0 0 0 0 0 0 0 1 0 0 0 0 0 8 0 0 0 0 0 0 0 0 0 0 0 0 0 0 0 0 2 0 0 0 2 0 0 0 2 0 0 0 0 0 0 0 0 0 0 5 0 0 0 0 0 0 0 0 0 4 0 0 0 0 0 0 0 19 0 0 0 0 0 0 0 0 0 0 0 14 0 0 0 0 0 0 0 1 0 1 0 0 0 0 0 0 0 0 1 0 0 0 0 0 0 0 1 0 0 0 0 0 0 0 0 0 0 0 0 0 0 0 0 0 2 0 1 0 1 33 0 0 
28 1214 0 0 0 0 0 0 0 0 0 0 0 0 0 0 0 0 0 0 0 0 0 0 0 60 0 952 0 0 1 0 0 0 0 0 0 0 0 0 0 0 0 3 0 0 0 1 0 0 0 0 0 0 0 0 0 0 0 0 0 0 0 0 0 0 0 0 0 0 0 0 0 0 0 0 0 0 0 0 0 0 0 0 0 1 1 0 0 0 0 0 0 0 0 0 0 0 1 0 0 0 0 0 3 0 0 0 44 0 0 0 0 0 0 0 0 0 0 0 0 0 0 1 0 0 0 0 0 4 0 0 0 0 0 3 0 0 0 0 0 0 0 0 0 0 0 0 0 0 0 0 9 0 0 0 5 0 0 0 1 0 0 0 0 0 0 0 0 0 0 7 0 0 0 0 0 0 0 0 0 5 0 0 0 0 0 0 0 29 0 4 0 0 0 0 0 0 0 0 0 13 0 0 0 0 0 0 0 1 0 0 3 0 1 0 0 0 0 0 1 0 0 0 0 0 0 0 0 0 0 0 0 0 0 0 0 0 0 0 0 0 1 3 0 0 2 0 0 0 0 53 1 0 
29 1616 0 0 0 0 0 0 0 0 0 0 0 0 0 0 0 0 0 0 0 0 0 0 0 112 0 1199 0 0 4 0 0 0 0 0 0 0 0 0 1 0 0 5 0 0 0 1 0 2 0 0 0 0 0 0 0 0 0 0 0 0 0 0 0 0 0 0 0 0 0 0 0 0 0 0 0 0 0 0 0 5 0 1 0 0 0 0 0 2 0 0 0 0 0 0 2 0 0 4 0 0 1 0 3 0 0 0 41 0 4 0 1 0 0 0 0 0 0 0 0 0 2 0 2 0 0 0 0 1 0 0 0 0 0 4 1 0 0 0 0 0 0 0 0 0 0 0 0 0 2 0 6 0 0 0 1 0 0 0 10 6 0 0 0 0 0 0 0 0 0 8 0 0 0 0 0 0 0 0 0 4 0 0 0 0 0 0 0 22 0 2 0 0 0 0 0 0 10 0 0 14 0 0 0 0 0 0 0 0 0 0 0 0 7 0 0 0 0 0 1 0 0 0 0 0 0 0 2 0 0 0 0 0 0 0 0 0 0 0 0 0 0 3 0 0 1 0 6 3 1 109 0 0 
30 2229 0 0 0 4 0 0 1 0 0 0 0 0 0 0 0 0 0 0 0 0 0 0 0 128 0 1590 0 0 4 0 0 0 0 0 0 0 0 0 1 0 0 7 0 0 0 1 0 1 0 0 0 0 0 0 0 0 0 0 0 0 1 0 0 0 0 0 0 0 1 0 0 0 0 0 0 0 0 0 0 5 0 0 0 1 0 2 0 4 1 0 0 0 0 0 4 0 0 2 0 0 6 0 8 0 0 0 122 0 2 0 0 0 0 0 0 0 0 0 0 1 3 3 2 0 0 0 0 9 0 0 0 0 0 5 1 0 0 0 0 0 0 0 0 0 0 0 0 0 0 0 13 0 0 0 2 0 0 0 8 1 0 0 0 0 0 0 0 0 0 11 0 0 0 0 0 0 0 0 0 6 0 0 2 0 0 0 0 22 0 0 1 0 0 0 0 0 16 0 0 14 0 0 0 0 0 0 0 1 0 0 0 0 6 0 0 3 0 0 1 0 0 0 0 0 0 0 5 0 0 0 0 0 0 0 0 0 0 0 0 0 0 11 0 0 11 0 8 0 0 167 0 0 
31 2383 0 0 0 2 0 0 0 0 0 0 0 0 0 0 0 0 0 0 0 0 0 0 0 132 0 1736 0 0 1 0 1 0 0 0 0 0 0 0 2 0 0 5 0 0 0 5 0 6 0 0 0 0 0 0 0 0 0 0 0 0 2 0 0 0 0 0 0 0 2 0 0 0 0 0 0 0 0 0 0 12 0 0 0 3 2 0 0 5 1 0 0 0 0 0 2 0 1 4 0 0 6 0 8 0 0 0 67 0 2 0 0 0 0 0 0 0 0 0 0 1 1 9 13 0 0 0 0 11 0 0 0 0 0 8 0 0 0 0 0 0 0 0 0 0 0 0 0 0 0 0 0 0 0 0 0 0 0 0 12 1 0 0 0 0 0 0 0 0 0 8 0 0 0 0 0 0 0 0 0 9 0 0 1 0 0 0 0 32 0 2 0 0 0 0 0 0 19 0 0 29 0 0 0 0 0 0 0 0 0 3 0 0 14 0 0 0 0 0 0 0 0 0 0 0 0 0 3 0 0 0 0 0 0 0 1 0 0 0 0 0 0 7 2 0 6 0 7 1 1 175 0 0 
32 2423 0 0 0 0 2 0 2 0 0 0 0 0 0 0 0 0 0 0 0 0 0 0 0 113 0 1798 0 4 1 0 0 0 0 0 0 0 0 0 3 0 0 10 0 0 0 6 0 8 0 0 0 0 0 0 0 0 0 0 0 0 6 0 0 0 0 0 0 0 1 0 0 0 0 0 0 0 0 0 0 10 0 0 0 3 1 0 0 0 0 0 0 0 0 0 10 0 0 11 0 0 3 0 4 0 0 0 46 0 1 0 1 0 0 0 0 0 0 0 0 0 0 18 4 0 0 0 0 5 0 0 0 0 0 14 2 0 0 0 0 0 0 0 0 0 0 0 0 0 1 0 10 0 0 0 0 0 2 0 11 1 0 0 0 0 0 0 0 0 0 5 0 0 0 0 0 0 0 0 0 5 0 0 0 0 0 0 0 35 0 0 1 0 0 0 0 0 16 0 0 10 0 0 0 0 0 0 0 0 0 6 0 0 6 0 0 0 0 0 2 0 0 0 0 0 0 0 3 0 0 0 0 0 0 0 0 0 0 0 0 0 0 6 3 0 3 0 9 14 1 186 0 0 
33 2411 0 0 0 2 0 0 1 0 0 0 0 0 0 0 0 0 0 0 0 0 0 0 0 172 0 1700 0 0 1 0 0 1 0 0 0 0 0 0 5 0 0 9 0 0 0 2 0 10 0 0 0 0 0 0 0 0 0 0 1 0 5 0 0 0 0 0 0 0 0 0 0 0 0 0 0 0 0 1 0 12 0 0 0 5 2 0 0 3 3 0 0 0 0 0 3 0 0 9 0 0 4 0 3 0 0 0 100 0 2 0 0 0 0 0 0 0 0 0 0 0 0 9 6 0 0 0 0 10 0 0 0 0 0 16 2 0 0 0 0 0 0 0 0 0 0 0 0 0 2 0 1 0 0 0 0 0 0 0 2 1 0 0 0 0 0 0 0 0 0 9 0 0 0 0 0 0 0 0 5 3 0 0 0 0 0 0 0 33 0 1 0 0 0 0 0 0 24 0 0 1 0 0 0 0 0 0 0 0 0 7 0 0 2 0 0 0 0 0 3 0 0 0 0 0 0 0 3 0 0 0 0 0 0 0 1 0 0 0 0 0 0 1 4 0 8 0 9 11 1 179 0 0 
34 2385 0 0 0 1 0 0 27 0 0 0 0 0 0 0 0 0 0 0 0 0 0 0 0 122 0 1700 0 1 3 0 0 2 0 0 0 0 0 0 4 0 0 1 0 0 0 0 0 7 0 0 0 0 0 0 0 0 0 0 0 0 2 0 0 0 0 0 0 0 1 0 0 0 0 0 0 0 0 0 0 14 0 0 0 2 0 0 0 3 0 0 0 0 1 0 3 0 0 5 0 0 3 0 10 0 0 0 45 0 6 0 0 0 1 0 0 0 0 0 1 1 0 5 5 0 0 0 0 9 0 0 0 0 0 26 0 0 0 0 0 0 0 2 2 0 0 0 0 0 1 0 10 0 0 0 0 0 0 0 29 2 0 0 0 0 0 0 0 0 0 14 0 0 0 0 0 0 0 0 0 5 0 0 0 0 0 0 0 27 0 0 0 0 0 0 0 3 34 0 0 6 0 0 0 0 0 0 0 0 0 3 0 0 5 0 0 6 0 0 3 0 0 0 0 0 0 0 1 0 0 0 0 0 2 0 0 0 0 0 0 0 0 0 2 0 1 0 5 8 0 200 0 0 
35 2338 0 0 0 1 0 0 3 0 0 0 0 0 0 0 0 0 0 0 0 0 0 0 0 137 0 1664 0 1 4 0 0 0 0 0 0 0 0 0 2 0 0 8 0 0 0 3 0 4 0 0 0 0 0 0 0 0 1 0 0 0 1 0 0 0 0 0 0 0 1 0 0 0 0 0 0 0 0 0 0 4 0 0 0 0 3 0 0 2 0 0 0 0 0 0 0 0 1 4 0 0 6 0 3 0 0 0 38 0 4 1 1 0 0 0 0 0 0 0 0 0 0 18 0 0 0 0 0 6 0 0 0 0 0 12 2 0 0 0 0 0 0 0 0 0 0 0 0 0 1 0 4 0 0 0 5 0 0 0 43 2 0 0 0 0 0 0 0 0 0 9 0 0 0 0 0 0 0 0 1 14 2 0 0 0 0 0 0 34 0 3 3 0 0 0 0 0 23 0 0 8 0 0 0 0 0 0 0 1 0 0 0 0 9 0 0 0 0 0 15 0 0 0 0 0 0 0 1 0 0 0 0 0 0 0 2 0 0 0 0 0 1 1 3 0 0 0 6 1 3 208 0 0 
36 2163 0 0 0 2 0 0 0 0 0 0 0 0 0 0 0 0 0 0 0 0 0 0 0 151 0 1540 0 0 1 0 0 0 0 0 0 0 0 0 0 0 0 13 0 0 0 2 0 6 0 0 0 0 0 0 0 0 1 0 0 0 2 0 0 0 0 0 0 0 0 0 0 0 0 0 0 0 0 0 0 7 0 0 0 0 1 0 0 7 0 0 0 0 0 0 3 0 0 8 0 0 1 0 1 0 0 0 36 0 2 0 0 0 0 0 0 0 0 0 0 0 1 8 5 0 0 0 0 3 0 0 0 0 0 13 0 0 0 0 0 0 0 0 0 0 0 0 0 0 1 0 6 0 0 0 2 0 0 0 37 1 0 0 0 0 0 0 0 0 0 6 0 0 0 0 0 0 0 0 2 1 0 0 0 0 0 0 0 34 0 1 0 0 0 0 0 0 31 0 0 11 0 0 0 0 0 0 0 0 0 3 0 0 5 0 0 0 0 0 2 0 0 0 0 0 0 0 3 0 0 0 0 0 0 0 1 0 0 0 0 0 0 2 4 0 1 0 5 0 2 188 0 0 
37 1940 0 0 0 3 0 0 1 0 0 0 0 0 0 0 0 0 0 0 0 0 0 0 0 128 0 1405 0 0 1 0 0 0 2 0 0 0 0 0 3 0 0 6 0 0 0 2 0 4 0 0 0 0 0 0 0 0 0 0 2 0 0 2 0 0 0 0 0 0 1 0 0 0 0 0 0 0 0 0 0 11 0 0 0 2 0 0 0 3 0 0 0 0 0 0 2 0 0 11 0 0 0 0 0 0 0 0 29 0 0 0 0 0 0 0 0 0 0 0 0 0 0 10 4 0 0 0 0 8 0 0 0 0 0 4 0 0 0 0 0 0 0 0 1 0 0 0 0 0 1 0 3 0 0 0 0 0 0 0 27 0 0 0 0 0 0 0 0 0 0 4 0 0 0 0 0 1 0 0 0 3 2 0 1 0 0 0 0 15 0 0 1 0 0 0 0 0 11 0 0 20 0 0 0 0 0 0 0 0 0 4 0 0 5 0 0 0 0 0 0 0 0 0 0 0 0 0 3 0 0 0 0 0 1 0 2 0 0 0 0 0 0 8 1 0 0 0 5 0 1 175 0 0 
38 2049 0 0 0 1 0 0 5 0 0 0 0 0 0 0 0 0 0 0 0 0 0 0 0 156 0 1497 0 5 1 0 0 0 0 0 0 0 0 0 3 0 0 4 0 0 0 1 0 5 0 0 0 0 0 0 0 0 0 0 0 0 0 2 0 0 0 0 0 0 0 0 0 0 0 0 0 0 0 0 0 6 0 0 0 2 0 0 0 4 0 0 0 0 0 0 1 0 0 4 0 0 0 0 3 0 0 0 50 0 1 0 0 0 0 0 0 0 0 0 0 0 4 2 3 0 0 0 0 13 0 0 0 0 0 10 3 0 0 0 0 0 0 0 1 0 0 0 0 0 1 0 3 0 0 0 1 0 0 0 9 0 0 0 0 0 0 0 0 0 0 8 0 0 0 0 0 0 0 0 0 0 0 0 0 0 0 0 0 14 0 1 2 0 0 0 0 2 27 0 0 6 0 0 0 0 0 0 0 0 0 4 0 0 1 0 0 1 0 0 1 0 0 0 0 0 0 0 0 0 0 0 0 0 0 0 0 0 0 0 0 0 0 12 3 0 1 0 5 0 2 157 0 0 
39 1994 0 0 0 3 0 0 0 0 0 0 0 0 0 0 0 0 0 0 0 0 0 0 0 142 0 1445 0 0 3 0 0 1 0 0 0 0 0 0 0 0 0 2 0 0 0 2 0 4 0 0 0 0 0 0 0 0 0 0 0 0 0 0 0 0 0 0 0 0 1 0 0 0 0 0 0 0 0 1 0 9 0 0 0 0 2 0 0 1 0 0 0 0 0 0 5 0 0 5 0 0 0 0 0 0 0 0 16 0 0 0 0 0 0 0 0 0 0 0 0 0 1 5 2 0 0 0 0 3 0 0 0 0 0 8 3 0 0 0 0 0 0 0 0 0 0 0 0 0 0 0 6 0 0 0 0 0 0 0 2 3 0 0 0 0 0 0 0 0 0 15 0 0 0 0 0 0 0 0 0 2 0 0 3 0 0 0 0 30 0 0 1 0 0 0 0 3 10 0 0 21 0 0 0 0 0 0 0 3 0 7 0 0 7 0 0 1 0 0 3 0 0 0 0 0 0 0 2 0 0 0 0 0 0 0 0 0 1 0 0 0 0 4 4 0 2 0 3 0 0 196 0 0 
40 2085 0 0 0 0 0 0 0 0 0 0 0 0 0 1 0 0 0 0 0 0 0 0 0 141 0 1492 0 4 0 0 0 0 0 0 0 0 0 0 2 0 0 1 0 0 0 1 0 5 0 0 0 0 0 0 0 0 0 0 0 0 0 0 0 0 0 0 0 0 0 0 0 0 0 0 0 0 0 0 0 5 0 0 0 12 1 0 0 3 1 0 0 0 0 0 5 0 0 2 0 0 0 0 5 0 0 0 26 0 1 0 1 0 0 0 0 0 0 0 0 0 4 12 4 0 0 0 0 3 0 0 0 0 0 12 8 0 0 0 0 0 0 0 2 0 0 0 0 0 2 0 2 0 0 0 1 0 0 0 7 3 0 0 0 0 0 0 0 0 0 9 0 0 0 0 0 0 0 0 1 1 0 0 1 0 0 0 0 29 0 0 0 0 0 0 0 0 22 0 0 19 0 0 0 0 0 0 0 3 0 5 0 0 8 0 0 0 0 0 1 0 0 0 0 0 0 0 0 0 0 0 0 0 0 0 1 0 0 0 0 0 1 0 3 0 8 0 2 1 1 200 0 0 
41 2046 0 0 0 3 0 0 2 0 0 0 0 0 0 0 0 0 0 0 0 0 0 0 0 146 0 1502 0 0 0 0 0 0 0 0 0 0 0 0 2 0 0 0 0 0 0 2 0 13 0 0 0 0 0 0 0 0 0 0 0 0 1 0 0 0 0 0 0 0 0 0 0 0 0 0 0 0 0 0 0 11 0 0 0 5 0 0 0 3 0 0 0 0 0 0 9 0 0 2 0 0 0 0 2 0 0 0 9 0 0 0 0 0 0 0 0 0 0 0 5 1 1 3 3 0 0 0 0 13 0 0 0 0 0 8 3 0 0 0 0 0 1 0 0 0 0 0 0 0 2 0 8 0 0 0 0 0 0 0 5 1 0 0 0 0 0 0 0 0 0 2 0 0 0 0 0 0 0 0 0 1 0 0 0 0 0 0 0 30 0 1 1 0 4 0 0 0 18 0 0 9 0 0 0 0 0 0 0 1 0 1 1 0 3 0 0 0 0 0 0 0 0 0 0 0 0 0 2 0 0 0 0 0 0 0 0 0 0 0 0 0 0 6 3 0 0 0 2 1 0 194 0 0 
42 2504 0 0 0 1 0 0 2 0 0 0 0 0 0 0 0 0 0 0 0 0 0 0 0 207 0 1790 0 1 0 0 0 0 0 0 0 0 0 0 4 0 0 0 0 0 0 2 0 12 0 0 0 0 0 0 0 0 0 0 0 0 0 2 0 0 0 0 0 0 0 0 0 0 0 0 0 0 0 1 0 12 0 0 0 7 0 0 0 5 0 0 0 0 0 0 10 0 0 4 0 0 0 0 3 0 0 0 7 0 0 0 1 0 0 0 0 0 0 0 0 0 0 9 5 0 0 0 0 14 0 0 0 0 0 20 3 0 0 0 0 0 0 0 0 0 0 0 0 0 1 3 6 0 0 0 2 0 0 0 9 0 0 0 0 0 0 0 0 0 0 5 0 0 0 0 0 0 0 0 0 0 2 0 0 0 0 0 0 24 0 0 0 0 4 0 0 5 29 0 0 19 0 0 0 0 0 0 0 0 0 1 0 0 10 0 0 1 0 0 1 0 0 0 0 0 0 0 2 0 0 0 0 0 0 0 2 0 0 0 0 0 0 16 3 0 0 0 2 0 0 235 0 0 
43 2351 0 0 0 4 0 0 0 0 0 0 0 0 0 0 0 0 0 0 0 0 0 0 0 216 0 1674 0 1 1 0 0 0 0 0 0 0 0 0 3 0 0 2 0 0 0 0 0 9 0 0 0 0 0 0 0 0 0 0 0 0 3 2 0 0 0 0 0 0 5 0 0 0 0 0 0 0 0 0 0 4 0 0 0 2 3 0 0 2 0 0 0 0 0 0 8 0 0 1 0 0 0 0 2 0 0 0 0 0 0 0 0 0 0 0 0 0 0 0 0 0 0 7 5 0 0 0 0 5 0 0 0 0 0 13 0 0 0 0 0 0 0 1 0 0 0 0 0 0 0 3 1 0 0 0 3 0 0 0 6 0 0 0 0 0 0 0 0 0 0 10 0 0 0 0 0 0 0 0 0 6 1 0 0 0 0 0 0 14 0 1 1 0 1 0 0 0 15 0 0 24 0 0 0 0 0 0 0 0 0 5 0 0 3 0 0 0 0 0 0 0 0 0 0 0 0 0 3 0 0 0 0 0 0 0 3 0 0 0 0 0 0 10 0 0 0 0 2 3 0 263 0 0 
44 1988 0 0 0 4 0 0 1 0 0 0 0 0 0 0 0 0 0 0 0 0 1 0 0 218 0 1405 0 1 1 0 0 0 0 0 0 0 0 0 1 0 0 0 0 0 0 4 0 15 0 0 0 0 0 0 0 0 0 0 0 0 0 2 0 0 0 0 0 0 2 0 0 0 0 0 0 0 0 0 0 7 0 0 0 5 0 1 0 3 0 0 0 0 0 0 6 0 0 0 0 0 0 0 0 0 0 0 3 0 2 0 0 0 0 0 0 0 0 0 0 0 1 4 2 0 0 0 0 3 0 0 0 0 0 5 1 0 0 0 0 0 1 0 0 0 0 0 0 0 0 0 2 0 0 0 4 0 0 0 4 0 0 0 0 0 0 0 0 0 0 0 0 0 0 0 0 0 0 0 0 0 0 0 0 0 0 0 0 15 0 1 1 0 0 0 0 9 7 0 0 18 0 0 0 0 0 0 0 0 0 3 0 0 5 0 0 0 0 0 0 0 0 0 0 0 0 0 1 0 0 0 0 0 0 0 1 0 0 0 0 0 2 8 2 0 0 0 5 2 0 199 0 0 
45 1599 0 0 0 2 0 0 0 0 0 0 0 0 0 0 0 0 0 0 0 0 0 0 0 219 0 1049 0 1 1 0 0 1 0 0 0 0 0 0 1 0 0 2 0 0 0 1 0 5 0 0 0 0 0 0 0 0 0 0 1 0 5 0 0 0 0 0 0 0 0 0 0 0 0 0 0 0 0 0 0 22 0 0 0 1 0 0 0 1 0 0 0 0 0 0 11 0 1 1 0 0 1 0 1 0 0 0 0 0 0 0 0 0 0 0 0 0 0 0 0 0 0 6 1 0 0 0 0 1 0 0 0 0 0 11 1 0 0 0 0 0 0 0 0 0 0 0 0 0 0 0 1 0 0 0 5 0 0 0 4 3 0 0 0 0 0 0 0 0 0 1 1 0 0 0 0 0 0 0 0 0 0 0 0 0 0 0 0 4 0 7 1 0 1 0 0 3 14 0 0 19 0 0 0 0 0 0 0 0 0 2 0 0 6 0 0 1 0 0 0 0 0 0 0 0 1 0 0 0 0 0 0 0 0 0 3 0 0 0 0 0 1 2 3 0 0 0 2 3 0 164 0 0 
46 1083 0 0 0 0 0 0 1 0 0 0 0 0 0 0 0 0 0 0 0 0 1 0 0 77 0 748 0 0 3 0 0 0 0 0 0 0 0 0 1 0 0 0 0 0 0 0 0 4 0 0 0 0 0 0 0 0 0 0 2 0 5 0 0 0 0 0 0 0 2 0 0 0 0 0 0 0 0 0 0 11 0 0 0 0 0 0 0 3 0 0 0 0 0 0 9 0 1 0 0 0 2 0 0 0 0 0 3 0 0 0 0 0 0 0 0 0 0 0 0 0 0 5 7 0 0 0 0 13 0 0 0 0 0 4 1 0 0 0 0 0 0 2 0 0 0 0 0 0 1 0 0 0 0 0 3 0 0 0 2 0 0 0 0 0 0 0 0 0 0 0 0 0 0 0 0 0 0 0 1 13 0 0 0 0 0 0 0 2 0 8 2 0 0 0 0 4 9 0 0 15 0 0 0 0 0 0 0 0 0 4 0 0 3 0 0 1 0 0 0 0 0 0 0 0 0 0 0 0 0 0 0 0 0 0 0 0 0 0 0 0 0 2 3 0 0 0 0 0 0 104 0 0 
47 717 0 0 0 0 0 0 0 0 0 0 0 0 0 0 0 0 0 0 0 0 0 0 0 60 0 514 0 0 0 0 0 0 0 0 0 0 0 0 0 0 0 1 0 0 0 0 0 5 0 0 0 0 0 0 0 0 0 0 0 0 2 0 0 0 0 0 0 0 0 0 0 0 0 0 0 0 0 0 0 3 0 0 0 0 0 0 0 2 0 0 0 0 0 0 4 0 1 0 0 0 0 0 0 0 0 0 8 0 1 0 0 0 0 0 0 0 0 0 0 0 0 1 1 0 0 0 0 2 0 0 0 0 0 1 0 0 0 0 0 0 0 0 0 0 0 0 0 0 0 2 3 0 0 0 3 0 0 0 1 0 0 0 0 0 0 0 0 0 0 2 0 0 0 0 1 0 0 0 0 14 0 0 0 0 0 0 0 4 0 0 0 0 0 0 0 2 2 0 0 10 0 0 0 0 0 0 0 0 1 1 0 0 5 0 0 0 0 0 0 0 0 0 0 0 0 0 0 0 0 0 0 0 0 0 0 0 0 0 0 0 0 1 3 0 0 0 0 3 0 53 0 0 
48 530 0 0 0 0 0 0 0 0 0 0 0 0 0 0 0 0 0 0 0 0 1 0 0 22 0 373 0 0 0 0 0 0 0 0 0 0 0 0 0 0 0 1 0 0 0 0 0 4 0 0 0 0 0 0 0 0 0 0 0 0 0 0 0 0 0 0 0 0 1 0 0 0 0 0 0 0 0 0 0 4 0 0 0 3 0 0 0 2 0 0 0 0 0 0 9 0 0 1 0 0 0 0 2 0 0 0 19 0 3 0 0 0 0 0 0 0 0 0 0 0 0 4 1 0 0 0 0 0 0 0 0 0 0 0 0 0 0 0 0 0 0 0 0 0 0 0 0 0 1 2 6 0 0 0 1 0 0 0 5 0 0 0 0 0 0 0 0 0 0 0 0 0 0 0 0 0 0 0 0 1 0 0 0 0 0 0 0 3 0 2 0 0 0 0 0 0 1 0 0 16 0 0 0 0 0 0 0 0 0 2 0 0 4 0 0 0 0 0 0 0 0 0 0 0 0 0 0 0 0 0 0 0 2 0 1 0 0 0 0 0 0 0 0 0 0 0 0 0 0 33 0 0 
49 428 0 0 0 0 0 0 0 0 0 0 0 0 0 0 0 0 0 0 0 0 0 0 0 13 0 328 0 0 0 0 0 0 0 0 0 0 0 0 0 0 0 1 0 0 0 0 0 1 0 0 0 0 0 0 0 0 0 0 0 0 0 0 0 0 0 0 0 0 0 0 0 0 0 0 0 0 0 0 0 2 0 0 0 0 0 0 0 0 0 0 0 0 0 0 3 0 0 2 0 0 0 0 0 0 0 0 31 0 0 0 0 0 0 0 0 0 0 0 0 0 0 11 0 0 0 0 0 0 0 0 0 0 0 0 0 0 0 0 0 0 0 0 0 0 0 0 0 0 0 0 2 0 0 0 0 0 0 0 2 0 0 0 0 0 0 0 0 0 0 0 0 0 0 0 0 0 0 0 0 4 0 0 0 0 0 0 0 5 0 0 0 0 0 0 0 0 2 0 0 5 0 0 0 0 0 0 0 0 0 0 0 0 0 0 0 0 0 0 1 0 0 0 0 0 0 0 0 0 0 0 0 0 0 0 0 0 0 0 0 0 0 1 0 0 0 0 0 0 0 14 0 0 
50 541 0 0 0 0 0 0 0 0 0 0 0 0 0 0 0 0 0 0 0 0 0 0 0 17 0 403 0 0 0 0 0 0 0 0 0 0 0 0 1 0 0 3 0 0 0 0 0 0 0 0 0 0 0 0 0 0 0 0 0 0 0 0 0 0 0 0 0 0 0 0 0 0 0 0 0 0 0 0 0 0 0 0 0 0 0 0 0 0 0 0 0 0 0 0 4 0 0 0 0 0 0 0 0 0 0 0 47 0 0 0 0 0 0 0 0 0 0 0 0 0 1 6 0 0 0 0 0 0 0 0 0 0 0 2 0 0 0 0 0 0 0 0 0 0 0 0 0 0 0 0 1 0 0 0 2 0 0 0 0 0 0 0 0 0 0 0 0 0 0 3 0 0 0 0 0 0 0 0 0 2 0 0 0 0 0 0 0 6 0 1 0 0 0 0 0 0 1 0 0 9 0 0 0 0 0 0 0 0 0 0 0 0 0 0 0 0 0 0 2 0 0 0 0 0 0 0 0 0 0 0 0 0 0 0 0 0 0 0 0 0 2 0 0 0 0 0 0 0 0 28 0 0 
51 715 0 0 0 1 0 0 0 0 0 0 0 0 0 0 0 0 0 0 0 0 0 0 0 12 0 563 0 0 0 0 0 0 0 0 0 0 0 0 0 0 0 6 0 0 0 1 0 0 0 0 0 0 0 0 0 0 0 0 0 0 0 0 0 0 0 0 0 0 0 0 0 0 0 0 0 0 0 1 0 1 0 0 0 0 0 0 0 0 0 0 0 0 0 0 3 0 0 0 0 0 1 0 5 0 0 0 51 0 0 0 0 0 0 0 0 0 0 0 0 0 5 1 1 0 0 0 0 0 0 0 0 0 0 0 0 0 0 0 0 0 0 0 0 0 0 0 0 0 0 0 3 0 0 0 9 0 0 0 0 0 0 0 0 0 0 0 0 0 0 3 0 0 0 0 0 0 0 0 0 5 0 0 0 0 0 0 0 6 0 0 0 0 0 0 0 0 1 0 0 11 0 0 0 0 0 0 0 0 0 0 0 0 1 0 0 0 0 0 4 0 0 0 0 0 0 0 0 0 0 0 0 0 0 0 0 0 0 0 0 0 2 0 0 0 0 0 1 0 0 17 0 0 
52 955 0 0 0 0 0 0 0 0 0 0 0 0 0 0 0 0 0 0 0 0 0 0 0 48 0 720 0 0 0 0 0 1 0 0 0 0 0 0 0 0 0 6 0 0 0 0 0 0 0 0 0 0 0 0 0 0 0 0 0 0 0 0 0 0 0 0 0 0 0 0 0 0 0 0 1 0 0 0 0 3 0 0 0 0 0 0 0 0 0 0 0 0 0 0 1 0 0 0 0 0 0 0 1 0 0 0 37 0 0 0 0 0 0 0 0 0 0 0 0 1 0 1 0 0 0 0 0 4 0 0 0 0 0 0 0 0 0 0 0 0 0 1 0 0 0 0 0 0 0 2 10 0 1 0 9 0 0 0 0 0 0 0 0 0 0 0 0 0 0 4 0 0 0 0 0 0 0 0 0 4 0 0 0 0 0 0 0 19 0 0 0 0 0 0 0 1 1 0 0 23 0 0 0 0 0 0 0 1 0 4 0 0 2 0 0 0 0 0 8 0 0 0 0 0 0 0 0 0 0 0 0 0 0 0 0 0 0 0 0 0 1 1 0 0 0 0 1 0 0 38 0 0 
53 1377 0 0 0 0 0 0 0 0 0 0 0 0 0 0 0 0 0 0 0 0 0 0 0 78 0 1010 0 0 0 0 0 0 0 0 0 0 0 0 1 0 0 3 0 0 0 2 0 1 0 0 0 0 0 0 0 0 0 0 0 0 0 1 0 0 0 0 0 0 0 0 0 0 0 0 0 0 0 0 0 2 0 0 0 0 0 0 0 0 0 0 0 0 0 0 0 0 0 0 0 0 0 0 1 0 0 0 53 0 0 0 0 0 0 0 0 0 0 0 0 0 0 1 2 0 0 0 0 0 0 0 0 0 0 5 0 0 0 0 0 0 0 0 0 0 0 0 0 0 0 0 14 0 0 0 1 0 0 0 1 0 0 0 0 0 0 0 0 0 0 12 0 0 0 0 0 0 0 0 0 3 0 0 0 0 0 0 0 18 0 0 1 0 0 0 0 0 0 0 0 47 0 0 0 0 0 0 0 0 0 3 0 0 8 0 0 0 0 0 2 0 0 0 0 0 0 0 0 0 0 0 0 0 0 0 0 0 0 0 0 0 2 1 0 0 1 0 0 0 0 102 0 0 
54 1787 0 0 0 2 0 0 0 0 0 0 0 0 0 0 0 0 0 0 0 0 0 0 0 125 0 1244 0 2 0 0 0 1 0 0 0 0 0 0 1 0 0 4 0 0 0 3 0 0 0 0 0 0 0 0 0 0 0 0 0 0 0 0 0 0 0 0 0 0 2 0 0 0 0 0 0 0 0 0 0 5 0 0 0 1 1 1 0 3 1 0 0 0 0 0 0 0 0 2 0 0 1 0 5 0 0 0 39 0 1 0 0 0 0 0 0 0 0 0 0 0 4 13 1 0 0 0 0 0 0 0 0 0 0 2 0 0 0 0 0 0 0 1 1 0 0 0 0 0 0 0 9 0 0 0 4 0 0 0 3 3 0 0 0 0 0 0 0 0 0 14 0 0 0 0 0 0 0 0 0 1 1 0 0 0 0 0 0 22 0 0 1 0 0 0 0 7 10 0 0 37 0 0 0 0 0 0 0 1 0 21 0 0 19 0 0 1 0 0 1 0 0 0 0 0 0 0 2 0 0 0 0 0 0 0 0 0 0 0 0 0 0 3 2 0 4 0 2 0 0 153 0 0 
55 4110 0 1 0 8 0 0 1 0 0 0 0 0 0 0 0 0 0 0 0 0 0 0 0 299 0 2895 0 0 5 0 0 0 1 0 0 0 0 0 2 0 0 10 0 0 0 2 0 8 0 0 0 0 0 0 0 0 0 0 0 0 0 0 0 0 0 0 0 0 1 0 0 0 0 0 1 0 0 0 0 22 0 0 0 6 2 0 0 12 0 0 0 0 0 0 13 0 0 5 0 0 3 0 10 0 0 0 85 0 4 0 0 0 0 0 0 0 0 0 0 2 3 18 2 0 0 0 0 23 0 0 0 0 0 21 0 0 0 0 0 0 0 1 0 0 0 0 0 0 3 0 7 0 0 0 3 0 0 0 31 1 0 0 0 0 0 0 0 0 0 16 0 0 0 0 0 0 0 0 0 9 0 0 0 0 0 0 0 76 0 1 5 0 0 0 2 9 27 0 0 40 0 0 0 0 0 0 0 0 0 11 0 0 7 0 0 1 0 0 3 0 0 0 0 0 1 0 1 0 0 0 0 0 0 1 2 0 0 0 0 0 0 9 3 0 13 0 7 1 0 353 0 0 
56 4493 0 0 0 6 0 0 0 0 0 0 0 0 0 0 0 0 0 0 0 0 0 0 0 282 0 3227 0 1 3 0 1 0 2 0 0 0 0 0 3 0 0 9 0 0 0 5 0 16 0 0 0 0 0 0 0 0 0 0 1 0 4 0 0 0 0 0 0 0 5 0 0 0 0 0 0 0 0 1 0 20 0 0 0 6 5 1 0 10 0 0 0 0 0 0 13 0 0 6 0 0 8 0 13 0 0 0 65 0 3 0 0 0 0 0 0 0 0 0 1 0 3 11 5 0 0 0 0 28 0 0 0 0 0 13 0 0 0 0 0 0 0 1 0 0 0 0 0 0 1 0 8 0 0 0 0 0 3 0 44 7 0 0 0 0 0 0 0 0 0 18 0 0 0 0 1 0 0 0 0 3 0 0 1 0 0 0 0 66 0 2 5 0 0 0 0 0 30 0 0 29 0 0 0 0 0 0 0 2 0 11 0 0 19 0 0 2 0 0 4 0 0 0 0 0 0 0 7 0 0 0 0 0 1 1 2 0 0 0 0 0 0 13 2 0 6 0 9 1 1 414 0 0 
57 4795 0 1 0 2 0 0 1 0 0 0 0 0 0 0 0 0 0 0 0 0 0 0 0 348 1 3506 0 0 3 0 0 1 1 0 0 0 0 2 5 0 0 23 0 0 0 2 0 10 0 0 0 0 0 0 0 0 0 0 0 0 3 0 0 0 0 0 0 0 1 0 0 0 0 0 0 0 0 0 0 23 0 0 0 4 2 0 0 9 0 0 0 0 0 0 15 0 0 3 0 0 0 0 4 0 0 0 36 0 3 0 0 0 0 0 0 0 0 0 0 1 4 17 4 0 0 0 0 8 0 0 0 0 0 11 3 0 0 0 0 0 0 1 0 0 0 0 0 0 0 0 18 0 0 0 0 0 1 0 32 4 0 0 0 0 0 0 0 0 0 21 0 0 0 0 0 0 0 0 0 3 0 0 0 0 1 0 1 66 0 12 2 0 0 0 1 2 41 0 0 38 0 0 0 0 0 0 0 0 0 19 0 0 17 0 0 2 0 0 1 0 0 0 0 0 0 0 9 0 0 0 0 0 1 1 3 0 0 0 0 0 0 16 3 0 16 0 5 1 2 395 0 0 
58 4770 0 0 0 8 0 0 1 0 0 0 0 0 0 0 0 0 0 0 0 0 0 0 0 384 0 3259 0 1 4 0 0 0 0 0 0 0 0 0 7 0 0 6 0 0 0 2 0 17 0 0 0 0 0 0 0 0 0 0 0 0 2 0 0 0 0 0 0 0 2 0 0 0 0 0 2 0 0 1 0 20 0 0 0 11 0 0 0 9 0 0 0 0 0 0 10 0 0 4 0 0 0 0 2 0 0 0 80 0 9 0 0 0 0 0 0 0 0 0 0 2 0 12 18 0 0 0 0 11 0 0 0 0 0 18 1 0 0 0 0 0 0 3 0 0 0 0 0 0 4 0 17 0 0 0 0 0 0 0 33 5 0 0 0 0 0 0 0 0 0 19 0 0 0 0 0 0 0 0 0 9 2 0 0 0 0 0 0 75 0 7 4 0 0 0 2 0 64 0 0 16 0 0 0 0 0 0 0 2 0 14 3 0 19 0 0 3 0 0 4 0 0 0 0 0 0 0 6 0 0 0 0 0 0 0 1 0 0 0 0 0 0 9 7 0 5 0 11 2 4 511 0 0 
59 4473 0 3 0 4 0 0 0 0 0 0 0 0 0 0 0 0 0 0 0 0 0 0 0 353 0 3200 0 2 7 0 0 0 1 0 0 0 0 0 8 0 0 17 0 0 0 1 0 8 0 0 0 0 0 1 0 0 1 0 0 0 4 2 0 0 0 0 0 0 1 0 0 0 0 0 1 0 0 2 0 12 0 0 0 6 0 1 0 11 1 0 0 0 0 0 18 0 0 4 0 0 0 0 9 0 0 0 64 0 2 0 1 0 0 0 0 0 0 0 0 0 0 9 7 0 0 0 0 24 0 0 0 0 0 25 12 0 0 0 0 0 0 1 0 0 0 0 0 0 2 0 7 0 0 0 5 0 0 1 36 1 0 0 0 0 0 0 0 0 0 5 0 0 0 0 0 0 0 0 2 3 6 0 1 0 0 0 0 92 0 1 2 0 1 0 0 10 42 0 0 16 0 0 0 0 0 0 0 2 0 10 0 0 19 0 0 0 0 0 2 0 0 0 0 0 0 0 2 0 0 0 0 0 0 0 1 0 0 0 0 0 0 14 5 0 4 0 4 1 0 351 0 0 
60 4256 0 0 0 2 0 0 1 0 0 0 0 0 0 0 0 0 0 0 0 0 0 0 0 359 0 2984 0 1 7 0 1 1 0 0 0 0 0 0 6 0 0 9 0 0 0 4 0 11 0 0 0 0 0 0 0 0 0 0 0 0 0 2 0 0 0 0 0 0 0 0 0 0 0 0 0 0 0 1 0 20 0 0 0 4 1 1 0 13 0 0 0 0 0 0 29 0 0 3 0 0 0 0 8 0 0 0 44 0 4 0 2 0 0 0 0 0 0 0 0 1 2 13 9 0 0 0 0 16 0 0 0 0 0 35 1 0 0 0 0 0 0 1 0 0 0 0 0 0 1 2 8 0 1 0 1 0 0 0 24 3 0 0 0 0 0 0 0 0 0 20 0 0 0 0 0 0 0 0 0 20 6 0 1 0 0 0 0 82 0 1 3 0 1 0 2 4 28 0 0 23 0 0 0 0 0 0 0 0 0 8 4 0 12 0 0 0 0 0 2 0 0 0 0 0 0 0 2 0 0 0 0 0 0 0 0 0 0 0 0 0 0 3 5 0 1 1 11 0 1 378 0 0 
61 3750 0 0 0 4 0 0 1 0 0 0 0 0 0 0 0 0 0 0 0 0 0 0 0 270 0 2705 0 0 1 0 0 0 0 0 0 0 0 0 6 0 0 3 0 0 0 4 0 13 0 0 0 0 0 0 0 0 1 0 2 0 2 1 0 0 0 0 0 0 4 0 0 0 0 0 0 0 0 0 0 8 0 0 0 12 0 0 0 5 1 0 0 0 0 0 18 0 0 4 0 0 0 0 8 0 0 0 79 0 6 0 1 0 0 0 0 0 0 0 0 1 0 11 7 0 0 0 0 18 0 0 0 0 0 17 0 0 0 0 0 0 0 0 0 0 0 0 0 0 2 0 7 0 0 0 0 0 0 0 23 1 0 0 0 0 0 1 0 0 0 12 0 0 0 0 0 0 0 0 0 5 0 0 2 0 0 0 0 35 0 0 0 0 1 0 0 0 23 0 0 34 0 0 0 0 0 0 0 10 0 8 0 0 17 0 0 0 0 0 1 0 0 0 0 0 0 0 2 0 0 0 0 0 0 0 5 0 0 0 0 0 0 13 2 0 0 0 10 7 0 314 0 0 
62 3722 0 0 0 9 0 0 0 0 0 0 0 0 0 0 0 0 0 0 0 0 1 0 0 283 0 2671 0 2 2 0 0 1 1 0 0 0 0 0 7 0 0 9 0 0 0 10 0 12 0 0 0 0 0 0 0 0 0 0 2 0 4 0 0 0 0 0 0 0 3 0 0 0 0 0 0 0 0 0 0 5 0 0 0 7 1 1 0 7 0 0 0 0 0 0 11 0 1 6 0 0 0 0 7 0 0 0 91 0 0 0 0 0 0 0 0 0 0 0 0 0 0 12 7 0 0 0 0 28 0 0 0 0 0 10 7 0 0 0 0 0 0 1 0 0 0 0 0 0 0 0 5 0 0 0 0 0 0 0 6 8 0 0 0 0 0 0 0 0 0 9 0 0 0 0 0 0 0 0 0 2 0 0 0 0 0 0 0 63 0 4 2 0 0 0 0 2 16 0 0 39 0 0 0 0 0 0 0 0 0 5 0 0 14 0 0 1 0 0 6 0 0 0 0 0 0 0 5 0 0 0 0 0 1 0 0 0 0 0 0 0 1 8 3 0 2 0 3 1 1 296 0 0 
63 3865 0 0 0 5 0 0 1 0 0 0 0 0 0 0 0 0 0 0 0 0 0 0 0 294 0 2787 0 2 2 0 0 0 0 0 0 0 0 0 5 0 0 17 0 0 0 2 0 13 0 0 0 0 0 0 0 0 0 0 0 0 5 0 0 0 0 0 0 0 3 0 0 0 0 0 0 0 0 0 0 10 0 0 0 6 4 1 0 7 1 0 0 0 0 0 6 0 2 2 0 0 0 0 4 0 0 0 63 0 7 0 0 0 0 0 0 0 0 0 0 1 0 15 4 0 0 0 0 18 0 0 0 0 0 16 2 0 0 0 0 0 0 0 0 0 0 0 0 0 3 0 18 0 0 0 9 0 0 0 10 3 0 0 0 0 0 0 0 0 0 16 0 0 0 0 0 0 0 0 2 5 1 0 0 0 0 0 0 44 0 3 5 0 0 0 0 2 55 0 0 27 0 0 0 0 0 0 0 0 0 5 0 0 5 0 0 1 0 0 2 0 0 0 0 0 0 1 5 0 0 0 0 0 2 0 0 0 0 0 0 0 1 1 0 0 2 0 5 0 0 326 0 0 
64 2763 0 0 0 3 0 0 2 0 0 0 0 0 0 0 0 0 0 0 0 0 0 0 0 164 0 2064 0 1 4 0 0 0 0 0 0 0 0 0 6 0 0 6 0 0 0 4 0 8 0 0 0 0 0 0 0 0 0 0 0 0 0 0 0 0 0 0 0 0 2 0 0 0 0 0 0 0 0 0 0 7 0 0 0 1 0 1 0 4 0 0 0 0 0 0 12 0 0 1 0 0 0 0 3 0 0 0 38 0 1 1 0 0 0 0 0 0 0 0 0 0 0 8 8 0 0 0 0 9 0 0 0 0 0 14 4 0 0 0 0 0 0 0 0 0 0 0 0 0 0 0 11 0 1 0 0 0 0 0 11 1 0 0 0 0 0 0 0 0 0 9 0 0 0 0 0 0 0 0 2 0 0 0 0 0 0 0 0 40 0 1 0 0 0 0 0 1 17 0 0 12 0 0 0 0 0 0 0 0 0 2 0 0 3 0 0 1 0 0 2 0 0 0 0 0 0 0 2 0 0 0 0 0 0 0 2 0 0 0 0 0 0 0 2 0 1 0 5 0 0 261 0 0 
65 4512 0 0 0 5 0 0 0 0 0 0 0 0 0 0 0 0 0 0 0 0 0 0 0 288 0 3302 0 1 2 0 0 1 0 0 0 0 0 0 1 0 0 4 0 0 0 5 0 19 0 0 0 0 0 0 0 0 0 0 1 0 4 1 0 0 0 0 0 0 3 0 0 0 0 0 0 0 0 0 0 19 0 0 0 9 2 0 0 6 0 0 0 0 0 0 9 0 1 1 0 0 1 0 13 0 0 0 26 0 4 0 2 0 0 0 0 0 0 0 0 0 0 14 15 0 0 0 0 30 0 0 0 0 0 19 4 0 0 0 0 0 0 0 0 0 0 0 0 0 2 0 19 0 0 0 2 0 0 0 21 1 0 0 0 0 0 0 0 0 0 8 0 0 0 0 0 0 0 0 0 5 0 0 0 0 0 0 0 73 0 0 0 0 1 0 0 1 20 0 0 31 0 0 0 0 0 0 0 0 0 6 1 0 14 0 0 0 0 0 10 0 0 0 0 0 0 0 4 0 0 0 0 0 1 0 2 0 0 0 0 0 0 10 3 0 2 0 6 0 0 457 0 0 
66 4357 0 0 0 1 0 0 0 0 0 0 0 0 0 0 0 0 0 0 0 0 0 0 0 365 0 3095 0 2 3 0 0 2 0 0 0 0 0 0 2 0 0 0 0 0 0 10 0 31 0 0 0 0 0 0 0 0 0 0 0 0 6 5 0 0 0 0 0 0 2 0 0 0 0 0 0 1 0 0 0 20 0 0 0 3 4 0 0 8 0 0 0 0 0 0 4 0 2 11 0 0 3 0 6 0 0 0 9 0 5 0 0 0 0 0 0 0 0 0 0 1 0 10 3 0 0 0 0 10 0 0 0 0 0 22 3 0 0 0 0 0 0 0 0 0 0 0 0 0 2 1 5 0 0 0 5 0 0 0 50 3 0 0 0 0 0 1 0 0 0 20 0 0 0 0 0 0 0 0 0 1 0 0 0 0 0 0 0 55 0 0 1 0 1 0 0 7 45 0 0 33 0 0 0 0 0 0 0 1 0 7 0 0 18 0 0 1 0 0 0 0 0 0 0 0 0 0 6 0 0 0 0 0 1 0 5 0 0 0 0 0 0 10 2 0 2 0 2 1 0 422 0 0 
67 4465 0 0 0 6 0 0 1 0 0 0 0 0 0 0 0 0 0 0 0 0 0 0 0 425 0 3190 0 1 7 0 0 2 0 0 0 0 0 0 4 0 0 0 0 0 0 5 0 13 0 0 0 0 0 0 0 0 0 0 0 0 5 2 0 0 0 0 0 0 3 0 0 0 0 0 0 1 0 0 0 20 0 0 0 9 3 0 0 10 0 0 0 0 0 0 8 0 1 2 0 0 1 0 8 0 0 0 6 0 5 0 0 0 0 0 0 0 0 0 0 0 1 11 11 0 0 0 0 14 0 0 0 0 0 11 0 0 0 0 0 0 0 0 0 0 0 0 0 0 2 0 5 0 0 0 0 0 0 0 18 3 0 0 0 0 0 0 0 0 0 8 0 0 0 0 0 0 0 0 0 1 1 0 0 0 0 0 1 39 0 0 6 0 0 0 0 5 47 0 0 39 0 0 0 0 0 0 0 0 0 13 0 0 22 0 0 1 0 0 0 0 0 0 0 0 1 0 0 0 0 0 0 0 1 0 0 0 0 0 0 0 1 10 2 0 0 0 1 5 0 447 0 0 
68 4405 0 0 0 4 0 0 1 0 0 0 0 0 0 0 0 0 0 0 0 0 0 0 0 485 0 3011 0 0 7 0 0 0 0 0 0 0 0 0 3 0 0 1 0 0 0 2 0 20 0 0 0 0 0 0 0 0 0 0 2 0 8 0 0 0 0 0 0 0 2 0 0 0 0 0 0 0 0 0 0 22 0 0 0 4 0 1 0 12 0 0 0 0 0 0 6 0 0 1 0 2 0 0 5 0 0 0 13 0 3 0 1 0 0 0 0 0 0 0 0 1 7 21 6 0 0 0 0 25 0 0 0 0 0 13 0 0 0 0 0 0 0 0 0 0 0 0 0 0 3 0 2 0 0 0 0 0 0 0 11 2 0 0 0 0 0 1 0 0 0 1 0 0 0 0 0 0 0 0 0 3 1 0 0 0 0 0 0 18 0 6 10 0 1 0 0 0 41 0 0 25 0 0 0 0 0 0 0 0 0 8 0 0 38 0 0 0 0 0 0 0 0 0 0 0 0 0 2 0 0 0 0 0 0 0 1 0 0 0 0 0 0 11 4 0 0 0 4 1 0 522 0 0 
69 3505 0 0 0 3 0 0 1 0 0 0 0 0 0 0 0 0 0 0 0 0 0 0 0 338 0 2405 0 1 6 0 0 0 0 0 0 0 0 0 1 0 0 3 0 0 0 3 0 20 0 0 0 0 0 0 0 2 0 0 0 0 4 1 0 0 1 0 0 0 2 0 0 0 0 0 0 0 0 0 0 24 0 0 0 8 2 0 0 12 2 0 0 0 0 0 12 0 0 1 0 0 0 0 13 0 0 0 18 0 4 0 0 0 0 0 0 0 0 0 0 1 5 18 8 0 0 0 0 29 0 0 0 0 0 11 0 0 0 0 0 0 0 1 0 0 0 0 0 0 0 0 2 0 0 0 0 0 0 0 7 2 0 0 0 0 0 0 0 0 0 0 0 0 0 0 0 0 0 0 0 1 0 0 0 0 0 0 0 16 0 2 5 0 0 0 0 2 33 0 0 43 0 0 0 0 0 0 0 0 0 2 0 0 22 0 0 0 0 0 0 0 0 0 0 0 0 0 2 0 0 0 0 0 0 0 0 0 0 0 0 0 0 7 3 0 0 0 11 2 0 383 0 0 
70 2278 0 0 0 1 0 0 3 0 0 0 0 1 0 0 0 0 0 0 0 0 0 0 0 205 0 1580 0 1 1 0 0 0 0 0 0 0 0 0 2 0 0 1 0 0 0 0 0 13 0 0 0 0 0 0 0 0 0 0 0 0 3 0 0 0 1 0 0 0 0 0 0 0 0 0 0 0 0 0 0 15 0 0 0 1 1 0 0 12 0 0 0 0 0 0 10 0 0 1 0 0 0 0 10 0 0 0 21 0 4 0 0 0 0 0 0 0 0 0 0 1 0 3 1 0 0 0 0 7 0 0 0 0 0 16 2 0 0 0 0 0 0 0 0 0 0 0 0 0 1 0 2 0 0 0 2 0 0 0 6 1 0 0 0 0 0 0 0 0 0 5 0 0 0 0 0 0 0 0 0 1 1 0 0 0 0 0 0 26 0 2 4 0 0 0 0 0 19 0 0 42 0 0 0 0 0 0 0 0 0 4 0 0 12 0 0 0 0 0 0 0 0 0 0 0 0 0 1 0 0 0 0 0 1 0 0 0 0 0 0 0 1 1 0 0 2 0 3 3 4 215 0 0 
71 1652 0 0 0 1 0 0 0 0 0 0 0 0 0 0 0 0 0 0 0 0 0 0 0 122 0 1181 0 0 0 0 0 0 0 0 0 0 0 0 4 0 0 1 0 0 0 3 0 9 0 0 0 0 0 0 0 1 0 0 1 0 2 0 0 0 1 0 0 0 1 0 0 0 0 0 4 0 0 0 0 9 0 0 0 0 1 0 0 4 0 0 0 0 0 0 2 0 0 1 0 0 0 0 2 0 0 0 21 0 1 0 0 0 0 0 0 0 0 0 0 0 0 0 2 0 0 0 0 0 0 0 0 0 0 3 2 0 0 0 0 0 0 0 0 0 0 0 0 0 1 0 3 0 0 0 2 0 0 0 7 0 0 0 0 0 0 0 0 0 0 0 0 0 0 0 0 0 0 0 0 0 0 0 0 0 0 0 0 7 0 0 1 0 1 0 0 10 22 0 0 58 0 0 0 0 0 0 0 0 0 1 0 0 7 0 0 0 0 0 1 0 0 0 0 0 0 0 0 0 0 0 0 0 0 0 0 0 0 0 0 0 1 2 1 0 0 0 1 4 1 141 0 0 
72 1078 0 0 0 1 0 0 3 0 0 0 0 0 0 0 0 0 0 0 0 0 0 0 0 67 0 775 0 1 0 0 0 0 0 0 0 0 0 0 0 0 0 11 0 0 0 0 0 4 0 0 0 0 0 0 0 0 0 0 1 0 0 0 0 0 0 0 0 0 0 0 0 0 0 0 1 0 0 0 0 6 0 0 0 1 0 0 1 1 0 0 0 0 0 0 10 0 0 1 0 0 0 0 4 0 0 0 27 0 4 0 0 0 0 0 0 0 0 0 0 0 2 0 2 0 0 0 0 3 0 0 0 0 0 7 1 0 0 0 0 0 0 2 0 0 0 0 0 0 0 0 2 0 0 0 5 0 0 0 6 0 0 0 0 0 0 0 0 0 0 1 0 0 0 0 0 0 0 0 0 0 0 0 0 0 0 0 0 6 0 0 0 0 0 0 0 2 2 0 0 36 0 0 0 0 0 0 0 0 0 1 0 0 1 0 0 0 0 0 0 0 0 0 0 0 0 0 0 0 0 0 0 0 0 0 0 0 0 0 0 0 0 1 1 0 0 0 0 3 1 74 0 0 
73 897 0 0 0 1 0 0 0 0 0 0 0 0 0 0 0 0 0 0 0 0 0 0 0 50 0 655 0 0 0 0 0 0 0 0 0 0 0 0 1 0 0 5 0 0 0 0 0 1 0 0 0 0 0 0 0 0 0 0 0 0 1 0 0 0 0 0 0 0 0 0 0 0 0 0 5 0 0 1 0 4 0 0 0 0 0 0 0 0 1 0 0 0 0 0 2 0 0 0 0 0 0 0 1 0 0 0 62 0 1 0 0 0 0 0 0 0 0 0 0 0 0 7 1 0 0 0 0 1 0 0 0 0 0 0 0 0 0 0 0 0 0 3 0 0 0 0 0 0 0 1 3 0 0 0 4 0 0 0 4 0 0 0 0 0 0 0 0 0 0 2 0 0 0 0 0 0 0 0 0 2 1 0 0 0 0 0 0 8 0 0 0 0 1 0 0 0 4 0 0 22 0 0 0 0 0 0 0 1 0 0 0 0 1 0 0 0 0 0 1 0 0 0 0 0 0 0 0 0 0 0 0 0 0 0 0 0 0 0 0 0 1 0 0 0 0 0 0 1 1 36 0 0 
74 884 0 0 0 0 0 0 0 0 0 0 0 0 0 0 0 0 0 0 0 0 0 0 0 25 0 641 0 0 3 0 0 0 0 0 0 0 0 0 1 0 0 10 0 0 0 0 0 3 0 0 0 0 0 0 0 0 0 0 0 0 0 1 0 0 0 0 0 0 0 0 0 0 0 0 0 1 0 0 0 3 0 0 0 0 0 0 0 5 0 0 0 0 0 0 0 0 0 0 0 0 0 0 3 0 0 0 49 0 0 0 0 0 0 0 0 0 0 0 0 0 0 3 0 0 0 0 0 2 0 0 0 0 0 3 0 0 0 0 0 0 0 0 0 0 0 0 0 0 0 0 5 0 0 0 5 0 0 0 0 1 0 0 0 0 0 0 0 0 0 3 0 0 0 0 0 0 0 0 0 5 0 0 0 0 0 0 0 12 0 0 0 0 0 0 0 0 6 0 0 51 0 0 0 0 0 0 0 0 0 1 0 0 1 0 0 0 0 0 4 0 0 0 0 0 0 0 0 0 0 0 0 0 0 0 0 0 0 0 0 0 0 3 0 0 0 0 1 0 0 33 0 0 
75 1022 0 0 0 0 0 0 0 0 0 0 0 0 0 0 0 0 0 0 0 0 0 0 0 24 0 804 0 0 0 0 0 0 0 0 0 0 0 0 1 0 0 5 0 0 0 2 0 3 0 0 0 0 0 0 0 0 0 0 0 0 0 0 0 0 0 0 0 0 0 0 0 0 0 0 1 0 0 0 0 2 0 0 0 0 0 0 0 0 0 0 0 0 0 0 0 0 0 0 0 0 0 0 2 0 0 0 50 0 0 0 0 0 0 0 0 0 0 0 0 0 0 2 1 0 0 0 0 0 0 0 0 0 0 1 0 0 0 0 0 0 0 0 0 0 0 0 0 0 1 0 3 0 0 0 0 0 0 0 1 0 0 0 0 0 0 0 0 0 0 7 0 0 0 0 0 0 0 0 0 0 0 0 0 0 0 0 0 12 0 0 0 0 0 0 0 0 1 0 0 42 0 0 0 0 0 0 0 0 0 2 0 0 2 0 0 0 0 0 2 0 0 0 0 0 0 0 1 0 0 0 0 0 0 0 0 0 0 0 0 0 2 1 1 0 2 0 0 3 0 41 0 0 
76 1655 0 0 0 5 0 0 0 0 0 0 0 0 0 0 0 0 0 0 0 0 1 0 0 95 0 1185 0 0 0 0 0 0 1 0 0 0 0 0 0 0 0 6 0 0 0 3 0 4 0 0 0 0 0 0 0 0 0 0 0 0 0 0 0 0 0 0 0 0 0 0 0 0 0 0 0 0 0 0 0 6 0 0 0 0 1 0 0 6 0 0 0 0 0 0 2 0 0 0 0 0 0 0 4 1 0 0 113 0 0 0 0 0 0 0 0 0 0 0 0 0 0 10 1 0 0 0 0 0 0 0 0 0 0 1 0 0 0 0 0 0 0 0 0 0 0 0 0 0 0 0 14 0 0 0 4 0 0 0 2 0 0 0 0 0 0 0 0 0 0 12 0 0 0 0 0 0 0 0 0 6 0 0 0 0 0 0 0 33 0 0 0 0 4 0 0 2 1 0 0 44 0 0 0 0 0 0 0 0 0 2 0 0 2 0 0 0 0 0 5 0 0 0 0 0 0 0 1 0 0 0 0 0 1 0 1 0 0 0 0 0 0 1 0 0 2 0 1 1 1 70 0 0 
77 2411 0 0 0 1 0 0 0 0 0 0 0 0 0 0 0 0 0 1 0 0 0 0 0 109 0 1872 0 0 0 0 0 0 1 0 0 0 0 0 0 0 0 8 0 0 0 2 0 1 0 0 0 0 0 0 0 0 2 0 0 0 0 0 0 0 0 0 0 0 2 0 0 0 0 0 0 0 0 2 0 2 0 0 0 0 0 1 0 7 3 0 0 0 0 0 11 0 0 0 0 0 0 0 9 0 0 0 69 0 1 0 0 0 0 0 0 0 0 0 0 1 0 7 1 0 0 0 0 2 0 0 0 0 0 9 0 1 0 0 0 0 0 0 0 0 0 0 0 0 1 0 16 0 0 0 4 0 0 0 2 2 0 0 0 0 0 0 0 0 0 20 0 0 0 0 0 0 0 0 1 12 0 0 0 0 0 0 0 42 0 0 0 0 1 0 0 3 8 0 0 30 0 0 0 0 0 0 0 1 0 9 0 0 6 0 0 0 0 0 4 0 0 0 0 0 0 0 1 0 0 0 0 0 0 2 2 0 0 0 0 0 0 3 2 0 5 0 1 0 1 107 0 0 
78 3225 0 0 0 0 0 0 0 0 0 0 0 0 0 0 0 0 0 0 0 0 0 0 0 152 0 2422 0 0 1 0 0 3 0 0 0 0 0 0 0 0 0 11 0 0 0 8 0 1 0 0 0 0 0 0 0 0 0 0 4 0 0 0 0 0 0 0 0 0 5 0 0 0 0 0 0 0 0 1 0 12 0 0 0 1 2 0 0 2 1 0 0 0 0 0 4 0 3 1 0 0 0 0 2 0 0 0 67 0 2 0 0 0 0 0 0 0 0 0 0 2 0 13 1 0 0 0 0 27 0 0 0 0 0 7 0 0 0 0 0 0 0 0 0 0 0 0 0 0 1 0 11 0 0 0 7 0 0 0 5 3 0 0 0 0 0 0 0 0 0 13 0 0 0 0 0 0 0 0 0 6 2 0 0 0 0 0 0 52 0 0 1 0 0 0 0 10 24 0 0 43 0 0 0 0 0 0 0 2 0 7 0 0 13 0 0 0 0 0 4 0 0 0 0 0 0 0 5 0 0 0 0 0 0 0 0 0 0 0 0 0 0 18 2 0 1 0 6 0 1 231 0 0 
79 3920 0 0 0 2 0 0 2 0 0 0 0 0 0 0 0 0 0 0 0 0 0 0 0 245 0 2796 0 3 1 0 0 0 0 0 0 0 0 0 1 0 0 11 0 0 0 6 0 5 0 0 0 0 0 0 0 0 0 0 0 0 6 0 0 0 0 0 0 0 5 0 0 0 0 0 0 0 0 0 0 14 0 0 0 10 1 1 0 15 9 0 0 0 0 0 17 0 0 11 0 0 0 0 9 0 0 0 58 0 3 0 0 0 0 0 0 0 0 0 0 1 1 8 5 0 0 0 0 21 0 0 0 0 0 10 1 0 0 0 0 0 0 3 0 0 0 0 0 0 1 0 5 0 1 0 1 0 0 0 12 3 0 0 0 0 0 0 0 0 0 17 0 0 0 0 0 0 0 0 0 8 0 0 0 0 0 0 0 51 0 0 0 0 0 0 0 2 67 0 0 55 0 0 0 0 0 0 0 0 0 9 0 0 7 0 0 0 0 0 3 0 0 0 0 0 0 0 4 0 0 0 0 0 3 1 2 0 0 0 0 0 0 12 5 0 3 0 8 1 3 353 0 0 
80 4668 0 0 0 9 0 0 1 0 0 0 0 0 0 0 0 0 0 0 0 0 0 0 0 330 0 3345 0 0 3 0 0 1 0 0 0 0 0 0 6 0 0 7 0 0 0 2 0 17 0 0 0 0 0 0 0 0 0 0 0 0 11 1 0 0 1 0 0 0 1 0 0 0 0 0 0 0 0 1 0 17 0 0 0 14 1 0 0 5 2 0 0 0 0 0 20 0 0 2 0 0 0 0 9 0 0 0 83 0 2 0 0 0 0 0 0 0 0 0 0 0 1 15 5 0 0 0 0 21 0 0 0 0 0 18 1 0 0 0 0 0 0 1 0 0 0 0 0 0 2 0 3 0 0 0 0 0 0 0 23 3 0 0 0 0 0 0 0 0 0 21 0 0 0 0 0 0 0 0 0 10 1 0 0 0 0 0 0 47 0 1 4 0 0 0 1 6 42 0 0 25 0 0 0 0 0 0 0 0 0 3 0 0 17 0 4 1 0 0 4 0 0 0 0 0 0 0 3 0 0 0 0 0 3 2 1 0 0 0 0 0 1 13 1 0 5 0 8 2 0 457 0 0 
81 5028 0 0 0 3 0 0 1 0 0 0 0 0 0 0 0 0 0 0 0 0 0 0 0 299 0 3652 0 0 3 0 0 1 0 0 0 0 0 0 6 0 0 3 0 0 0 2 0 17 0 0 0 0 0 0 0 0 0 0 0 0 11 0 0 0 0 0 0 0 1 0 0 0 0 0 0 0 0 0 0 21 0 0 0 9 0 0 0 10 3 0 0 0 0 0 12 0 4 13 0 0 0 0 19 0 0 0 80 0 6 0 0 0 0 0 0 0 0 0 0 0 1 30 7 0 0 0 0 9 0 0 0 0 0 15 1 0 0 0 0 0 0 10 1 0 0 0 0 0 4 0 12 0 0 0 0 0 0 0 21 4 0 0 0 0 0 0 0 0 0 18 0 0 0 0 0 0 0 0 0 5 0 0 0 0 0 0 0 56 0 1 4 0 0 0 0 0 49 0 0 42 0 0 0 0 0 0 0 0 0 11 0 0 21 0 0 1 0 0 2 0 0 0 0 0 1 0 7 0 0 0 0 0 1 2 2 0 0 0 0 0 1 10 9 0 0 0 11 0 1 479 0 0 
82 5041 0 0 0 6 0 0 1 0 0 0 0 0 0 0 0 0 0 0 0 0 0 0 0 415 0 3665 0 1 7 0 0 0 0 0 0 0 0 0 4 0 0 7 0 0 0 3 0 14 0 0 0 0 0 0 0 0 0 0 1 0 8 2 0 0 0 0 0 0 0 0 0 0 0 0 0 0 0 0 0 23 0 0 0 8 2 0 0 21 2 0 0 0 0 0 10 0 2 8 0 0 0 0 19 1 0 0 96 0 1 0 1 0 0 0 0 0 0 0 0 0 0 14 11 0 0 0 0 10 0 0 0 0 0 11 2 0 0 0 0 0 0 0 0 0 0 0 0 0 2 0 21 0 0 0 2 0 0 0 19 3 0 0 0 0 0 0 0 0 0 16 0 0 0 0 0 0 0 0 0 9 0 0 0 0 0 0 0 41 0 0 3 0 0 0 0 1 33 0 0 26 0 0 0 0 0 0 0 0 0 11 0 0 22 0 0 6 0 0 3 0 0 0 0 0 0 0 1 0 0 0 0 0 1 7 8 0 0 0 0 0 0 9 1 0 1 0 10 1 3 405 0 0 
83 4698 0 0 0 4 0 0 4 0 0 0 0 1 0 0 0 0 0 0 0 0 0 0 0 317 0 3443 0 3 2 0 0 0 0 0 0 0 0 0 4 0 0 17 0 0 0 3 0 10 0 0 0 0 0 0 0 0 1 0 0 0 5 1 0 0 1 0 0 0 1 0 0 0 0 0 0 0 0 0 0 12 0 0 0 8 5 0 0 12 1 0 0 0 0 0 8 0 1 5 0 0 0 0 3 0 0 0 105 0 3 0 0 0 0 0 0 0 0 0 1 0 0 11 7 0 0 0 0 17 0 0 0 0 0 20 5 0 0 0 0 0 0 1 0 0 0 0 0 0 0 0 9 0 0 0 1 0 0 0 13 1 0 0 0 0 0 0 0 0 0 23 1 0 0 0 0 0 0 0 0 9 2 0 0 0 0 0 0 56 0 3 3 0 3 0 3 13 32 0 0 14 0 0 0 0 0 0 0 1 0 18 0 0 14 0 0 0 0 0 5 0 0 0 0 0 0 0 2 0 0 0 0 0 1 0 0 0 0 0 0 0 1 6 1 0 1 0 3 2 2 412 0 0 
84 4077 0 0 0 7 0 0 0 0 0 0 0 0 0 0 0 0 0 0 0 0 0 0 0 277 0 2980 0 2 3 0 0 0 0 0 0 0 0 0 2 0 0 9 0 0 0 3 0 12 0 0 0 0 0 0 0 0 3 0 1 0 9 1 0 0 0 0 0 0 2 0 0 0 0 0 0 1 0 0 0 19 0 0 0 6 3 1 0 6 2 0 0 0 0 0 4 0 0 0 0 0 0 0 2 0 0 0 110 0 2 0 0 0 0 0 0 0 0 0 0 1 0 10 3 0 0 0 0 8 0 0 0 0 0 13 2 0 0 0 0 0 0 0 0 0 0 0 0 0 3 0 11 0 0 0 1 0 0 0 20 2 0 0 0 0 0 1 0 0 0 8 0 0 0 0 0 0 0 0 0 25 0 0 0 0 0 0 0 39 0 3 1 0 2 0 1 10 30 0 0 9 0 0 0 0 0 0 0 0 0 2 0 0 10 0 0 1 0 0 1 0 0 0 0 0 0 0 2 0 0 0 0 0 3 0 2 0 0 0 0 0 0 7 6 0 4 0 5 1 6 354 0 0 
85 4339 0 0 0 6 0 0 4 0 0 0 0 0 0 0 0 0 0 0 0 0 0 0 0 274 0 3185 0 2 0 0 0 0 0 0 0 0 0 0 2 0 0 6 0 0 0 2 0 14 0 0 0 0 0 0 0 0 0 0 0 0 6 4 0 0 0 0 0 0 0 0 0 0 0 0 0 0 0 1 0 15 0 0 0 10 1 1 1 7 0 0 0 0 0 0 9 0 1 3 0 0 5 0 10 0 0 0 128 0 1 0 0 0 1 0 0 0 0 0 0 1 0 15 7 0 0 0 0 12 0 0 0 0 0 15 2 0 0 0 0 0 0 0 0 0 0 0 1 0 2 0 17 0 0 0 5 0 0 0 13 3 0 0 0 0 0 0 0 0 0 11 0 0 0 0 0 0 0 0 1 14 0 0 0 0 0 0 0 66 0 3 0 0 0 0 0 0 35 0 0 23 0 0 0 0 0 0 0 2 0 2 0 0 12 0 0 0 0 0 3 0 0 0 0 0 0 0 3 0 0 0 0 0 0 4 1 0 0 0 0 0 0 6 1 0 1 0 5 0 1 352 0 0 
86 4216 0 0 0 2 0 0 0 0 0 0 0 0 0 0 0 0 0 0 0 0 0 0 0 228 0 3176 0 0 2 0 0 1 0 0 0 0 0 0 0 0 0 10 0 0 0 5 0 11 0 0 0 0 0 0 0 0 1 0 0 0 3 2 0 0 0 0 0 0 0 0 0 0 0 0 0 0 0 5 0 16 0 0 0 1 3 4 0 5 0 0 0 0 0 0 9 0 3 3 0 0 0 0 10 0 0 0 86 0 6 0 0 0 0 0 0 0 0 0 0 1 0 11 13 0 0 0 0 12 0 0 0 0 0 4 0 0 0 0 0 0 0 0 0 0 0 0 0 0 3 0 14 0 0 0 7 0 0 0 16 1 0 0 0 0 0 0 0 0 0 11 0 0 0 0 0 0 0 0 1 11 2 0 0 0 0 0 0 77 0 2 1 0 1 0 0 0 25 0 0 29 0 0 0 0 0 0 0 0 1 4 1 0 14 0 0 0 0 0 2 0 0 0 0 0 0 0 0 0 0 0 0 0 0 0 2 0 0 0 0 0 1 8 5 0 4 0 3 2 3 332 0 0 
87 2916 0 0 0 1 2 0 2 0 0 0 0 0 0 0 0 0 0 0 0 0 0 0 0 198 0 2188 0 1 4 0 0 0 0 0 0 0 0 0 5 0 0 9 0 0 0 6 0 12 0 0 0 0 0 0 0 0 3 0 0 0 0 0 0 0 0 0 0 0 1 0 0 0 0 0 0 0 0 0 0 17 0 0 0 4 0 0 0 6 3 0 0 0 0 0 10 0 0 2 0 0 0 0 8 0 0 0 46 0 2 0 0 0 0 0 0 0 0 0 0 0 0 13 5 0 0 0 0 7 0 0 0 0 0 4 1 0 0 0 0 0 0 0 0 0 0 0 0 0 0 0 9 0 0 0 1 0 0 0 9 2 0 0 0 0 0 0 0 0 0 7 0 0 0 0 0 0 0 0 1 10 1 0 0 0 0 0 0 39 0 0 1 0 0 0 0 1 18 0 0 16 0 0 0 0 0 0 0 2 0 8 0 0 8 0 0 0 0 0 2 0 0 0 0 0 0 0 0 0 0 0 0 0 0 0 1 0 0 0 0 0 1 3 4 0 1 0 2 1 0 208 0 0 
88 2581 0 0 0 0 0 0 0 0 0 0 0 0 0 0 0 0 0 0 0 0 1 0 0 173 0 1928 0 1 3 0 0 0 0 0 0 0 0 0 2 0 0 3 0 0 0 6 0 4 0 0 0 0 0 0 0 0 0 0 1 0 0 0 0 0 0 0 0 0 0 0 0 0 0 0 0 0 0 0 0 6 0 0 0 0 2 0 0 7 0 0 0 0 0 0 9 0 2 3 0 0 0 0 6 0 0 0 22 0 4 0 0 0 0 0 0 0 0 0 0 2 1 2 4 0 0 0 0 6 0 0 0 0 0 5 1 0 0 0 0 0 0 0 0 0 0 0 0 0 0 0 2 0 0 0 3 0 0 1 12 0 0 0 0 0 0 0 0 0 0 9 0 0 0 0 0 0 0 0 0 1 1 0 0 0 0 0 0 29 0 0 0 0 0 0 0 0 27 0 0 24 0 0 0 0 0 0 0 2 0 8 0 0 4 0 0 0 0 0 4 0 0 0 0 0 0 0 0 0 0 0 0 0 0 0 1 0 0 0 0 0 0 0 4 0 0 0 2 0 0 243 0 0 
89 4439 0 0 0 7 0 0 0 0 0 0 0 0 0 0 0 0 0 0 0 0 0 0 0 350 0 3204 0 2 5 0 0 3 0 0 0 0 0 0 1 0 0 4 0 0 0 1 0 7 0 0 0 0 0 0 0 0 2 0 1 0 3 1 0 0 0 0 0 0 2 0 0 0 0 0 0 0 0 2 0 22 0 0 0 0 0 0 0 9 0 0 0 0 0 0 18 0 3 3 0 0 1 0 16 0 0 0 9 0 7 0 0 0 0 0 0 0 0 0 0 0 1 19 3 0 0 0 0 31 0 0 0 0 0 20 4 0 0 0 0 0 0 0 0 0 0 0 0 0 3 0 6 0 0 0 4 0 0 0 30 3 0 0 0 0 0 0 0 0 0 15 0 0 0 0 1 0 0 0 1 3 0 0 0 0 0 0 0 54 0 5 2 0 0 0 2 5 39 0 0 33 0 0 0 0 0 0 0 9 0 2 0 0 23 0 0 0 0 0 0 0 0 0 0 0 0 0 3 0 0 0 0 0 0 0 3 0 0 0 0 0 0 3 5 0 0 0 4 0 0 420 0 0 
90 4417 0 0 0 8 0 0 3 0 0 0 0 0 0 0 0 0 0 0 0 0 0 0 0 335 0 3208 0 1 5 0 0 3 0 0 0 0 0 0 3 0 0 0 0 0 0 8 0 4 0 0 0 1 0 0 0 1 0 0 1 0 5 0 0 0 0 0 0 0 3 0 0 0 0 0 0 0 0 0 0 11 0 0 0 4 3 0 0 9 0 0 0 0 0 0 10 0 0 5 0 0 0 0 19 0 0 0 6 0 4 0 0 0 1 0 0 0 0 0 0 0 0 10 4 0 0 0 0 19 0 0 0 0 0 13 1 1 0 0 0 0 0 1 0 0 0 0 0 0 5 0 5 0 0 0 6 0 0 0 32 2 0 0 0 0 0 0 0 0 0 12 0 0 0 0 0 0 0 0 1 6 2 0 0 0 0 0 0 50 0 1 2 0 0 0 1 0 48 0 0 35 0 0 0 0 0 0 0 21 0 7 1 0 15 0 0 0 0 0 4 0 0 0 0 0 0 0 0 0 0 0 0 0 0 0 1 0 0 0 0 0 0 4 4 0 1 0 4 0 1 436 0 0 
91 4217 0 0 0 5 0 0 0 0 0 0 0 0 0 0 0 0 0 0 0 0 0 0 0 466 0 2828 0 0 3 0 0 0 0 0 0 0 0 0 2 0 0 0 0 0 0 18 0 4 0 0 0 0 0 0 0 0 1 0 0 0 7 1 0 0 0 0 0 0 1 0 0 0 0 0 0 0 0 0 0 21 0 0 0 5 6 0 1 7 0 0 0 0 0 1 11 0 1 3 0 0 3 0 3 0 0 0 3 0 5 0 1 0 0 0 0 0 0 0 0 1 0 8 5 0 0 0 0 19 0 0 0 0 0 22 2 0 0 0 1 0 0 0 0 0 0 0 0 0 7 0 6 0 0 0 3 0 0 0 7 6 0 0 0 0 0 0 0 0 0 10 0 0 0 0 0 0 0 0 0 3 2 0 3 0 0 0 0 30 0 0 3 0 0 0 0 2 31 0 1 44 0 0 0 0 0 0 0 14 0 7 0 0 22 0 0 0 0 0 0 0 0 0 0 0 0 0 2 0 0 0 0 0 0 0 0 0 0 0 0 0 1 3 5 0 1 0 5 1 2 530 0 0 
92 3788 0 0 0 3 1 0 2 0 0 0 0 0 0 0 0 0 0 0 0 0 0 0 0 497 0 2543 0 0 1 0 0 0 0 0 0 0 0 0 0 0 0 2 0 0 0 6 0 3 0 0 0 0 0 0 0 1 0 0 1 0 5 0 0 0 0 0 0 0 4 0 0 0 0 0 0 0 0 0 0 24 0 0 0 7 2 0 0 6 0 0 0 0 0 0 11 0 0 2 0 1 0 0 1 0 0 0 0 0 7 0 1 0 0 0 0 0 0 0 0 0 1 15 9 0 0 0 0 19 0 0 0 0 0 12 1 0 0 0 0 0 0 1 0 0 0 0 0 0 7 1 2 0 0 0 1 0 0 0 9 1 0 0 0 0 0 0 0 0 0 4 0 0 0 0 0 0 0 0 1 0 0 0 0 0 0 0 0 22 0 0 1 0 0 0 0 0 52 0 0 33 0 0 0 0 0 0 0 0 0 6 0 0 15 0 0 0 0 0 0 0 0 0 0 0 0 0 2 0 0 0 0 0 0 0 0 0 0 0 0 0 0 2 3 0 1 0 4 1 0 431 0 0 
93 3109 0 0 0 4 0 0 3 0 0 0 0 0 0 0 0 0 0 0 0 0 0 0 0 314 0 2135 0 0 2 0 0 0 0 0 0 0 0 0 1 0 0 1 0 0 0 11 0 18 0 0 0 0 0 0 0 0 1 0 0 0 10 0 0 0 1 0 0 0 6 0 0 0 0 0 0 0 0 0 0 9 0 0 0 3 0 0 0 3 0 0 0 0 0 0 17 0 1 1 0 0 0 1 7 0 0 0 3 0 6 0 1 0 0 0 0 0 0 0 0 0 1 19 5 0 0 0 0 13 0 0 0 0 0 25 2 0 0 0 0 0 0 1 0 0 0 0 0 0 7 0 0 0 0 0 0 0 0 0 11 1 0 0 0 0 0 0 0 0 0 1 0 0 0 0 0 0 0 0 0 1 0 0 0 0 0 0 0 7 0 0 6 0 1 0 0 0 48 0 0 29 0 0 0 0 0 0 0 0 0 6 0 0 16 0 0 0 0 0 0 0 0 0 0 0 0 0 2 0 0 0 0 0 0 0 1 0 0 0 0 0 0 1 4 0 0 0 2 0 0 339 0 0 
94 2243 0 0 0 1 0 0 0 0 0 0 0 0 0 0 0 0 0 0 0 0 0 0 0 224 0 1520 0 0 2 0 0 0 0 0 0 0 0 0 3 0 0 6 0 0 0 1 0 9 0 0 0 0 0 0 0 0 1 0 0 0 14 0 0 0 0 0 0 0 2 0 0 0 0 0 0 1 0 0 0 27 0 0 0 3 1 0 0 3 0 0 0 0 0 0 6 0 0 1 0 0 0 0 0 0 0 0 12 0 5 0 0 0 0 0 0 0 0 0 0 1 0 4 2 0 0 0 0 2 0 0 0 0 0 7 1 0 0 0 0 0 0 3 0 0 0 0 0 0 0 0 5 0 1 0 2 0 0 0 5 1 0 0 0 0 0 0 0 0 0 0 0 0 0 0 0 0 0 0 0 1 0 0 0 0 0 0 0 9 0 0 0 0 0 0 0 0 26 0 0 26 0 0 0 0 0 0 0 0 0 0 0 0 6 0 0 0 0 0 1 0 0 0 0 0 0 0 1 0 0 0 0 0 0 0 0 0 0 0 0 0 1 4 0 0 0 0 5 2 0 284 0 0 
95 1365 0 0 0 1 0 0 0 0 0 0 0 0 0 0 0 0 0 0 0 0 1 0 0 100 0 944 0 0 1 0 0 0 0 0 0 0 0 0 0 0 0 6 0 0 0 0 0 7 0 0 0 0 0 0 0 0 0 0 0 0 24 0 0 0 0 0 0 0 3 0 0 0 0 0 0 0 0 0 0 18 0 0 0 0 1 0 0 4 0 0 0 0 0 0 5 0 0 0 0 0 0 0 2 0 0 0 26 0 0 0 0 0 0 0 0 0 0 0 0 0 0 2 2 0 0 0 0 5 0 0 0 0 0 4 0 0 0 0 0 0 0 0 0 0 0 0 0 0 4 1 1 0 0 0 6 0 0 0 3 1 0 0 0 0 0 0 0 0 0 0 0 0 0 0 0 0 0 0 0 3 1 0 0 0 0 0 0 9 0 0 0 0 0 0 0 0 27 0 0 20 0 0 0 0 0 0 0 0 0 2 0 0 5 0 0 0 0 0 1 0 0 0 0 0 0 0 0 0 0 0 0 0 0 0 0 0 0 0 0 0 0 2 2 0 0 0 1 1 0 118 0 0 
96 949 0 0 0 4 0 0 1 0 0 0 0 0 0 0 0 0 0 0 0 0 0 0 0 39 0 655 0 0 0 0 0 0 0 0 0 0 0 0 0 0 0 8 0 0 0 0 0 8 0 0 0 0 0 0 0 0 0 0 0 0 27 0 0 0 0 0 0 0 0 0 0 0 0 0 0 0 0 0 0 8 0 0 0 0 0 0 0 0 1 0 0 0 0 0 7 0 0 0 0 0 0 0 4 0 0 0 19 0 0 0 0 0 0 0 0 0 0 0 0 0 2 1 0 0 0 0 0 4 0 0 0 0 0 3 0 0 0 0 0 0 0 0 0 0 0 0 0 0 0 0 4 0 0 0 8 0 0 0 0 0 0 0 0 0 0 0 0 0 0 5 0 0 0 0 0 0 0 0 0 3 0 0 0 0 0 0 0 4 0 0 0 0 1 0 0 0 33 0 0 23 0 0 0 0 0 0 0 0 0 0 0 0 4 0 0 0 0 0 0 0 0 0 0 0 0 0 0 0 0 0 0 0 0 0 0 0 0 0 0 0 1 1 1 0 0 0 0 1 1 68 0 0 
97 822 0 0 0 2 0 0 0 0 0 0 0 0 0 0 0 0 0 0 0 0 0 0 0 14 0 577 0 1 2 0 0 0 0 0 0 0 0 0 0 0 0 5 0 0 0 0 0 2 0 0 0 0 0 0 0 0 0 0 0 0 4 0 0 0 0 0 0 0 0 0 0 0 0 0 0 0 0 0 0 3 0 0 0 0 0 0 1 0 1 0 0 0 0 0 3 0 0 0 0 0 0 0 1 0 0 0 106 0 0 0 0 0 0 0 0 0 0 0 0 1 0 1 1 0 0 0 0 0 0 0 0 0 0 2 1 0 0 0 0 0 0 0 0 0 0 0 0 0 0 0 6 0 3 0 3 0 0 0 0 0 0 0 0 0 0 0 0 0 0 1 0 0 0 0 0 0 0 0 0 1 0 0 0 0 0 0 0 11 0 1 0 0 0 0 0 0 9 0 0 12 0 0 0 0 0 0 0 0 0 0 1 0 0 0 0 0 0 0 1 0 0 0 0 0 0 0 0 0 0 0 0 0 0 0 0 0 0 0 0 0 1 3 1 0 0 0 0 3 0 37 0 0 
98 948 0 0 0 2 0 0 0 0 0 0 0 0 0 0 0 0 0 0 0 0 0 0 0 16 0 703 0 1 0 0 0 0 0 0 0 0 0 0 1 0 0 3 0 0 0 1 0 0 0 0 0 0 0 0 1 0 0 0 0 0 8 0 0 0 0 0 0 0 0 0 0 0 0 0 3 0 0 1 0 3 0 0 0 1 0 0 0 1 1 0 0 0 0 0 2 0 0 1 0 0 0 0 1 0 0 0 91 0 0 0 0 0 0 0 0 0 0 0 0 1 1 0 1 0 0 0 0 0 0 0 0 0 0 1 1 0 0 0 0 0 0 0 0 0 0 0 0 0 0 0 4 0 1 0 3 0 0 0 0 0 0 0 0 0 0 0 0 0 0 8 0 0 0 0 0 0 0 0 0 4 0 0 0 0 0 0 0 10 0 0 0 0 1 0 0 0 5 0 0 17 0 0 0 0 0 0 0 0 0 1 0 0 0 0 0 0 0 0 1 0 0 0 0 0 0 0 0 0 0 0 0 0 0 0 0 0 0 0 0 0 0 2 0 0 0 0 0 1 0 44 0 0 
99 1426 0 0 0 1 0 0 0 0 0 0 0 0 0 0 0 0 0 0 0 0 0 0 0 73 0 1068 0 0 0 0 0 0 0 0 0 0 0 0 0 0 0 6 0 0 0 2 0 0 0 0 0 0 0 0 0 0 0 0 0 0 1 0 0 0 0 0 0 0 0 0 0 0 0 0 1 0 0 0 0 4 0 0 0 6 0 0 0 0 1 0 0 0 0 0 8 0 0 0 0 0 0 0 6 0 0 0 73 0 0 0 0 0 0 0 0 0 0 0 0 0 0 3 1 0 0 0 0 1 0 0 0 0 0 0 1 0 0 0 0 0 0 0 0 0 0 0 0 0 0 0 8 0 0 0 4 0 0 0 0 0 0 0 0 0 0 0 0 0 0 18 0 0 0 0 0 0 0 0 0 4 0 0 1 0 0 0 0 30 0 0 0 0 0 0 0 0 4 0 0 33 0 0 0 0 0 0 0 0 0 3 0 0 4 0 0 0 0 0 1 0 0 0 0 0 0 0 1 0 0 0 0 0 0 0 0 0 0 0 0 0 4 1 0 0 1 0 0 2 0 50 0 0 
100 2338 0 0 2 1 0 0 0 0 0 0 0 0 0 0 0 0 0 0 0 0 0 0 0 150 0 1772 0 0 0 0 0 0 0 0 0 0 0 0 0 0 0 5 0 0 0 4 0 0 0 0 0 0 0 0 0 0 0 0 0 0 0 0 0 0 0 0 0 0 0 0 0 0 0 0 2 0 0 4 0 2 0 0 0 5 0 0 0 0 0 0 0 0 0 0 7 0 0 0 0 0 0 0 1 0 0 0 52 0 0 0 2 0 0 0 0 0 0 0 0 0 0 4 4 0 0 0 0 2 0 0 0 0 0 2 0 0 0 0 0 0 0 0 0 0 0 0 0 0 0 0 16 0 1 0 0 0 0 0 1 3 0 0 0 0 0 0 0 0 0 10 0 0 0 0 0 0 0 0 0 8 0 0 3 0 0 0 0 43 0 1 0 0 0 0 0 0 5 0 0 40 0 0 0 0 0 0 0 1 0 3 1 0 5 0 0 0 0 0 2 0 0 0 0 0 0 0 4 0 0 0 0 0 0 0 1 0 0 0 0 0 1 3 0 0 5 0 0 0 1 159 0 0 
101 3272 0 0 0 2 1 0 1 0 0 0 0 0 0 0 0 0 0 0 0 0 0 0 0 209 0 2542 0 2 0 0 0 1 0 0 0 0 0 0 4 0 0 4 0 0 0 8 0 2 0 0 0 0 0 0 0 0 0 0 0 0 0 0 0 0 0 0 0 0 2 0 0 0 0 0 0 0 0 5 0 1 0 0 0 2 1 0 0 2 1 0 0 0 0 0 2 0 1 3 0 0 0 0 5 0 0 0 76 0 1 0 0 0 0 0 0 0 0 0 0 0 0 7 2 0 0 0 0 20 0 0 0 0 0 4 1 0 0 0 0 0 0 0 0 0 0 0 0 0 1 0 3 0 0 0 1 0 0 0 0 2 0 0 0 0 0 0 0 0 0 25 0 0 0 0 0 0 0 0 0 11 0 0 1 0 0 0 0 49 0 0 1 0 0 0 0 0 3 0 0 33 0 0 0 0 0 0 0 1 0 5 0 0 8 0 0 0 0 0 6 0 0 0 0 0 0 0 4 0 0 0 0 0 0 0 0 0 0 0 0 0 0 5 1 0 6 0 6 0 0 185 0 0 
102 4326 0 0 0 5 0 0 3 0 0 0 0 0 0 0 0 0 0 0 0 0 0 0 0 292 0 3238 0 1 3 0 0 0 0 0 0 0 0 0 2 0 0 12 0 0 0 8 0 4 0 0 0 0 0 0 0 0 1 0 0 0 1 0 0 0 0 0 0 0 1 0 0 0 0 0 1 0 0 3 0 13 0 0 0 3 1 1 0 4 0 0 0 0 0 0 7 0 0 4 0 0 4 0 6 0 0 0 72 0 2 0 0 0 0 0 0 0 0 0 0 0 2 14 4 0 0 0 0 36 0 0 0 0 0 30 1 0 0 0 0 0 0 0 0 0 0 0 0 0 1 0 12 0 0 0 4 0 0 0 7 3 0 0 0 0 0 0 0 0 0 14 0 0 0 0 0 0 0 0 0 5 2 0 1 0 0 0 0 61 0 1 1 0 0 0 0 0 31 0 0 51 0 0 0 0 0 0 0 1 0 7 0 1 14 0 0 0 0 0 1 0 0 0 0 0 0 0 2 0 0 0 0 0 0 0 1 0 0 0 0 0 1 5 2 0 10 0 8 0 2 295 0 0 
103 4585 0 2 0 6 0 0 0 0 0 0 0 0 0 0 0 0 0 0 0 0 0 0 0 268 0 3377 0 0 4 0 0 0 0 0 0 0 0 0 1 0 0 7 0 0 0 4 0 8 0 0 0 0 0 0 0 0 1 0 0 0 1 1 0 0 0 0 0 0 2 0 0 0 0 0 2 0 0 1 0 21 0 0 0 3 2 0 0 6 1 0 0 0 0 0 2 0 0 15 0 0 3 0 8 0 0 0 108 0 8 0 0 0 0 0 0 0 0 0 0 3 2 19 17 0 0 0 0 25 0 0 0 0 0 21 2 0 0 0 0 0 0 1 0 0 0 0 0 0 2 0 5 0 0 0 0 0 0 0 14 2 0 0 0 0 0 0 0 0 0 21 0 0 0 0 0 0 0 0 0 11 0 0 0 0 0 0 0 54 0 1 1 0 0 0 0 1 43 0 0 19 0 0 0 0 0 0 0 5 0 12 0 0 17 0 0 0 0 0 2 0 0 0 0 0 0 0 6 0 0 0 0 0 1 0 2 0 0 0 0 0 0 1 3 0 10 0 10 2 2 384 0 0 
104 4774 0 0 0 1 0 0 0 0 0 0 0 1 0 0 0 0 0 0 0 0 0 0 0 353 0 3529 0 4 2 0 0 0 4 0 0 0 0 0 4 0 0 9 0 0 0 2 0 33 0 0 0 0 0 0 0 0 2 0 0 0 4 0 0 0 0 0 0 0 3 0 0 0 0 0 1 0 0 1 0 26 0 0 0 3 5 0 0 7 0 0 0 0 0 0 8 0 0 13 0 0 6 0 11 0 0 0 83 0 6 0 1 0 0 0 0 0 0 0 0 5 6 27 3 0 0 0 0 33 0 0 0 0 0 25 2 0 0 0 0 0 0 3 0 0 0 0 0 0 2 0 8 0 0 0 0 0 0 1 9 7 0 0 0 0 0 0 0 0 0 12 0 0 0 0 0 0 0 0 2 1 0 0 0 0 0 0 0 47 0 1 0 0 0 0 0 0 22 0 0 23 0 0 0 0 0 0 0 0 0 6 0 0 15 0 0 0 0 0 4 0 0 0 0 0 0 0 12 0 0 0 0 0 0 0 0 0 0 0 0 0 1 2 4 0 7 0 6 0 1 355 0 0 
105 4940 0 0 0 5 0 0 0 0 0 0 0 0 0 0 0 0 0 0 0 0 0 0 0 299 0 3642 0 4 2 0 0 1 0 0 0 0 0 0 9 0 0 6 0 0 0 4 0 25 0 0 0 0 0 0 0 0 2 0 0 0 11 0 0 0 0 0 0 0 2 0 0 0 0 0 0 0 0 0 0 21 0 0 0 5 4 0 0 4 4 0 0 0 0 0 10 0 1 8 0 0 1 0 10 0 0 0 61 0 6 0 0 0 0 0 0 0 0 0 0 0 5 21 10 0 0 0 0 16 0 0 0 0 0 29 2 0 0 0 0 0 0 2 0 0 0 0 0 0 0 2 18 0 0 0 0 0 1 0 46 5 0 0 0 0 0 0 0 0 0 20 0 0 0 0 0 0 0 0 0 5 1 0 1 0 0 0 0 41 0 0 5 0 1 0 0 0 42 0 0 47 0 0 0 0 0 0 0 1 0 10 0 0 23 0 0 2 0 0 1 0 0 0 0 0 0 0 6 0 0 0 0 0 0 2 7 0 0 0 0 0 0 1 6 0 9 0 12 4 0 388 0 0 
106 4608 0 0 0 4 0 0 3 0 0 0 0 0 0 0 0 0 0 0 0 0 0 0 0 257 0 3357 0 1 5 0 1 1 0 0 0 0 0 0 2 0 0 12 0 0 0 7 0 18 0 0 0 0 0 0 0 0 3 0 0 0 3 4 0 0 0 0 0 0 0 0 0 0 0 0 0 0 0 0 0 18 0 0 0 6 2 1 0 5 1 0 0 0 0 0 3 0 0 10 0 0 2 0 11 0 0 0 99 0 5 0 0 0 0 0 0 0 0 0 0 1 11 19 15 0 0 0 0 28 0 0 0 0 0 16 6 0 0 0 0 0 0 1 0 0 0 0 0 0 4 0 11 0 0 0 0 0 0 0 33 2 0 0 0 0 0 0 0 0 0 35 0 0 0 0 0 0 0 0 0 10 0 0 0 0 0 0 0 68 0 0 6 0 0 0 0 0 27 0 0 20 0 0 0 0 0 0 0 0 0 7 0 0 14 0 0 4 0 0 5 0 0 0 0 0 0 0 4 0 0 0 0 0 1 1 3 0 0 0 0 0 1 0 3 0 4 0 6 1 1 397 0 0 
107 4906 0 0 0 3 0 0 49 0 0 0 0 0 0 0 0 0 0 0 0 0 0 0 0 290 0 3675 0 2 0 0 0 0 2 0 0 0 0 0 4 0 0 4 0 0 0 8 0 16 0 0 0 0 0 0 0 0 1 0 0 0 0 1 0 0 0 0 0 0 0 0 0 0 0 0 1 0 0 1 0 16 0 0 0 1 1 0 0 12 3 1 0 0 0 0 4 0 1 7 0 0 3 0 7 0 0 0 88 0 0 0 1 0 0 0 0 0 0 0 0 0 6 21 22 0 0 0 0 4 0 0 0 0 0 26 4 0 0 0 0 0 0 0 0 0 0 0 0 0 3 0 6 0 0 0 2 0 0 0 37 1 0 0 0 0 0 1 0 0 0 16 0 0 0 0 0 0 0 0 0 15 0 0 0 0 0 0 0 49 0 0 2 0 1 0 0 1 39 0 0 27 0 0 0 0 0 0 0 0 0 4 0 0 10 0 0 0 0 0 4 0 0 0 0 0 0 0 6 0 0 0 0 0 0 0 2 0 0 0 0 0 1 2 4 0 1 0 11 4 4 366 0 0 
108 4406 0 0 1 5 0 0 19 0 0 0 0 0 0 0 0 0 0 0 0 0 0 0 0 268 0 3230 0 0 4 0 0 1 0 0 0 0 0 0 5 0 0 9 0 0 0 0 0 14 0 0 0 0 0 0 0 2 1 0 0 0 1 1 0 0 0 0 0 0 0 0 0 0 0 0 0 1 0 2 0 22 0 0 0 6 2 0 0 3 3 0 0 0 0 0 7 0 2 6 0 0 1 0 16 0 0 0 134 0 2 0 1 0 0 0 0 0 0 0 0 0 1 9 11 0 0 0 0 9 0 0 0 0 0 15 3 0 0 0 0 0 0 1 0 0 0 0 0 0 2 0 18 0 0 0 1 0 0 0 41 0 0 0 0 0 0 0 0 0 0 11 0 0 0 0 0 0 0 0 0 10 3 0 1 0 0 0 0 71 0 2 1 0 0 0 0 1 41 0 0 21 1 0 0 0 0 0 0 1 0 11 0 0 6 0 0 0 0 0 2 0 0 0 0 0 0 0 1 0 0 0 0 0 0 0 0 0 0 0 0 0 0 0 7 0 4 0 18 1 0 311 0 0 
109 4385 0 0 0 4 0 0 5 0 0 0 0 0 0 0 0 0 0 0 0 0 0 0 0 312 0 3250 0 2 1 0 0 0 0 0 0 0 0 0 8 0 0 7 0 0 0 6 0 13 0 0 0 0 0 0 0 0 0 0 2 0 5 0 0 0 0 0 0 0 0 0 0 0 0 0 0 0 0 4 0 13 0 0 0 6 1 0 1 9 4 0 0 0 0 0 5 0 0 7 0 0 4 0 7 0 0 0 58 0 3 0 1 0 0 0 0 0 0 0 0 1 7 12 9 0 0 0 0 10 0 0 0 0 0 18 6 0 0 0 0 0 0 0 2 0 0 0 0 0 0 0 21 0 0 0 8 0 0 0 10 2 0 0 0 0 0 0 0 0 0 19 0 0 0 0 0 0 0 0 0 4 0 0 1 0 0 0 0 57 0 1 8 0 0 0 0 4 38 0 0 21 0 0 0 0 0 0 0 0 0 6 0 0 14 0 0 1 0 0 7 0 0 0 0 0 0 0 1 0 0 0 0 0 0 0 1 1 0 0 0 0 0 1 4 0 1 0 8 5 1 337 0 0 
110 4505 0 0 0 6 0 0 32 0 0 0 0 0 0 0 0 0 0 0 0 0 0 0 0 232 0 3443 0 0 0 0 0 0 0 0 0 0 0 0 8 0 0 6 0 0 0 1 0 10 0 0 0 1 0 0 0 0 3 0 0 0 3 0 0 0 0 0 0 0 2 0 0 0 0 0 0 0 0 0 0 19 0 0 0 9 1 0 0 2 2 0 0 0 0 0 10 0 0 7 0 0 2 0 8 0 0 0 81 0 1 0 0 0 0 0 0 0 0 0 0 2 17 13 9 0 0 0 0 9 0 0 0 0 0 14 4 0 0 0 0 0 0 0 0 0 0 0 0 0 0 0 21 0 0 0 0 0 0 0 11 2 0 0 0 0 0 0 0 0 0 3 0 0 0 0 0 0 0 0 3 4 0 0 0 0 0 0 0 44 0 0 3 0 2 0 0 10 25 0 0 38 0 0 0 0 0 0 0 2 0 11 1 0 14 0 0 0 0 0 5 0 0 0 0 0 0 0 7 0 0 0 0 0 0 0 0 0 0 0 0 0 0 13 5 0 0 0 9 2 2 310 0 0 
111 4366 0 0 0 4 0 0 0 0 0 0 0 0 0 0 0 0 0 0 0 0 0 0 0 278 0 3261 0 0 5 0 0 2 0 0 0 0 0 0 2 0 0 6 0 0 0 3 0 13 0 0 0 0 1 0 0 2 0 0 0 0 0 0 0 0 0 0 0 0 2 0 0 0 0 0 0 0 0 0 0 17 0 0 0 1 1 0 0 3 0 0 0 0 0 0 29 0 0 8 0 0 1 0 6 0 0 0 66 0 2 0 1 0 0 0 0 0 0 0 0 7 0 12 5 0 0 0 0 17 0 0 0 0 0 25 3 0 0 0 0 0 0 0 0 0 0 0 0 0 0 0 16 0 0 0 3 0 0 0 13 2 0 0 0 0 0 0 0 0 0 12 0 0 0 0 0 0 0 0 0 8 0 0 0 0 0 0 0 62 0 5 0 0 0 0 0 7 35 0 0 34 0 0 0 0 0 0 0 3 0 11 1 0 9 0 0 0 0 0 5 0 0 0 0 0 0 0 1 0 0 0 0 0 3 0 1 0 0 0 0 0 0 2 2 0 0 0 6 0 0 342 0 0 
112 4359 0 0 0 3 0 0 0 0 0 0 0 0 0 0 0 0 0 0 0 0 0 0 0 293 0 3245 0 0 3 0 0 0 0 0 0 0 0 0 4 0 0 4 0 0 0 5 0 6 0 0 0 0 0 0 0 1 1 0 1 0 6 3 0 0 0 0 0 0 3 0 0 0 0 0 0 0 0 0 0 23 0 0 0 3 0 1 0 4 0 0 0 0 0 0 17 0 1 7 0 0 0 0 15 0 0 0 27 0 1 1 0 0 0 0 0 0 0 0 0 0 0 16 19 0 0 0 0 8 0 0 0 0 0 22 2 0 0 0 0 0 0 0 0 0 0 0 0 0 2 0 14 0 0 0 10 0 0 0 14 3 0 0 0 0 0 0 0 0 0 12 0 0 0 0 0 0 0 0 0 6 0 0 0 0 0 0 0 79 0 0 5 0 0 0 0 1 27 0 0 39 0 0 0 0 0 0 0 0 0 11 1 0 9 0 0 0 0 0 4 0 0 0 0 0 0 0 1 0 0 0 0 0 1 0 7 0 0 0 0 0 0 0 4 0 1 0 1 0 1 358 2 0 
113 4767 0 0 2 2 0 0 0 0 0 0 0 0 0 0 0 0 0 0 0 0 0 0 0 307 0 3576 0 1 6 0 1 2 0 0 0 0 0 0 7 0 0 0 0 0 0 9 0 5 0 0 0 0 0 0 0 0 3 0 0 0 3 0 0 0 0 0 0 0 0 0 0 0 0 0 0 0 0 1 0 12 0 0 0 9 1 0 0 5 2 0 0 0 0 0 13 0 2 6 0 0 0 0 4 0 0 0 21 0 5 0 0 0 0 0 0 0 0 0 0 0 0 4 12 0 0 0 0 10 0 0 0 0 0 16 4 0 0 0 0 0 0 0 0 0 0 0 0 0 1 0 3 0 0 0 19 0 0 0 13 6 0 0 0 0 0 0 0 0 0 20 0 0 0 0 0 0 0 0 1 5 0 0 2 0 0 0 0 66 0 0 3 0 0 0 0 2 41 0 0 45 0 0 0 0 0 0 0 2 0 12 0 0 17 0 0 0 0 0 0 0 0 0 0 0 0 0 1 0 0 0 0 0 0 0 2 0 0 0 0 0 0 8 4 0 1 0 10 2 1 427 2 0 
114 4963 0 0 1 10 0 0 2 0 1 0 0 0 0 0 0 0 0 0 0 0 0 0 0 433 0 3581 0 1 6 0 0 0 2 0 0 0 0 0 7 0 0 4 0 0 0 3 0 9 0 0 0 0 0 0 0 0 0 0 0 0 4 4 0 0 0 0 0 0 3 0 0 0 0 0 0 0 0 0 0 25 0 0 0 2 2 0 0 3 2 0 0 0 0 0 8 0 0 4 0 0 1 0 11 0 0 0 5 0 4 0 0 0 0 0 0 0 0 0 0 0 0 11 13 0 0 0 0 22 0 0 0 0 0 15 4 0 0 0 0 0 0 2 0 0 0 0 0 0 1 0 9 0 0 0 16 0 0 0 30 5 0 0 0 0 0 0 0 0 0 27 0 0 0 0 0 0 0 0 0 0 0 0 2 0 0 0 0 34 0 2 2 0 1 0 0 1 40 0 0 42 0 0 0 0 0 0 0 0 0 10 1 0 13 0 0 0 0 0 1 0 0 0 0 0 0 0 3 0 0 0 0 0 0 0 2 0 0 0 0 0 1 10 4 0 3 0 4 3 0 491 0 0 
115 4865 0 0 0 8 0 0 1 0 0 0 0 0 0 2 0 0 0 0 0 0 0 0 0 487 0 3438 0 0 2 0 0 0 1 0 0 0 0 0 3 0 0 2 0 0 0 6 0 5 0 0 0 0 0 0 0 0 0 0 0 0 5 2 0 0 0 0 0 0 5 0 0 0 0 0 0 0 0 0 0 20 0 0 0 6 2 0 0 10 0 0 0 0 0 0 12 0 3 3 0 0 1 0 10 0 0 0 1 0 4 0 2 0 0 0 0 0 0 0 0 1 0 12 10 0 0 0 0 22 0 0 0 0 0 22 2 0 0 0 0 0 0 0 0 0 0 0 0 0 1 0 8 0 0 0 8 0 0 0 16 2 0 0 0 0 0 0 0 0 0 5 0 0 0 0 0 0 0 0 0 0 0 0 0 0 0 0 0 49 0 1 0 0 0 0 0 3 35 0 0 61 0 0 0 0 0 0 0 0 0 10 0 0 15 0 0 0 0 0 1 0 0 0 0 0 0 0 5 0 0 0 0 0 0 0 0 0 0 0 0 0 0 4 4 0 0 0 7 1 0 518 0 0 
116 3906 0 0 0 5 0 0 4 0 0 0 0 0 0 0 0 0 0 0 0 0 1 0 0 482 0 2656 0 3 2 0 0 0 0 0 0 0 0 0 6 0 0 0 0 0 0 0 0 7 0 0 0 0 0 0 0 0 0 0 2 0 6 1 0 0 0 0 0 0 3 0 0 0 0 0 0 0 0 0 0 27 0 0 0 1 2 0 0 12 0 0 0 0 0 0 14 0 0 1 0 0 0 0 0 0 0 0 2 0 9 0 0 0 0 0 0 0 0 0 0 0 2 18 7 0 0 0 0 12 0 0 0 0 0 17 4 0 0 0 0 0 0 1 0 0 0 0 0 0 1 0 3 0 0 0 4 0 0 0 6 2 0 0 0 0 0 0 0 0 0 0 0 0 0 0 0 0 0 0 0 0 1 0 0 0 0 0 0 18 0 0 2 0 0 0 0 0 28 0 0 32 0 0 0 0 0 0 0 0 0 9 0 0 18 0 0 0 0 0 0 0 0 0 0 0 0 0 1 0 0 0 0 0 1 0 0 0 0 0 0 0 1 8 1 0 1 0 3 8 0 451 0 0 
117 2994 0 0 0 1 0 0 0 0 0 0 0 0 0 0 0 0 0 0 0 0 1 0 0 317 0 1972 0 1 4 0 0 0 0 0 0 0 0 0 6 0 0 1 0 0 0 2 0 12 0 0 0 0 0 0 0 0 0 0 1 0 4 1 0 0 0 0 0 0 1 0 0 0 0 0 0 0 0 0 0 23 0 0 0 1 0 0 0 10 0 0 0 0 0 0 9 0 0 1 0 0 0 0 4 0 0 0 1 0 11 0 0 0 0 0 0 0 0 0 0 0 0 11 8 0 0 0 0 13 0 0 0 0 0 12 1 0 0 0 0 0 0 3 1 0 0 0 0 0 6 0 0 0 0 0 7 0 0 0 11 3 0 0 0 0 0 0 0 0 0 1 0 0 0 0 0 0 0 0 0 1 3 0 0 0 0 0 0 15 0 0 6 0 1 0 0 4 68 0 0 25 0 0 0 0 0 0 0 0 0 8 0 0 11 0 0 0 0 0 0 0 0 0 0 0 0 0 2 0 0 0 0 0 0 0 1 0 0 0 0 0 0 0 0 0 0 0 7 1 0 380 0 0 
118 2048 0 0 0 1 0 0 0 0 0 0 0 0 0 0 0 0 0 0 0 0 0 0 0 176 0 1397 0 0 2 0 0 1 0 0 0 0 0 0 1 0 0 2 0 0 0 2 0 14 0 0 0 0 0 0 0 0 0 0 1 0 4 0 0 0 0 0 0 0 2 0 0 0 0 0 0 0 0 0 0 21 0 0 0 5 0 0 0 4 0 0 0 0 0 0 5 0 0 1 0 1 0 0 3 0 0 0 8 0 3 0 0 0 0 0 0 0 0 0 0 0 0 7 9 0 0 0 0 6 0 0 0 0 0 4 2 0 0 0 0 0 0 2 0 0 0 0 0 0 0 0 2 0 0 0 3 0 0 0 12 4 0 0 0 0 0 0 0 0 0 3 0 0 0 0 0 0 0 0 0 9 1 0 0 0 0 0 0 6 0 0 10 0 0 0 0 8 31 0 0 40 0 0 0 0 0 0 0 0 0 4 0 0 11 0 0 0 0 0 0 0 0 0 0 0 0 0 0 0 0 0 0 0 0 0 0 0 0 0 0 0 1 2 1 0 0 0 0 1 0 212 0 0 
119 1201 0 0 0 0 0 0 0 0 0 0 0 0 0 0 0 0 0 0 0 0 0 0 0 57 0 873 0 0 0 0 0 0 0 0 0 0 0 0 1 0 0 8 0 0 0 0 0 10 0 0 0 0 0 0 0 0 0 0 0 0 1 0 0 0 0 0 0 0 0 0 0 0 0 0 0 0 0 1 0 11 0 0 0 1 0 0 0 3 0 0 0 0 0 0 12 0 0 0 0 0 0 0 0 0 0 0 15 0 1 0 0 0 0 0 0 0 0 0 0 0 1 1 3 0 0 0 0 0 0 0 0 0 0 0 0 0 0 0 0 0 0 0 0 0 0 0 0 0 2 3 2 0 0 0 7 0 0 0 3 0 0 0 0 0 0 0 0 0 0 1 0 0 0 0 0 0 0 0 0 7 0 0 0 0 0 0 0 7 0 3 2 0 0 0 0 4 24 0 0 26 0 0 0 0 0 0 0 0 0 1 0 0 8 0 0 0 0 0 0 0 0 0 0 0 0 0 0 0 0 0 0 0 0 0 0 0 0 0 0 0 0 1 0 0 0 0 0 1 0 99 0 0 
120 879 0 0 0 1 0 0 0 0 0 0 0 0 0 0 0 0 0 0 0 0 0 0 0 21 0 672 0 0 1 0 0 0 0 0 0 0 0 0 5 0 0 5 0 0 0 0 0 9 0 0 0 0 0 0 0 0 0 0 0 0 0 1 0 0 0 0 0 0 1 0 0 0 0 0 0 0 0 1 0 5 0 0 0 3 0 0 0 0 0 0 0 0 0 0 2 0 0 1 0 0 0 0 0 0 0 0 56 0 0 0 0 0 0 0 0 0 0 0 0 0 2 1 2 0 0 0 0 0 0 0 0 0 0 0 0 0 0 0 0 0 0 0 0 0 0 0 0 0 0 0 3 0 0 0 3 0 0 0 2 0 0 0 0 0 0 0 0 0 0 1 0 0 0 0 0 0 0 0 0 5 0 0 0 0 0 0 0 5 0 1 0 0 0 0 0 0 12 0 0 19 0 0 0 0 0 0 0 0 0 0 0 0 2 0 0 0 0 0 0 0 0 0 0 0 0 0 0 0 0 0 0 0 0 0 0 0 0 0 0 0 0 0 1 0 0 0 0 0 1 35 0 0 
121 769 0 0 0 0 0 0 0 0 0 0 0 0 0 0 0 0 0 0 0 0 1 0 0 13 0 571 0 0 2 0 0 0 0 0 0 0 0 0 0 0 0 7 0 0 0 0 0 3 0 0 0 0 0 0 0 0 0 0 0 0 0 0 0 0 0 0 0 0 0 0 0 0 0 0 0 0 0 0 0 7 0 0 0 1 0 1 0 1 0 0 0 0 0 0 3 0 0 0 0 0 0 0 0 0 0 0 49 0 0 0 0 0 0 0 0 0 0 0 0 1 0 0 0 0 0 0 0 0 0 0 0 0 0 0 0 0 0 0 0 0 0 2 0 0 0 0 0 0 0 0 6 0 0 0 4 0 0 0 0 0 0 0 0 0 0 0 0 0 0 6 0 0 0 0 0 0 0 0 0 5 0 0 0 0 0 0 0 5 0 2 0 0 0 0 0 0 6 0 0 45 0 0 0 0 0 0 0 2 0 1 0 0 2 0 0 0 0 0 2 0 0 0 0 0 0 0 0 0 0 0 0 0 0 0 0 0 0 0 0 0 0 3 0 0 0 0 0 1 0 16 0 0 
122 931 0 0 0 0 0 0 0 0 0 0 0 0 0 0 0 0 0 0 0 0 0 0 0 14 0 693 0 0 0 0 0 0 0 0 0 0 0 0 0 0 0 6 0 0 0 0 0 4 0 0 0 0 0 0 0 0 0 0 0 0 0 0 0 0 2 0 0 0 0 0 0 0 0 0 5 0 0 0 0 1 0 0 0 0 0 0 0 0 0 0 0 0 0 0 4 0 0 0 0 0 0 0 0 0 0 0 55 0 1 0 0 0 0 0 0 0 0 0 0 0 0 0 0 0 0 0 0 0 0 0 0 0 0 2 0 0 0 0 0 0 0 1 0 0 0 0 0 0 0 0 28 0 0 0 1 0 0 0 4 0 0 0 0 0 0 0 0 0 0 8 0 0 0 0 0 0 0 0 0 1 0 0 0 0 0 0 0 21 0 1 0 0 1 0 0 0 5 0 0 22 0 0 0 0 0 0 0 1 0 0 0 0 1 0 0 0 0 0 2 0 0 0 0 0 0 0 1 0 0 0 0 0 0 0 0 0 0 0 0 0 2 2 0 0 1 0 0 0 0 41 0 0 
123 1513 0 0 0 1 0 0 0 0 0 0 0 0 0 0 0 0 0 0 0 0 0 0 0 49 0 1153 0 1 1 0 0 0 0 0 0 0 0 0 0 0 0 13 0 0 0 0 0 3 0 0 0 0 0 0 0 0 0 0 0 0 0 1 0 0 0 0 0 0 1 0 0 0 0 0 2 0 0 0 0 0 0 0 0 0 0 0 0 4 2 0 0 0 0 0 8 0 0 1 0 0 0 0 3 0 0 0 62 0 0 1 0 0 0 0 0 0 0 0 0 0 1 3 10 0 0 0 0 0 0 0 0 0 0 2 0 0 0 0 0 0 0 0 0 0 0 0 0 0 0 0 5 0 1 0 2 0 0 0 1 1 0 0 0 0 0 0 0 0 0 22 0 0 0 0 0 0 0 0 0 4 0 0 0 0 0 0 0 42 0 1 0 0 0 0 0 0 3 0 0 27 0 0 0 0 0 0 0 8 0 1 1 0 1 0 0 0 0 0 3 0 0 0 0 0 0 0 1 0 0 0 0 0 0 0 0 0 0 0 0 0 4 0 0 0 7 0 0 2 3 50 0 0 
124 2260 0 0 0 2 0 0 1 0 0 0 0 0 0 0 0 0 0 0 0 0 0 0 0 107 0 1763 0 0 2 0 0 0 0 0 0 0 0 0 0 0 0 7 0 0 0 4 0 0 0 0 0 0 0 0 0 0 0 0 0 0 0 0 0 0 0 0 0 0 0 0 0 0 0 0 3 1 0 0 0 2 0 0 0 1 2 1 0 3 4 0 0 0 0 0 0 0 0 3 0 0 0 0 10 0 0 0 62 0 0 0 1 0 0 0 0 0 0 0 0 0 0 3 1 0 0 0 0 1 0 0 0 0 0 2 0 0 0 0 0 0 0 1 0 0 0 0 0 0 0 0 10 0 0 0 0 0 0 0 2 0 0 0 0 0 0 0 0 0 0 15 0 0 0 0 0 0 0 0 0 5 0 0 0 0 0 0 0 48 0 1 0 0 0 0 0 0 5 0 0 38 0 0 0 0 0 0 0 2 0 1 1 0 9 0 0 0 0 0 5 0 0 0 0 0 0 0 2 0 0 0 0 0 0 0 1 0 0 0 0 0 0 1 3 0 0 0 1 0 0 122 0 0 
125 3100 0 0 0 3 0 0 1 0 0 0 0 0 0 0 0 0 0 0 0 0 0 0 0 214 0 2268 0 0 3 0 0 0 0 0 0 0 0 0 2 0 0 9 0 0 0 6 0 1 0 0 0 0 0 0 0 0 0 0 0 0 0 0 0 0 0 0 0 0 0 0 0 0 0 0 3 0 0 1 0 10 0 0 0 3 0 0 0 3 0 0 0 0 0 0 1 0 3 7 0 0 0 1 1 0 0 0 68 0 1 0 2 0 0 0 0 0 0 0 0 1 0 3 3 0 0 0 0 10 0 0 0 0 0 8 0 0 0 0 0 0 0 1 0 0 0 0 0 0 0 0 10 0 0 0 8 0 0 0 7 0 0 0 0 0 0 0 0 1 0 17 1 0 0 0 0 0 0 0 0 10 0 0 0 0 0 0 0 80 0 1 1 0 0 0 0 0 9 0 0 46 0 0 0 0 0 0 0 1 0 10 0 0 13 0 0 0 0 0 4 0 0 0 0 0 0 0 4 0 0 0 0 0 0 0 5 0 0 0 0 0 0 2 1 0 0 0 8 0 0 223 0 0 
126 4073 0 0 0 4 0 0 0 0 0 0 0 0 0 0 0 0 0 0 0 0 0 0 0 219 0 2981 0 1 0 0 0 1 0 0 0 0 0 0 1 0 0 14 0 0 0 6 0 6 0 0 0 0 0 0 0 0 1 0 0 0 1 0 0 0 0 0 0 0 1 0 0 0 0 0 0 0 0 0 0 12 0 0 0 6 0 2 0 1 0 0 0 0 0 0 9 0 0 2 0 0 1 0 12 0 0 0 95 0 5 0 0 0 0 0 0 0 0 0 0 1 0 12 12 0 0 0 0 27 0 0 0 0 0 26 0 0 0 0 0 0 0 0 0 0 0 0 0 0 0 0 9 0 0 0 2 0 0 0 14 4 0 0 0 0 0 1 0 0 0 7 1 0 0 0 0 0 0 0 0 11 1 0 1 0 0 0 0 75 0 2 0 0 0 0 0 11 23 0 0 56 0 0 0 0 0 0 0 2 0 16 0 0 18 0 0 0 0 0 3 0 0 0 0 0 1 0 6 0 0 0 0 0 0 0 2 0 0 0 0 0 0 4 4 0 0 0 13 0 1 326 0 0 
127 4395 0 0 0 5 0 0 1 0 0 0 0 0 0 0 0 0 0 0 0 0 0 0 0 303 0 3109 0 2 4 0 0 1 1 0 0 0 0 0 5 0 0 11 0 0 0 3 0 6 0 0 0 0 0 0 0 0 1 0 0 0 0 0 0 0 0 0 0 0 2 0 0 0 0 0 3 0 0 1 0 48 0 0 0 10 5 0 0 6 0 0 0 0 1 0 10 0 0 10 0 0 3 0 8 0 0 0 84 0 7 0 0 0 1 0 0 0 0 0 0 0 6 9 10 0 0 0 0 19 0 0 0 0 0 46 2 0 0 0 0 0 0 1 0 0 0 0 0 0 1 0 10 0 0 0 4 0 0 0 30 2 0 0 0 0 0 0 0 0 0 21 0 0 0 0 0 0 0 0 0 6 0 0 0 0 0 0 0 71 0 3 2 0 0 0 0 7 44 0 0 48 0 0 0 0 0 0 0 1 0 11 0 0 18 0 0 0 0 0 6 0 0 0 0 0 0 0 4 0 0 0 0 0 0 0 2 0 0 0 1 0 0 11 4 0 1 0 7 6 1 325 0 0 
128 4475 0 0 1 1 0 0 1 0 0 0 0 1 0 0 0 0 0 0 0 0 0 0 0 285 0 3221 0 0 7 0 0 1 0 0 0 0 0 0 6 0 0 8 0 0 0 2 0 9 0 0 0 0 0 0 0 0 1 0 0 0 6 0 0 0 0 0 0 0 1 0 0 0 0 0 0 0 0 2 0 19 0 0 0 6 2 0 0 12 2 0 0 0 0 0 13 0 0 14 0 0 1 0 5 0 0 0 92 0 11 1 0 0 0 0 0 0 0 0 0 2 0 11 7 0 0 0 0 7 0 0 0 0 0 30 0 0 0 0 0 0 0 0 0 0 0 0 0 0 3 0 12 0 0 0 3 0 0 0 16 4 0 0 0 0 0 0 0 0 0 19 0 0 0 0 0 0 0 0 0 3 1 0 1 0 0 0 0 68 0 1 1 0 0 0 0 0 27 0 0 50 0 0 0 0 0 0 0 0 0 3 0 0 11 0 0 2 0 0 3 0 0 0 0 0 0 0 11 0 0 0 0 0 0 2 1 0 0 0 0 0 0 10 12 0 4 0 11 4 1 403 0 0 
129 4908 0 0 0 4 0 0 13 0 0 0 0 0 0 0 0 0 0 0 0 0 0 0 0 307 0 3584 0 4 17 0 0 0 1 0 0 0 0 0 6 0 0 13 0 0 0 0 0 17 0 0 0 0 0 1 0 0 1 0 1 0 3 0 0 0 0 0 0 0 2 0 0 0 0 0 0 0 0 3 0 33 0 0 0 8 1 0 0 15 4 0 0 0 0 0 8 0 0 5 0 0 1 0 3 0 0 0 100 0 6 0 0 0 0 0 0 0 0 0 0 0 0 27 5 0 0 0 0 9 0 0 0 0 0 38 0 0 0 0 0 0 0 1 0 0 0 0 0 0 2 0 28 0 0 0 0 0 0 0 35 1 0 0 0 0 0 0 0 0 0 18 0 0 0 0 0 0 0 0 1 2 0 0 0 0 0 0 0 63 0 3 4 0 0 0 0 0 29 0 0 40 0 0 0 1 0 0 0 1 0 10 0 0 4 0 0 10 0 0 3 0 0 0 0 0 0 0 5 0 0 0 0 0 1 6 0 0 0 0 0 0 0 6 3 0 6 0 10 5 1 369 0 0 
130 4838 0 0 0 1 0 0 8 0 0 0 0 0 0 0 0 0 0 0 0 0 1 0 0 259 0 3597 0 2 6 0 0 0 0 0 0 0 0 0 5 0 0 11 0 0 0 5 0 9 0 0 0 0 1 0 0 1 1 0 2 0 4 10 0 0 0 0 0 0 0 0 0 0 0 0 0 0 0 1 0 20 0 0 0 3 1 0 0 5 2 0 0 0 0 0 12 0 0 22 0 0 3 0 3 0 0 0 59 0 5 0 2 0 0 0 0 0 0 0 0 1 0 16 10 0 0 0 0 22 0 0 0 0 0 33 0 0 0 0 0 0 0 1 0 0 0 0 0 0 3 0 7 0 0 0 1 0 0 0 23 4 0 0 0 0 0 0 0 0 0 24 0 0 0 0 0 0 0 0 0 7 0 0 0 0 0 0 0 67 0 1 5 0 0 0 0 2 43 0 0 25 0 0 0 0 0 0 0 0 0 11 0 0 8 0 0 2 0 0 5 0 0 0 0 0 0 0 7 0 0 0 0 0 0 0 4 0 0 0 0 0 0 3 5 0 1 1 12 41 1 379 0 0 
131 4481 0 0 0 3 0 0 23 0 0 0 0 0 0 0 0 0 0 0 0 0 0 0 0 240 0 3314 0 2 4 0 0 0 0 0 0 0 0 0 3 0 0 6 0 0 0 2 0 9 0 0 0 0 0 0 0 0 0 0 0 0 4 3 0 0 0 0 0 0 1 0 0 0 0 0 0 0 0 0 0 13 0 0 0 9 1 1 0 8 1 0 0 0 0 0 15 0 0 5 0 0 0 0 4 0 0 0 97 0 4 0 1 0 1 0 0 0 0 0 0 0 0 11 9 0 0 0 0 10 0 0 0 0 0 39 3 0 0 0 0 0 0 1 0 0 0 0 0 0 0 0 13 0 0 0 10 0 0 0 16 0 0 0 0 0 0 1 0 0 0 6 0 0 0 0 0 0 0 0 0 6 0 0 0 0 0 0 0 47 0 2 2 0 0 0 0 8 35 0 0 31 0 0 0 0 0 0 0 1 1 10 1 0 12 0 0 1 0 0 9 0 0 0 0 0 0 0 8 0 0 0 0 0 0 2 1 0 0 0 0 0 0 7 5 0 1 0 9 16 2 371 0 0 
132 4284 0 0 0 4 0 0 1 0 0 0 0 0 0 0 0 0 0 0 0 0 0 0 0 267 0 3101 0 2 5 0 0 0 1 0 0 0 0 0 5 0 0 14 0 0 0 4 0 19 0 0 0 0 1 0 0 0 0 0 1 0 2 4 0 0 0 0 0 0 1 0 0 0 0 0 0 0 0 0 0 26 0 0 0 8 1 1 0 8 1 0 0 0 0 0 16 0 2 15 0 0 2 0 18 0 0 0 63 0 3 0 0 0 0 0 0 0 0 0 0 2 0 10 11 0 0 0 0 12 0 0 0 0 0 29 3 0 0 0 0 0 0 0 0 0 0 0 0 0 8 0 25 0 0 0 4 0 0 0 21 0 0 0 0 0 0 0 0 0 0 24 0 0 0 0 0 0 0 0 1 8 0 0 0 0 0 0 0 48 0 7 1 0 0 0 0 0 21 0 0 29 0 0 0 0 0 0 0 1 0 5 0 0 18 0 0 4 0 0 7 0 0 0 0 0 0 0 4 0 0 0 0 0 0 2 3 0 0 0 0 0 0 1 1 0 4 0 8 10 0 355 0 0 
133 4154 0 0 0 17 0 0 2 0 0 0 0 0 0 0 0 0 0 0 0 0 1 0 0 267 0 3056 0 0 4 0 0 1 0 0 0 0 0 0 3 0 0 16 0 0 0 7 0 10 0 0 0 0 2 0 0 0 0 0 0 0 1 1 0 0 0 0 0 0 2 0 0 0 0 0 0 0 0 0 0 15 0 0 0 5 1 1 0 4 4 0 0 0 0 0 6 0 0 6 0 0 7 0 5 0 0 0 76 0 6 0 0 0 0 0 0 0 0 0 0 4 1 8 7 0 0 0 0 8 0 0 0 0 0 24 4 0 0 0 0 0 0 0 0 0 0 0 0 0 5 0 17 0 0 0 5 0 0 0 20 0 0 0 0 0 0 0 0 0 0 8 0 0 0 0 1 0 0 0 0 8 0 0 0 0 0 0 0 39 0 1 2 0 1 0 0 0 29 0 0 37 0 0 0 0 0 0 0 8 0 5 0 0 8 0 0 1 0 0 1 0 0 0 0 0 0 0 5 0 0 0 0 0 0 0 0 0 0 0 0 0 0 2 5 0 0 0 6 0 0 355 0 0 
134 4118 0 0 0 3 0 0 22 0 0 0 0 0 0 0 0 0 0 0 0 0 0 0 0 199 0 3052 0 2 2 0 0 0 0 0 0 0 0 0 1 0 0 13 0 0 0 2 0 5 0 0 0 0 1 0 0 0 1 0 1 0 1 0 0 0 0 0 0 0 3 0 0 1 0 0 0 0 0 0 0 18 0 0 0 7 0 0 0 10 2 0 0 0 0 0 3 0 1 11 0 0 1 0 3 0 0 0 84 0 7 0 0 0 0 0 0 0 0 0 0 0 0 9 8 0 0 0 0 14 0 0 0 0 0 25 2 0 0 0 0 0 0 0 0 0 0 0 0 0 2 0 10 0 0 0 3 0 0 0 22 4 0 0 0 0 0 0 0 0 0 13 0 0 0 0 0 0 0 0 0 14 0 0 0 0 0 0 0 55 0 1 1 0 1 0 0 3 36 0 0 45 0 0 0 0 0 0 0 5 0 17 0 0 12 0 0 0 0 0 4 0 0 0 0 0 0 0 5 0 0 0 0 0 0 0 1 0 0 0 2 0 0 0 4 0 1 0 8 0 0 333 0 0 
135 4213 0 0 0 5 0 0 0 0 0 0 0 0 0 0 0 0 0 0 0 0 0 0 0 255 0 3105 0 1 6 0 0 1 1 0 0 0 0 0 1 0 0 7 0 0 0 2 0 5 0 0 0 0 1 0 0 0 1 0 1 0 0 0 0 0 0 0 0 0 2 0 0 0 0 0 0 0 0 0 0 19 0 0 0 7 1 0 0 10 0 0 0 0 0 0 10 0 0 3 0 0 1 0 5 0 0 0 74 0 3 0 0 0 1 0 0 0 0 0 0 0 0 14 5 0 0 0 0 21 0 0 0 0 0 19 0 0 0 0 0 0 0 1 0 0 0 0 0 0 15 0 9 0 0 0 5 0 0 1 30 1 0 0 0 0 0 0 0 0 0 7 0 0 0 0 0 0 0 0 0 7 0 0 1 0 0 0 0 52 0 2 5 0 0 0 0 2 45 0 0 60 0 0 0 0 0 0 0 2 0 7 1 0 14 0 0 0 0 0 9 0 0 0 0 0 0 0 1 0 0 0 0 0 0 0 0 0 0 0 0 0 2 2 4 0 0 0 6 0 0 335 0 0 
136 4301 0 0 0 5 0 0 3 0 0 0 0 0 0 0 0 0 0 0 0 0 0 0 0 266 0 3194 0 0 1 0 0 0 0 0 0 0 0 0 1 0 0 7 0 0 0 4 0 9 0 0 0 0 0 0 0 0 1 0 1 0 7 0 0 0 0 0 0 0 0 0 0 0 0 0 0 0 0 0 0 20 0 0 0 3 0 0 0 4 1 0 0 0 1 0 4 0 0 2 0 0 0 0 8 0 0 0 38 0 6 0 0 0 0 0 0 0 0 0 0 0 1 16 6 0 0 0 0 17 0 0 0 0 0 18 0 0 0 0 0 0 0 1 0 0 0 0 0 0 1 1 10 0 0 0 13 0 0 0 11 0 0 0 0 0 0 0 0 0 0 19 0 0 0 0 0 0 0 0 0 11 1 0 0 0 0 0 1 62 0 2 2 0 0 0 0 0 21 0 0 43 0 0 0 0 0 0 0 9 0 13 0 0 11 0 0 0 0 0 3 0 0 0 0 0 0 0 1 0 0 0 0 0 0 0 5 0 0 0 0 0 0 5 4 0 0 0 1 3 0 403 0 0 
137 4505 0 0 0 6 0 0 1 0 0 0 0 0 0 0 0 0 0 0 0 0 0 0 0 356 0 3256 0 0 5 0 0 0 0 0 0 0 0 0 1 0 0 2 0 0 0 4 0 9 0 0 0 0 2 0 0 0 1 0 2 0 6 4 0 0 0 0 0 0 5 0 0 0 0 0 0 0 0 0 0 24 0 0 0 4 3 0 0 8 0 0 0 0 0 0 14 0 1 5 0 0 1 0 5 0 0 0 15 0 5 0 0 0 0 0 0 0 0 0 0 0 2 8 7 0 0 0 0 28 0 0 0 0 0 18 0 0 0 0 0 0 0 3 0 0 0 0 0 0 2 2 9 0 0 0 8 0 0 0 16 6 0 0 0 0 0 0 0 0 0 31 0 0 0 0 0 0 0 0 0 3 1 0 1 0 0 0 0 85 0 3 2 0 0 0 0 6 26 0 0 37 0 0 0 0 0 0 0 4 0 13 1 0 15 0 0 0 0 0 4 0 0 0 0 0 0 0 3 0 0 0 0 0 0 0 2 0 0 0 0 0 1 2 5 0 3 0 0 4 2 395 0 0 
138 4585 0 0 0 3 0 0 6 0 0 0 0 0 0 0 0 0 0 0 0 0 0 0 0 353 0 3329 0 1 7 0 0 0 0 0 0 0 0 0 5 0 0 2 0 0 0 9 0 18 0 0 0 0 0 0 0 0 2 0 0 0 2 0 0 0 0 0 0 0 1 0 0 0 1 0 0 0 0 0 0 10 0 0 0 8 0 0 0 7 0 0 0 0 0 0 6 0 0 5 0 0 3 0 19 0 0 0 11 0 3 0 0 0 0 0 0 0 0 0 0 0 3 8 10 0 0 0 0 14 0 0 0 0 0 25 2 0 0 0 0 0 0 3 0 0 0 0 0 0 2 1 4 0 1 0 18 0 0 0 9 2 0 0 0 0 0 0 0 0 0 13 0 0 0 0 0 0 0 0 0 3 0 0 2 0 0 0 0 56 0 0 1 0 0 0 0 0 51 0 0 51 0 0 0 0 0 0 0 0 0 3 1 0 16 0 0 1 0 0 1 0 0 0 0 0 0 0 1 0 0 0 0 0 0 0 9 0 0 0 0 0 0 6 12 0 2 0 2 0 1 440 0 0 
139 4655 0 0 0 5 0 0 3 0 0 0 0 0 0 0 0 0 0 0 0 0 0 0 0 379 0 3358 0 0 3 0 0 2 0 0 0 0 0 0 4 0 0 0 0 0 0 15 0 9 0 0 0 0 0 0 0 0 1 0 2 0 7 0 0 0 0 0 0 0 5 0 0 0 0 0 0 0 0 0 0 16 0 0 0 1 5 0 0 12 0 0 0 0 0 0 8 0 3 3 0 0 0 0 4 0 0 0 3 0 8 0 1 0 0 0 0 0 0 0 0 0 2 7 16 0 0 0 0 10 0 0 0 0 0 14 4 0 0 0 0 0 0 2 0 0 0 0 0 0 1 1 1 0 0 0 6 0 0 0 11 3 0 0 0 0 0 0 0 0 0 6 0 0 0 0 0 0 0 0 0 0 0 0 0 0 0 0 0 37 0 0 0 0 0 0 0 3 65 0 0 47 0 0 0 0 0 0 0 0 0 11 0 0 12 0 0 0 0 0 0 0 0 0 0 0 0 0 5 0 0 0 0 0 1 0 2 0 0 0 0 0 1 14 3 0 0 0 2 2 0 509 0 0 
140 3935 0 0 0 4 0 0 1 0 0 0 0 0 0 0 0 0 0 0 0 0 0 0 0 392 0 2788 0 1 2 0 0 1 0 0 0 0 0 0 2 0 0 2 0 0 0 1 0 13 0 0 0 0 0 0 0 0 0 0 2 0 1 2 0 0 0 0 0 0 6 0 0 0 0 0 0 0 0 0 0 12 0 0 0 5 2 0 0 9 0 0 0 0 0 0 10 0 1 2 0 0 0 0 4 0 0 0 7 0 5 0 0 0 0 0 0 0 0 0 0 0 0 14 9 0 0 0 0 4 0 0 0 0 0 14 1 0 0 0 0 0 0 0 0 0 0 0 0 0 1 0 3 0 1 0 4 0 0 0 9 0 0 0 0 0 0 0 0 0 0 5 0 0 0 0 0 0 0 0 0 0 1 0 0 0 0 0 0 24 0 0 2 0 1 0 0 3 43 0 0 36 0 0 0 0 0 0 0 0 0 15 0 0 13 0 0 0 0 0 0 0 0 0 0 0 0 0 1 0 0 0 0 0 0 0 1 0 0 0 0 0 0 2 5 0 0 0 3 0 0 444 0 0 
141 3017 0 0 0 8 1 0 0 0 0 0 0 0 0 0 0 0 0 0 0 0 0 0 0 260 0 2061 0 2 3 0 0 0 0 0 0 0 0 0 1 0 0 4 0 0 0 0 0 8 0 0 0 0 0 0 0 0 0 0 1 0 10 0 0 0 0 0 0 0 1 0 0 0 0 0 1 0 0 0 0 29 0 0 0 3 0 0 0 4 0 0 0 0 0 0 10 0 0 2 0 0 0 0 5 0 0 0 12 0 8 0 0 0 0 0 0 0 0 0 0 0 1 15 7 0 0 0 0 18 0 0 0 0 0 17 4 0 0 0 0 0 0 1 0 0 0 0 0 0 1 2 0 0 0 0 4 0 0 0 14 3 0 0 0 0 0 0 0 0 0 2 0 0 0 0 0 0 0 0 2 6 0 0 0 0 0 0 0 8 0 2 3 0 1 0 0 5 40 0 0 41 0 0 0 0 0 0 0 0 0 4 0 0 13 0 0 0 0 0 0 0 0 0 0 0 0 0 4 0 0 0 0 0 0 0 0 0 0 0 0 0 0 1 3 0 0 0 5 1 0 355 0 0 
142 2009 0 0 0 1 0 0 2 0 0 0 0 0 0 0 0 0 0 0 0 0 0 0 0 167 0 1351 0 0 2 0 0 0 0 0 0 0 0 0 1 0 0 8 0 0 0 1 0 9 0 0 0 0 0 0 0 0 0 0 2 0 2 0 0 0 0 0 0 0 0 0 0 0 0 0 1 0 0 0 0 31 0 0 0 0 0 0 0 4 0 0 0 0 0 0 5 0 0 1 0 0 0 0 1 0 0 0 10 0 9 0 0 0 0 0 0 0 0 0 0 0 2 11 10 0 0 0 0 6 0 0 0 0 0 7 1 0 0 0 0 0 0 2 0 0 0 0 0 0 2 0 1 0 0 0 3 0 0 0 7 1 0 0 0 0 0 0 0 0 0 0 0 0 0 0 0 0 0 0 0 5 1 0 0 0 0 0 0 9 0 0 2 0 1 0 0 1 57 0 0 22 0 0 0 0 0 0 0 0 0 3 0 0 8 0 0 0 0 0 2 0 0 0 0 0 0 0 4 0 0 0 0 0 0 0 0 0 0 0 0 0 0 2 3 0 0 0 2 0 0 226 0 0 
143 1242 0 0 0 0 0 0 0 0 0 0 0 0 0 0 0 0 0 0 0 0 0 0 0 59 0 825 0 0 4 0 0 0 0 0 0 0 0 0 7 0 0 5 0 0 0 3 0 16 0 0 0 0 0 0 0 0 0 0 1 0 3 0 0 0 0 0 0 0 0 0 0 0 0 0 0 0 0 0 0 15 0 0 0 0 0 0 0 7 0 0 0 0 0 0 6 0 0 0 0 0 0 0 9 0 0 0 30 0 3 0 0 0 0 0 0 0 0 0 0 0 5 9 2 0 0 0 0 1 0 0 0 0 0 6 0 0 0 0 0 0 0 0 0 0 0 0 0 0 3 0 3 0 0 0 1 0 0 0 6 0 0 0 0 0 0 0 0 0 0 1 0 0 0 0 0 0 0 0 1 3 0 0 0 0 0 0 0 3 0 0 0 0 0 0 0 4 16 0 0 37 0 0 0 0 0 0 0 0 0 0 0 0 6 0 0 0 0 0 0 0 0 0 0 0 0 0 0 0 0 0 0 0 0 0 0 0 0 0 0 0 0 1 0 0 0 0 0 3 0 135 0 0 
144 863 0 0 0 0 0 0 0 0 0 0 0 0 0 0 0 0 0 0 0 0 0 0 0 25 0 624 0 1 1 0 0 0 1 0 0 0 0 0 1 0 0 8 0 0 0 1 0 1 0 0 0 0 0 0 0 0 0 0 1 0 0 0 0 0 0 0 0 0 0 0 0 0 0 0 2 0 0 0 0 26 0 0 0 2 0 0 0 0 0 0 0 0 0 0 0 0 0 0 0 0 0 0 1 0 0 0 36 0 1 0 0 0 0 0 0 0 0 0 0 1 4 2 2 0 0 0 0 1 0 0 0 0 0 1 1 0 0 0 0 0 0 1 0 0 0 0 0 0 1 0 10 0 0 0 2 0 0 0 1 2 0 0 0 0 0 0 0 0 0 1 0 0 0 0 0 0 0 0 0 10 0 0 0 0 0 0 0 9 0 0 1 0 0 0 0 0 9 0 0 24 0 0 0 0 0 0 0 0 0 1 0 0 4 0 0 0 0 0 0 0 0 0 0 0 0 0 0 0 0 0 0 0 0 0 0 0 0 0 0 0 2 1 1 0 0 0 1 3 1 34 0 0 
145 581 0 0 0 0 0 0 0 0 0 0 0 0 0 0 0 0 0 0 0 0 0 0 0 12 0 400 0 0 0 0 0 0 0 0 0 0 0 0 0 0 0 5 0 0 0 0 0 6 0 0 0 0 0 0 0 0 0 0 0 0 0 0 0 0 0 0 0 0 0 0 0 0 0 0 5 0 0 0 0 8 0 0 0 0 0 0 0 0 0 0 0 0 0 0 2 0 0 0 0 0 0 0 0 0 0 0 49 0 0 0 0 0 0 0 0 0 0 0 0 0 0 1 0 0 0 0 0 0 0 0 0 0 0 0 0 0 0 0 0 0 0 3 0 0 0 0 0 0 0 0 2 0 1 0 3 0 0 0 1 0 0 0 0 0 0 0 0 0 0 3 0 0 0 0 0 0 0 0 1 0 5 0 0 0 0 0 0 7 0 0 0 0 0 0 0 1 3 0 0 24 0 0 0 0 0 0 0 0 0 0 0 0 1 0 0 0 0 0 3 0 0 0 0 0 0 0 0 0 0 0 0 0 0 0 0 0 0 0 0 0 5 0 3 0 0 0 0 0 0 27 0 0 
146 1112 0 1 0 0 0 0 0 0 0 0 0 0 0 0 0 0 0 0 0 0 1 0 0 10 0 782 0 0 0 0 0 0 0 0 0 0 0 0 0 0 0 7 0 0 0 1 0 2 0 0 0 0 0 0 0 0 0 0 0 0 0 0 0 0 1 0 0 0 0 0 0 0 0 0 0 0 0 0 0 4 0 0 0 0 0 0 0 0 0 0 0 0 0 0 3 0 0 0 0 0 0 0 1 0 0 0 181 0 0 0 0 0 0 0 0 0 0 0 0 0 0 1 1 0 0 0 0 0 0 0 0 0 0 3 0 0 0 0 0 0 0 1 1 0 0 0 0 0 1 0 3 0 0 0 0 0 0 0 0 0 0 0 0 0 0 0 0 0 0 2 0 0 0 0 1 0 0 0 0 8 0 0 0 0 0 0 0 18 0 0 0 0 0 0 0 0 2 0 0 30 0 0 0 0 0 0 0 1 0 1 0 0 2 0 0 0 0 0 5 0 0 0 0 0 0 0 3 0 0 0 0 0 0 0 0 0 0 0 0 0 1 1 1 0 0 0 0 1 1 29 0 0 
147 1464 0 0 0 0 0 0 0 0 0 0 0 0 0 0 0 0 0 0 0 0 0 0 0 37 0 1136 0 0 1 0 0 0 0 0 0 0 0 0 1 0 0 17 0 0 0 1 0 0 0 0 0 0 0 0 0 0 0 0 0 0 0 1 0 0 0 0 0 0 0 0 0 0 0 0 0 0 1 0 0 4 0 0 0 2 0 0 0 1 0 0 0 0 0 0 2 0 0 1 0 0 0 0 1 0 0 0 77 0 0 0 0 0 1 0 0 0 0 0 0 0 0 6 1 0 0 0 0 3 0 0 0 0 0 4 0 0 0 0 0 0 0 0 0 0 0 0 0 0 0 0 8 0 0 0 6 0 0 0 0 0 0 0 0 0 0 0 0 0 0 15 0 0 0 0 0 0 0 0 0 8 0 0 0 0 0 0 0 27 0 1 0 0 1 0 0 0 7 0 0 32 0 0 0 0 0 0 0 0 0 0 3 0 1 0 0 0 0 0 10 0 0 0 0 0 0 0 4 0 0 0 0 0 0 0 0 0 0 0 0 0 0 2 0 0 1 0 1 0 0 39 0 0 
148 2043 0 1 0 4 0 0 0 0 0 0 0 0 0 0 0 0 0 0 0 0 0 0 0 126 0 1508 0 0 1 0 0 0 0 0 0 0 0 0 4 0 0 18 0 0 0 1 0 3 0 0 0 0 0 0 0 0 0 0 0 0 0 0 0 0 0 0 0 0 0 0 0 0 0 0 0 0 0 0 0 3 0 0 0 0 0 0 0 1 0 0 0 0 0 0 5 0 0 3 0 0 0 0 3 0 0 0 56 0 0 0 1 0 0 0 0 0 0 0 0 0 3 12 2 0 0 0 0 1 0 0 0 0 0 1 0 0 0 0 0 0 0 1 0 0 0 0 0 0 0 0 15 0 0 0 0 0 0 0 5 3 0 0 0 0 0 0 0 0 0 23 0 0 0 0 0 0 0 0 0 3 0 0 0 0 0 0 0 27 0 4 0 0 0 0 0 0 2 0 0 55 0 0 0 0 0 0 0 1 0 2 1 0 2 0 0 0 0 0 8 0 0 0 0 0 0 0 1 0 0 0 0 0 0 0 0 0 0 0 0 0 0 1 0 0 2 0 2 0 0 128 0 0 
149 520 0 0 0 0 0 0 0 0 0 0 0 0 0 0 0 0 0 0 0 0 0 0 0 31 0 409 0 0 0 0 0 0 0 0 0 0 0 0 0 0 0 3 0 0 0 0 0 0 0 0 0 0 0 0 0 0 0 0 0 0 0 0 0 0 0 0 0 0 0 0 0 0 0 0 0 0 0 0 0 1 0 0 0 0 0 0 0 0 1 0 0 0 0 0 2 0 0 1 0 0 0 0 2 0 0 0 12 0 1 0 0 0 0 0 0 0 0 0 0 0 0 0 0 0 0 0 0 2 0 0 0 0 0 0 0 0 0 0 0 0 0 0 0 0 0 0 0 0 0 0 0 0 0 0 0 0 0 0 0 1 0 0 0 0 0 1 0 0 0 5 0 0 0 0 0 0 0 0 0 1 0 0 0 0 0 0 0 5 0 0 0 0 0 0 0 0 0 0 0 7 0 0 0 0 0 0 0 0 0 1 0 0 2 0 0 0 0 0 0 0 0 0 0 0 0 0 1 0 0 0 0 0 0 0 0 0 0 0 0 0 0 2 0 0 0 0 1 0 2 26 0 0 
150 2377 0 0 0 2 0 0 1 0 0 0 0 0 0 0 0 0 0 0 0 0 0 0 0 140 0 1754 0 0 4 0 8 0 0 0 0 0 0 0 0 0 0 19 0 0 0 1 0 2 0 0 0 0 0 0 0 0 0 0 0 0 0 0 0 0 0 0 0 0 0 0 0 0 0 0 0 0 0 1 0 1 0 0 0 4 1 0 0 0 0 0 0 0 0 0 4 0 2 3 0 0 5 0 6 0 0 0 29 0 0 0 0 0 0 0 0 0 0 0 0 0 4 5 5 0 0 0 0 8 0 0 0 0 0 22 0 0 0 0 0 0 0 0 0 0 0 0 0 0 2 0 2 0 0 0 0 0 0 0 8 1 0 0 0 0 0 0 0 0 0 19 0 0 0 0 0 0 0 0 0 6 1 0 0 0 0 0 0 43 0 0 0 0 0 0 0 4 4 0 0 27 0 0 0 0 0 0 0 2 0 7 0 0 6 0 0 0 0 0 1 0 0 0 0 0 0 0 5 0 0 0 0 0 0 0 0 0 0 0 0 0 0 0 5 0 6 0 5 0 0 191 0 0 
151 366 0 0 0 1 0 0 0 0 0 0 0 0 0 0 0 0 0 0 0 0 0 0 0 19 0 272 0 0 0 0 0 0 0 0 0 0 0 0 0 0 0 1 0 0 0 0 0 2 0 0 0 0 0 0 0 0 0 0 0 0 0 0 0 0 0 0 0 0 0 0 0 0 0 0 0 0 0 0 0 2 0 0 0 0 0 0 0 0 0 0 0 0 0 0 1 0 0 0 0 0 0 0 0 0 0 0 3 0 0 0 0 0 0 0 0 0 0 0 0 0 0 0 4 0 0 0 0 1 0 0 0 0 0 0 0 0 0 0 0 0 0 0 0 0 0 0 0 0 0 0 2 0 0 0 1 0 0 0 3 0 0 0 0 0 0 0 0 0 0 2 0 0 0 0 0 0 0 0 0 1 0 0 0 0 0 0 0 6 0 0 0 0 0 0 0 4 2 0 0 1 0 0 0 0 0 0 0 0 0 1 0 0 0 0 0 0 0 0 1 0 0 0 0 0 0 0 2 0 0 0 0 0 0 0 1 0 0 0 0 0 0 1 0 0 1 0 0 0 0 31 0 0 
152 2314 0 0 0 1 0 0 0 0 0 0 0 0 0 0 0 0 0 0 0 0 0 0 0 104 0 1613 0 1 3 0 0 1 2 0 0 0 0 0 0 0 0 8 0 0 0 3 0 12 0 0 0 0 0 0 0 0 0 0 0 0 8 0 0 0 0 0 0 0 3 0 0 0 0 0 0 0 0 0 0 6 0 0 0 4 4 0 0 1 4 0 0 0 0 0 3 0 0 4 0 0 0 0 4 0 0 0 104 0 7 0 2 0 0 0 0 0 0 0 0 0 0 6 4 0 0 0 0 12 0 0 0 0 0 15 1 0 0 0 0 0 0 0 0 0 0 0 0 0 3 0 5 0 0 0 0 0 0 0 14 2 0 0 0 0 0 0 0 0 0 16 0 0 0 0 0 0 0 0 0 2 2 0 0 0 0 0 0 37 0 1 2 0 0 0 0 3 32 0 0 21 0 0 0 0 0 0 0 0 0 10 0 0 5 0 1 8 0 0 0 0 0 0 0 0 0 0 0 0 0 0 0 0 0 3 0 0 0 0 0 0 0 4 0 0 0 0 9 2 2 189 0 0 
153 2376 0 0 0 1 0 0 0 0 0 0 0 0 0 0 0 0 0 0 0 0 0 0 0 148 0 1697 0 1 3 0 0 0 0 0 0 0 0 0 1 0 0 13 0 0 0 2 0 5 0 0 0 0 0 0 0 0 0 0 2 0 6 0 0 0 0 0 0 0 3 0 0 0 0 0 0 0 0 0 0 15 0 0 0 5 4 0 0 1 0 0 0 0 0 0 6 0 0 3 0 0 0 0 5 0 0 0 36 0 2 0 0 0 0 0 0 0 0 0 0 0 0 8 7 0 0 0 0 6 0 0 0 0 0 7 0 0 0 0 0 0 0 0 0 0 0 0 0 0 0 0 7 0 0 0 1 0 0 0 21 6 0 0 0 0 0 0 0 0 0 17 0 0 0 0 0 0 0 0 1 2 0 0 0 0 0 0 0 35 0 1 0 0 0 0 0 1 21 0 0 13 0 0 0 0 0 0 0 0 0 5 0 0 9 0 0 2 0 0 2 0 0 0 0 0 0 0 1 0 0 0 0 0 0 0 0 0 0 0 0 0 1 1 2 0 0 0 5 19 1 213 0 0 
154 2284 0 0 0 2 0 0 18 0 0 0 0 0 0 0 0 0 0 0 0 0 0 0 0 147 0 1610 0 0 5 0 0 1 0 0 0 0 0 0 0 0 0 8 0 0 0 6 0 5 0 0 0 0 0 0 0 0 2 0 0 0 1 0 0 0 0 0 0 0 3 0 0 0 0 0 0 0 0 0 0 7 0 0 0 5 1 0 0 3 2 0 0 0 0 0 5 0 0 1 0 0 0 0 13 0 0 0 42 0 1 0 0 0 0 0 0 0 0 0 0 0 0 4 2 0 0 0 0 22 0 0 0 0 0 19 0 0 0 0 0 0 0 1 1 0 0 0 0 0 0 0 5 0 0 0 0 0 0 0 35 1 0 0 0 0 0 0 0 0 0 12 0 0 0 0 1 0 0 0 0 13 0 0 0 0 0 0 0 29 0 2 7 0 1 0 0 3 16 0 0 11 0 0 0 0 0 0 0 0 0 6 0 0 14 0 0 1 0 0 2 0 0 0 0 0 0 0 2 0 0 0 0 0 0 0 1 0 0 0 0 0 0 7 0 0 1 0 1 11 0 161 0 0 
155 2391 0 0 0 1 0 0 11 0 0 0 0 0 0 0 0 0 0 0 0 0 0 0 0 137 0 1730 0 1 1 0 0 1 0 0 0 0 0 0 4 0 0 34 0 0 0 0 0 8 0 0 0 0 0 0 0 0 0 0 0 0 0 2 0 0 0 0 0 0 1 0 0 0 0 0 0 0 0 0 0 14 0 0 0 8 0 0 0 3 2 0 0 0 0 0 7 0 0 5 0 0 0 0 10 0 0 0 78 0 4 0 1 0 0 0 0 0 0 0 0 0 0 5 7 0 0 0 0 7 0 0 0 0 0 8 0 0 0 0 0 0 0 0 0 0 0 0 0 0 0 1 7 0 0 0 3 0 0 0 23 0 0 0 0 0 0 0 0 0 0 5 0 0 0 0 0 0 0 0 1 2 0 0 0 0 0 0 0 24 0 0 0 0 0 0 0 5 20 0 0 14 0 0 0 0 0 0 0 2 0 4 0 0 12 0 0 1 0 0 3 0 0 0 0 0 0 0 0 0 0 0 0 0 0 0 0 0 0 0 0 0 0 3 1 0 0 0 8 2 1 157 0 0 
156 2390 0 0 0 7 0 0 3 0 0 0 0 0 0 0 0 0 0 0 0 0 0 0 0 145 0 1706 0 1 5 0 0 0 0 0 0 0 0 0 3 0 0 12 0 0 0 2 0 7 0 0 0 0 0 0 0 0 1 0 0 0 1 0 0 0 0 0 0 0 0 0 0 0 0 0 0 0 0 0 0 21 0 0 0 3 4 0 0 5 0 0 0 0 0 0 1 0 0 4 0 0 0 0 7 0 0 0 56 0 4 0 0 0 0 0 0 0 0 0 0 0 0 6 3 0 0 0 0 12 0 0 0 0 0 8 1 0 0 0 0 0 0 0 0 0 0 0 0 0 1 2 9 0 0 0 3 0 0 0 25 4 0 0 0 0 0 0 0 0 0 8 0 0 0 0 0 0 0 0 0 6 0 0 0 0 0 0 0 31 0 1 1 0 0 0 0 1 24 0 0 16 0 0 0 0 0 0 0 2 0 11 0 0 6 0 0 0 0 0 7 0 0 0 0 0 0 0 2 0 0 0 0 0 0 3 0 0 0 0 0 0 1 11 0 0 1 0 7 1 0 176 0 0 
157 2070 0 0 0 3 0 0 6 0 0 0 0 0 0 0 0 0 0 0 0 0 0 0 0 123 0 1520 0 1 2 0 0 1 0 0 0 0 0 0 2 0 0 12 0 0 0 1 0 6 0 0 0 0 0 0 0 0 0 0 0 0 0 0 0 0 0 0 0 0 0 0 0 0 0 0 0 0 0 3 0 14 0 0 0 4 1 0 0 3 1 0 0 0 0 0 3 0 0 8 0 0 0 0 6 0 0 0 28 0 2 0 0 0 0 0 0 0 0 0 0 0 3 5 0 0 0 0 0 2 0 0 0 0 0 3 0 0 0 0 0 0 0 0 0 0 0 0 0 0 0 0 4 0 0 0 0 0 0 0 10 0 0 0 0 0 0 0 0 0 0 5 0 0 0 0 0 0 0 0 0 6 0 0 0 0 0 0 0 26 0 1 0 0 0 0 0 0 18 0 0 23 0 0 0 0 0 0 0 1 0 5 1 0 13 0 0 0 0 0 1 0 0 0 0 0 0 0 1 0 0 0 0 0 0 0 0 0 0 0 0 0 0 8 2 0 1 0 3 0 0 177 0 0 
158 2017 0 0 0 1 0 0 0 0 0 0 0 0 0 0 0 0 0 0 0 0 0 0 0 106 0 1541 0 2 4 0 0 1 0 0 0 0 0 0 5 0 0 4 0 0 0 1 0 6 0 0 0 0 0 0 0 0 1 0 1 0 1 0 0 0 0 0 0 0 1 0 0 0 0 0 0 0 0 0 0 11 0 0 0 1 1 0 0 5 2 0 0 0 0 0 2 0 0 1 0 0 0 0 4 0 0 0 23 0 1 0 0 0 0 0 0 0 0 0 0 0 0 7 2 0 0 0 0 2 0 0 0 0 0 2 2 0 0 0 0 0 0 0 0 0 0 0 0 0 3 0 5 0 0 0 0 0 0 0 7 1 0 0 0 0 0 0 0 0 0 5 0 0 0 0 0 0 0 0 0 5 3 0 0 0 0 0 0 23 0 0 2 0 0 0 0 6 16 0 0 22 0 0 0 0 0 0 0 0 0 5 1 0 15 0 0 0 0 0 2 0 0 0 0 0 0 0 1 0 0 0 0 0 1 0 0 0 0 0 0 0 0 10 0 0 0 0 9 0 0 134 0 0 
159 2144 0 0 0 5 0 0 0 0 0 0 0 0 0 0 0 0 0 0 0 0 0 0 0 108 0 1612 0 0 0 0 0 0 0 0 0 0 0 0 4 0 0 2 0 0 0 3 0 2 0 0 0 0 0 0 0 0 2 0 0 0 1 0 0 0 0 0 0 0 1 0 0 0 0 0 0 0 0 0 0 8 0 0 0 2 3 0 0 1 1 0 0 0 0 0 2 0 0 1 0 0 5 0 2 0 0 0 28 0 3 0 0 0 0 0 0 0 0 0 0 1 0 5 3 0 0 0 0 2 0 0 0 0 0 8 1 0 0 0 0 0 0 0 0 0 0 0 0 0 1 0 2 0 1 0 1 0 0 0 9 1 0 0 0 0 0 0 0 0 0 16 0 0 0 0 0 0 0 0 0 4 1 0 0 0 0 0 0 31 0 0 2 0 0 0 0 5 5 0 0 28 0 0 0 0 0 0 0 0 0 4 3 0 1 0 0 0 0 0 9 0 0 0 0 0 0 0 2 0 0 0 0 0 0 0 0 0 0 0 0 0 0 15 0 0 0 0 4 0 0 183 0 0 
160 2226 0 0 0 6 0 0 0 0 0 0 0 0 0 0 0 0 0 0 0 0 0 0 0 164 0 1683 0 0 2 0 0 0 0 0 0 0 0 0 1 0 0 7 0 0 0 3 0 8 0 0 0 0 0 0 0 0 0 0 0 0 0 0 0 0 0 0 0 0 0 0 0 0 1 0 0 0 0 0 0 9 0 0 0 3 2 0 0 2 1 0 0 0 0 0 1 0 0 2 0 0 1 0 3 0 0 0 8 0 2 0 0 0 0 0 0 0 0 0 0 0 0 8 5 0 0 0 0 4 0 0 0 0 0 7 0 0 0 0 0 0 0 0 0 0 0 0 0 0 0 1 9 0 0 0 4 0 0 0 5 2 0 0 0 0 0 0 0 0 0 17 0 0 0 0 0 0 0 0 0 1 1 0 0 0 0 0 0 34 0 0 1 0 0 0 0 5 6 0 0 14 0 0 0 0 0 0 0 0 0 2 0 0 11 0 0 0 0 0 9 0 0 0 0 0 0 0 0 0 0 0 0 0 0 0 0 0 0 0 0 0 1 1 0 0 1 0 0 1 1 166 0 0 
161 2404 0 0 0 3 0 0 0 0 0 0 0 0 0 0 0 0 0 0 0 0 0 0 0 139 0 1749 0 0 2 0 0 0 0 0 0 0 0 0 6 0 0 0 0 0 0 2 0 3 0 0 0 0 0 0 0 1 1 0 0 0 1 1 0 0 0 0 0 0 0 0 0 0 0 0 0 0 0 0 0 13 0 0 0 4 0 0 1 4 0 0 0 0 0 0 7 0 0 3 0 0 1 0 11 0 0 0 7 0 3 0 0 0 0 0 0 0 0 0 0 0 0 10 4 0 0 0 0 9 0 0 0 0 0 6 1 0 0 0 0 0 0 0 0 0 0 0 0 0 0 0 2 0 0 0 0 0 0 0 4 1 0 0 0 0 0 0 0 0 0 26 0 0 0 0 0 0 0 0 0 8 0 0 0 0 0 0 0 35 0 1 3 0 0 0 0 3 38 0 0 24 0 0 0 0 0 0 0 0 0 4 0 0 6 0 0 0 0 0 4 0 0 0 0 0 0 0 1 0 0 0 0 0 0 0 0 0 0 0 0 0 1 4 4 0 0 0 6 0 0 235 0 0 
162 2479 0 0 0 0 0 0 3 0 0 0 0 0 0 0 0 0 0 0 0 0 0 0 0 271 0 1779 0 0 2 0 0 0 0 0 0 0 0 0 3 0 0 1 0 0 0 1 0 12 0 0 0 0 0 0 0 0 0 0 0 0 4 1 0 0 0 0 0 0 0 0 0 0 0 0 0 0 0 0 0 24 0 0 0 1 1 0 0 9 1 0 0 0 0 0 1 0 0 1 0 3 0 0 3 0 0 0 2 0 2 0 0 0 0 0 0 0 0 0 0 1 1 2 5 0 0 0 0 12 0 0 0 0 0 11 2 0 0 0 0 0 0 1 0 0 0 0 0 0 1 0 1 0 0 0 0 0 0 0 8 0 0 0 0 0 0 0 0 0 0 5 0 0 0 0 0 0 0 0 0 0 1 0 0 0 1 0 0 24 0 0 3 0 0 0 0 2 19 0 0 18 0 0 0 0 0 0 0 1 0 3 0 0 9 0 0 0 0 0 0 0 0 0 0 0 0 0 2 0 0 0 0 0 0 0 0 0 0 0 0 0 0 0 0 0 1 0 3 1 1 215 0 0 
163 2321 0 0 0 9 0 0 0 0 0 0 0 0 0 0 0 0 0 0 0 0 0 0 0 259 0 1555 0 0 3 0 0 0 0 0 0 0 0 0 6 0 0 2 0 0 0 1 0 6 0 0 0 0 0 0 0 0 0 0 1 0 3 1 0 0 0 0 0 0 2 0 0 0 0 0 0 0 0 0 0 11 0 0 0 1 2 0 0 4 0 0 0 0 0 0 4 0 1 4 0 0 2 0 2 0 0 0 2 0 3 0 0 0 0 0 0 0 0 0 0 0 3 9 4 0 0 0 0 9 0 0 0 0 0 16 0 0 0 0 0 0 0 2 0 0 0 0 0 0 1 0 2 0 0 0 0 0 0 0 3 0 0 0 0 0 0 0 0 0 0 2 0 0 0 0 0 0 0 0 0 0 0 0 0 0 0 0 0 9 0 0 2 0 0 0 0 14 21 0 0 9 0 0 0 0 0 0 0 0 0 2 0 0 12 0 0 0 0 0 0 0 0 0 0 0 0 0 7 0 0 0 0 0 0 0 1 0 0 0 0 0 0 2 3 0 1 0 0 1 0 301 0 0 
164 1871 0 0 0 2 0 0 0 0 0 0 0 0 0 0 0 0 0 0 0 0 0 0 0 227 0 1273 0 1 1 0 0 0 0 0 0 0 0 0 3 0 0 0 0 0 0 2 0 2 0 0 0 0 0 0 0 0 0 0 0 0 1 0 0 0 0 0 0 0 0 0 0 0 0 0 0 0 0 0 0 12 0 0 0 3 1 0 0 3 1 0 0 0 0 0 5 0 1 1 0 0 0 0 3 0 0 0 0 0 0 0 2 0 0 0 0 0 0 0 0 0 1 8 2 0 0 0 0 7 0 0 0 0 0 1 1 0 0 0 0 0 0 0 0 0 0 0 0 0 0 0 0 0 0 0 2 0 0 0 5 4 0 0 0 0 0 0 0 0 0 3 0 0 0 0 0 0 0 0 0 0 0 0 0 0 0 0 0 8 0 0 2 0 0 0 0 1 13 0 0 7 0 0 0 0 0 0 0 0 0 6 0 0 8 0 0 0 0 0 0 0 0 0 0 0 0 0 2 0 0 0 0 0 0 0 0 0 0 0 0 0 0 6 2 0 0 0 3 2 0 233 0 0 
165 1427 0 0 0 1 0 0 3 0 0 0 0 0 0 0 0 0 0 0 0 0 0 0 0 164 0 922 0 0 0 0 0 0 0 0 0 0 0 0 1 0 0 3 0 0 0 0 0 8 0 0 0 0 0 0 0 0 0 0 0 0 4 0 0 0 0 0 0 0 0 0 0 0 0 0 0 0 0 0 0 25 0 0 0 1 0 0 0 6 0 0 0 0 0 0 5 0 2 0 0 0 3 0 0 0 0 0 2 0 1 0 0 0 0 0 0 0 0 0 0 0 0 9 6 0 0 0 0 4 0 0 0 0 0 4 0 0 0 0 0 0 0 0 0 0 0 0 0 0 1 0 0 0 0 0 8 0 0 0 2 3 0 0 0 0 0 0 0 0 0 2 0 0 0 0 0 0 0 0 0 0 0 0 0 0 0 0 0 11 0 0 9 0 0 0 0 0 33 0 0 29 0 0 0 0 0 0 0 0 0 3 0 0 11 0 0 0 0 0 0 0 0 0 0 0 0 0 1 0 0 0 0 0 0 0 0 0 0 0 0 0 0 2 1 0 0 0 2 0 0 135 0 0 
166 940 0 0 0 1 0 0 0 0 0 0 0 0 0 0 0 0 0 0 0 0 0 0 0 85 0 653 0 0 1 0 0 0 0 0 0 0 0 0 1 0 0 2 0 0 0 2 0 6 0 0 0 0 0 0 0 0 0 0 0 0 1 0 0 0 0 0 0 0 0 0 0 0 0 0 0 0 0 0 0 20 0 0 0 2 2 0 0 3 0 0 0 0 0 0 0 0 0 0 0 0 0 0 2 0 0 0 10 0 0 0 1 0 0 0 0 0 0 0 0 0 0 5 3 0 0 0 0 0 0 0 0 0 0 7 7 0 0 0 0 0 0 0 0 0 0 0 0 0 3 0 1 0 0 0 5 0 0 0 3 0 0 0 0 0 0 0 0 0 0 0 0 0 0 0 0 0 0 0 0 1 0 0 0 0 0 0 0 6 0 0 0 0 0 0 0 2 7 0 0 7 0 0 0 0 0 0 0 0 0 3 0 0 4 0 0 0 0 0 0 0 0 0 0 0 0 0 1 0 0 0 0 0 0 0 0 0 0 0 0 0 0 1 2 0 0 0 0 0 0 79 0 0 
167 586 0 0 0 0 0 0 1 0 0 0 0 0 0 0 0 0 0 0 0 0 0 0 0 41 0 409 0 1 2 0 0 0 0 0 0 0 0 0 0 0 0 3 0 0 0 0 0 0 0 0 0 0 0 0 0 0 0 0 0 0 0 0 0 0 0 0 0 0 0 0 0 0 0 0 0 0 0 0 0 6 0 0 0 1 0 0 1 0 0 0 0 0 0 0 3 0 0 0 0 0 0 0 0 0 0 0 15 0 0 0 0 0 0 0 0 0 0 0 0 0 0 1 3 0 0 0 0 0 0 0 0 0 0 1 0 0 0 0 0 0 0 0 0 0 0 0 0 0 0 0 4 0 0 0 4 0 0 0 2 0 0 0 0 0 0 1 0 0 0 0 0 0 0 0 0 0 0 0 0 0 0 0 0 0 0 0 0 0 0 0 1 0 0 0 0 4 3 0 0 18 0 0 0 0 0 0 0 1 0 2 0 0 1 0 0 0 0 0 0 0 0 0 0 0 0 0 1 0 0 0 0 0 0 0 0 0 0 0 0 0 0 0 3 0 1 0 0 0 0 52 0 0 
168 377 0 0 0 0 0 0 0 0 0 0 0 0 0 0 0 0 0 0 0 0 0 0 0 9 0 283 0 0 0 0 0 0 0 0 0 0 0 0 0 0 0 4 0 0 0 0 0 10 0 0 0 0 0 0 0 0 0 0 0 0 0 0 0 0 0 0 0 0 0 0 0 0 0 0 0 0 0 0 0 2 0 0 0 0 0 0 0 0 0 0 0 0 0 0 0 0 0 0 0 0 1 0 0 0 0 0 21 0 0 0 0 0 0 0 0 0 0 0 0 0 1 0 0 0 0 0 0 0 0 0 0 0 0 0 0 0 0 0 0 0 0 0 0 0 0 0 0 0 0 0 1 0 0 0 4 0 0 0 0 0 0 0 0 0 0 1 0 0 0 0 0 0 0 0 0 0 0 0 0 2 1 0 0 0 0 0 0 3 0 0 0 0 0 0 0 1 0 0 0 9 0 0 0 0 0 0 0 0 0 0 0 0 0 0 0 0 0 0 1 0 0 0 0 0 0 0 0 0 0 0 0 0 0 0 1 0 0 0 0 0 0 1 0 0 0 0 1 0 1 19 0 0 
