day total blank BD BF BG BA BB BE BL BM BN BO BH BI BJ BT JM BV BW WS BQ BR BS JE BY BZ RU RW RS LT RE TM TJ RO TK GW GU GT GS GR GQ GP JP GY GG GF GE GD GB GA GN GM GL GI GH OM TN JO WF HR HT HU HK HN HM VE PR PS PW PT KN AF IQ PA PF PG PE PK PH PN PL PM ZM EH EE EG ZA EC IT VN SB ET SO ZW SA ES ER ME MD MG MF MA MC UZ MM ML MO MN MH MK MU MT MW MV MQ MP MS MR IM UG MY MX IL FR AW SH AX SJ FI FJ FK FM FO NI NL NO NA VU NC NE NF NG NZ NP NR NU CK XK CI CH CO CN CM CL CC CA CG CF CD CZ CY CX CR PY CW CV CU SZ SY SX KG KE SS SR KI KH SV KM ST SK KR SI KP KW SN SM SL SC KZ KY SG SE SD DO DM DJ DK DE YE DZ US UY YT UM LB LC LA TV TW TT TR LK LI LV TO TL LU LR LS TH TF TG TD TC LY VA VC AE AD AG VG AI VI IS IR AM AL AO AN AQ AS AR AU AT IO IN TZ AZ IE ID UA QA MZ 
0 2243 0 0 0 0 0 0 1 0 0 3 0 2 0 0 0 1 0 0 0 0 127 1 0 0 0 0 0 0 0 0 0 0 0 0 0 0 0 0 0 0 0 10 0 0 0 1 0 6 0 0 0 0 0 1 0 0 0 0 0 0 0 10 0 0 2 0 0 0 4 0 0 0 0 0 0 0 3 1681 0 0 0 0 0 0 0 3 2 0 1 0 0 0 0 5 3 0 0 0 0 0 0 0 0 0 0 0 0 0 0 0 0 0 0 0 0 0 0 0 0 45 8 0 3 0 0 0 0 0 0 0 0 0 0 0 0 0 0 0 0 0 3 3 0 0 0 0 0 1 0 2 1 0 4 0 30 0 0 0 0 0 0 2 5 0 0 0 0 0 0 0 2 0 0 0 0 0 0 0 0 2 0 0 1 6 0 0 0 0 0 14 1 0 2 0 0 0 4 0 0 165 1 0 0 0 0 0 0 1 0 1 0 0 0 0 0 0 0 0 7 0 0 0 0 0 0 0 1 1 0 0 0 0 0 0 0 0 0 0 1 0 5 7 0 0 1 1 0 1 38 0 5 0 
1 2470 0 0 0 0 0 0 0 0 0 1 0 0 0 0 0 0 0 0 0 0 128 0 0 0 0 0 0 0 0 0 0 0 0 0 0 1 0 0 0 0 0 9 0 0 0 0 0 6 0 0 0 0 0 0 0 0 0 0 0 0 0 11 0 0 5 0 0 0 0 0 0 0 4 0 0 2 0 1859 0 0 0 0 0 0 2 2 0 0 0 0 0 0 1 4 6 0 0 0 0 0 0 0 0 0 0 0 0 0 0 0 0 0 0 0 0 0 0 0 0 44 7 0 2 0 0 0 0 0 0 0 0 0 0 1 0 0 0 0 0 0 6 5 0 0 0 0 0 0 0 5 5 0 1 0 35 0 0 0 0 0 0 0 3 0 0 0 0 0 0 0 3 0 0 0 0 0 0 0 0 4 2 0 0 3 0 0 0 0 0 7 0 0 4 0 0 0 1 0 0 212 5 0 0 0 0 0 0 2 0 1 0 0 0 1 0 0 0 0 5 0 0 0 0 0 0 0 7 0 0 0 0 0 0 0 0 0 0 0 0 0 15 1 0 0 8 1 0 1 27 0 3 0 
2 2886 0 0 0 0 0 0 0 0 0 1 0 0 0 0 0 1 0 0 0 0 100 0 0 0 0 1 0 0 0 0 0 0 0 0 0 0 0 0 0 0 0 10 0 0 0 0 0 1 0 0 0 0 0 1 2 0 0 0 0 0 0 4 0 0 5 0 0 0 0 0 0 0 0 0 0 1 5 2216 0 0 0 0 0 0 0 5 2 0 1 0 0 0 0 1 4 0 0 0 0 0 0 0 0 0 0 0 0 0 0 0 0 0 2 1 0 0 0 0 0 76 15 0 1 0 0 0 0 0 0 0 0 0 0 3 0 0 0 0 0 0 1 2 1 0 0 0 0 0 0 2 3 0 2 0 34 0 0 0 0 0 0 3 1 0 0 0 0 0 0 0 8 0 0 0 0 0 0 0 0 1 0 0 1 1 0 0 0 0 0 17 0 0 2 0 0 0 0 0 0 249 1 0 0 0 0 0 0 2 0 0 0 0 0 0 0 0 0 0 13 0 0 0 1 0 0 0 5 0 0 0 0 0 0 0 0 0 0 0 0 0 12 8 0 0 19 0 0 1 36 0 1 0 
3 2886 0 0 0 0 0 0 0 0 0 0 0 0 0 0 0 2 0 3 0 0 58 1 0 0 0 0 0 0 0 0 0 0 0 0 0 0 1 0 0 0 0 16 0 0 0 0 0 1 0 0 0 0 0 0 1 0 0 0 0 0 0 6 0 0 0 0 0 0 0 0 0 0 1 0 1 1 3 2205 0 0 0 0 0 0 3 7 0 0 0 0 1 0 0 7 1 0 0 0 0 0 0 0 0 1 0 0 0 0 0 0 0 0 0 0 0 0 0 0 0 72 19 0 1 0 0 0 0 1 0 0 0 0 2 2 0 0 0 0 0 0 3 3 2 0 0 0 0 0 0 2 3 0 3 0 30 0 0 0 0 0 0 2 1 0 0 0 0 0 0 0 17 0 0 0 0 0 0 0 0 2 0 0 4 0 0 0 0 0 0 11 0 0 6 0 0 1 1 0 0 265 1 0 0 0 0 0 0 0 1 1 2 0 0 0 0 0 0 0 10 0 0 0 0 0 0 0 9 0 0 0 0 0 0 0 0 0 0 0 0 0 9 12 0 0 23 1 0 0 40 0 2 0 
4 3335 1 0 0 0 0 0 0 0 0 0 0 1 0 0 0 1 0 4 0 0 34 0 0 0 0 0 0 0 0 0 0 0 0 0 0 0 1 0 1 0 0 27 0 0 0 0 0 4 0 0 0 0 0 0 1 0 1 0 0 1 0 8 0 0 0 0 0 0 0 0 0 0 1 0 1 1 5 2575 0 1 0 0 0 0 5 29 0 2 0 0 0 0 1 6 5 0 0 0 0 0 0 0 0 0 0 2 0 0 0 0 1 0 1 0 0 0 0 0 0 86 17 0 2 1 0 0 0 0 0 0 0 0 2 1 0 0 0 0 0 0 5 4 1 0 0 0 0 0 0 1 2 0 1 0 38 0 0 0 0 0 0 2 1 0 0 0 0 0 0 0 9 0 0 0 1 0 0 0 0 2 0 0 13 0 0 0 0 0 0 21 0 0 0 0 0 0 2 0 0 268 1 0 0 3 0 0 0 1 0 4 1 0 0 0 0 0 0 0 15 0 0 0 0 0 0 0 16 0 1 0 0 0 0 0 0 0 0 0 1 0 8 10 1 0 26 8 0 0 34 1 3 0 
5 3577 0 1 0 0 0 0 0 0 0 3 0 0 0 0 0 1 0 8 0 0 17 0 0 0 0 0 0 2 0 0 0 0 2 0 0 1 0 0 0 0 0 12 0 0 0 0 0 13 0 0 0 0 0 0 0 0 1 0 0 0 0 11 0 0 1 0 0 0 0 0 1 1 0 0 0 0 9 2746 0 0 0 0 0 0 3 45 0 5 0 0 0 0 0 12 9 0 0 0 1 0 0 0 0 0 0 1 0 0 0 0 0 0 1 0 0 0 0 0 4 136 9 1 2 0 0 0 0 0 0 0 0 0 1 7 3 0 0 0 0 0 5 4 1 0 0 0 0 0 1 0 5 1 0 0 31 0 0 1 0 0 0 3 1 0 0 0 0 0 0 1 33 0 0 0 0 1 0 0 0 3 0 0 8 0 1 0 0 0 0 20 0 0 1 0 0 1 2 0 0 204 0 0 0 6 0 2 0 4 0 6 2 0 0 0 0 0 0 0 19 0 0 0 0 0 0 0 19 0 0 0 0 0 0 0 0 0 0 0 0 0 3 15 0 0 28 11 0 0 55 1 3 1 
6 3582 0 0 0 0 0 0 1 0 0 2 0 1 0 0 0 0 0 4 0 0 5 0 0 0 0 2 1 3 0 0 0 0 0 0 0 1 0 0 0 0 0 20 0 0 0 0 0 35 0 0 0 0 0 2 1 1 0 0 0 0 0 5 0 0 0 0 0 0 4 0 0 0 0 0 0 1 9 2695 0 1 0 1 0 0 2 63 0 10 2 0 0 0 1 10 15 0 0 0 0 0 0 0 0 0 0 0 1 0 0 0 0 0 0 0 0 0 0 0 3 111 9 1 8 0 0 0 0 2 0 0 0 0 0 2 0 0 0 0 0 0 15 4 0 0 0 0 1 0 1 1 4 1 0 0 34 0 0 0 0 0 0 1 0 0 0 0 0 0 0 0 45 0 0 0 0 0 0 0 0 3 0 0 26 0 0 0 0 0 0 21 1 1 0 0 0 1 6 0 0 137 0 0 0 2 0 0 0 3 0 15 1 0 0 0 0 0 0 0 21 0 0 0 0 0 0 0 56 0 1 0 0 0 0 0 0 0 0 0 0 0 2 13 0 0 48 15 0 0 59 1 3 1 
7 3579 0 1 0 0 0 0 1 0 0 4 0 2 0 0 0 0 0 6 0 0 7 0 0 0 0 0 1 0 0 0 0 0 0 0 0 0 0 0 1 0 0 23 0 0 0 0 0 21 0 0 0 0 0 1 7 0 0 0 1 0 1 7 0 0 1 0 0 0 1 0 0 0 0 0 0 0 9 2777 0 2 0 0 0 0 1 60 0 25 0 0 0 1 1 12 21 0 0 0 0 0 0 0 0 0 0 0 0 0 0 0 0 0 2 0 2 0 0 0 3 127 2 1 6 0 0 0 0 0 0 0 0 0 0 2 0 1 0 0 0 0 15 11 1 0 0 0 1 0 0 1 5 0 0 0 17 0 0 0 0 0 0 0 0 0 0 0 1 0 0 0 49 0 0 0 0 0 0 0 0 5 0 0 20 0 0 0 0 0 0 15 3 1 0 0 0 1 2 0 0 88 0 0 0 2 0 0 0 1 0 16 2 0 0 0 0 0 0 0 21 0 0 0 0 0 0 0 25 0 0 0 0 0 0 0 0 0 0 0 0 0 1 17 1 0 40 20 0 0 49 0 4 1 
8 3766 0 2 0 0 0 0 1 0 0 2 0 0 0 0 0 0 0 2 0 0 14 0 0 0 0 1 4 2 0 0 0 0 1 0 0 0 0 0 2 0 0 35 0 0 0 0 0 23 0 0 0 0 0 2 0 0 1 0 0 0 0 17 0 0 0 0 0 0 2 0 0 0 0 0 0 0 8 3007 0 0 0 0 0 0 3 73 0 12 1 0 0 0 1 9 17 0 0 0 0 0 0 0 0 0 0 1 0 0 1 0 0 0 2 0 1 0 0 0 1 115 1 2 12 0 0 0 0 0 0 0 0 0 0 6 2 4 0 0 0 0 11 5 0 0 0 0 0 0 0 1 4 0 0 0 9 0 0 0 0 1 0 0 0 0 0 0 2 0 0 0 38 0 0 0 0 0 0 0 0 8 0 0 19 0 0 0 0 0 0 15 0 0 0 0 0 0 20 0 0 50 0 0 0 0 0 0 0 6 0 13 0 0 0 0 0 0 0 0 6 0 0 0 0 0 0 0 30 0 0 0 0 0 0 1 0 1 0 0 0 0 0 16 1 0 49 19 0 0 42 1 5 0 
9 4629 0 0 0 0 0 0 2 0 0 0 0 8 0 0 0 1 0 0 0 0 36 0 0 0 0 1 0 1 0 0 0 0 0 0 0 0 0 0 0 0 0 17 0 0 0 0 0 26 0 0 0 0 0 3 1 1 1 0 0 0 0 18 0 0 0 0 0 0 0 0 0 0 0 0 0 0 13 3843 0 2 0 2 0 0 9 78 0 17 0 0 0 0 0 8 18 0 0 0 0 0 0 0 0 0 0 0 0 0 0 0 0 0 1 0 3 0 0 0 1 112 1 2 6 0 0 0 0 1 0 0 0 0 0 4 1 4 0 0 0 0 10 0 1 0 0 0 1 0 2 0 6 0 0 0 14 0 0 0 0 0 0 0 1 0 0 0 0 0 0 0 27 0 0 0 2 0 0 0 1 4 0 0 14 0 0 0 0 0 0 25 0 0 0 0 0 2 2 0 0 49 0 0 0 2 0 0 0 3 0 13 1 0 0 0 0 0 0 0 17 0 0 0 0 1 0 0 27 0 0 0 0 0 0 0 0 0 0 0 0 0 3 16 2 0 45 14 0 2 67 0 10 1 
10 5488 3 0 0 0 0 0 2 0 0 4 0 3 0 0 0 0 0 1 0 0 48 0 0 0 0 3 0 1 0 0 0 0 0 0 0 3 0 0 1 0 0 22 0 0 0 0 0 36 0 0 0 0 0 5 1 0 1 0 0 0 2 12 0 0 0 0 0 0 5 0 1 0 0 0 3 1 9 4704 0 1 0 1 0 0 6 52 0 18 0 0 0 0 0 10 24 0 0 0 0 0 0 0 0 0 0 0 0 0 0 0 1 1 0 0 0 0 0 0 1 126 1 1 14 0 0 0 0 0 0 0 0 0 0 5 0 1 0 0 0 0 18 2 1 0 0 0 1 0 0 0 0 1 2 0 7 0 0 0 0 1 0 0 2 0 0 0 1 0 0 0 32 0 0 0 1 0 0 0 0 8 0 0 20 4 0 0 0 0 0 19 0 0 0 0 0 0 5 0 1 45 0 0 0 0 0 1 0 1 0 15 2 0 0 0 0 0 0 2 21 0 0 0 0 0 0 0 22 0 0 0 0 0 0 0 0 0 0 0 0 0 2 25 0 0 24 10 0 3 47 0 5 0 
11 5901 0 3 0 0 0 0 1 0 0 1 0 5 0 0 0 0 0 0 0 0 34 0 0 0 0 0 0 0 0 0 0 0 1 0 0 2 0 0 3 0 0 30 0 0 0 0 0 24 0 0 0 0 0 3 2 0 0 0 0 0 0 8 0 0 0 0 0 0 3 0 0 1 0 0 0 1 9 5116 0 1 0 0 0 0 4 62 1 16 3 0 0 1 0 8 9 0 0 0 0 0 2 0 0 0 0 1 0 0 1 0 0 0 0 0 0 0 0 0 2 132 2 3 8 0 0 0 0 2 0 0 0 0 0 10 2 1 0 0 0 0 18 4 0 0 0 0 0 0 0 1 1 0 2 0 15 0 0 0 0 0 0 0 1 0 0 0 0 0 0 0 28 0 0 0 0 0 0 0 0 6 0 0 18 4 0 0 0 0 0 22 2 0 1 0 0 0 4 0 1 58 0 0 0 3 0 1 0 4 0 13 0 0 0 0 0 1 0 0 16 0 0 0 0 0 0 0 24 0 0 0 0 0 0 0 0 0 0 0 0 0 2 22 0 0 34 5 0 4 53 0 13 0 
12 6262 0 0 0 0 0 1 2 0 0 1 0 2 0 0 0 0 0 3 0 0 62 0 0 0 0 1 0 1 0 0 0 0 0 0 0 2 0 0 2 0 0 25 0 0 0 0 0 26 0 0 0 0 0 1 2 0 0 0 0 1 0 8 0 0 1 0 0 0 3 0 0 0 1 1 0 0 21 5371 0 1 0 0 0 0 3 51 1 11 3 0 0 0 2 4 13 0 0 0 0 0 0 0 1 0 0 0 1 0 1 0 0 0 2 0 0 0 0 0 1 141 0 0 10 0 0 0 0 0 0 0 0 0 0 6 1 0 0 0 0 0 7 0 2 0 0 0 0 0 1 1 3 0 2 0 19 0 0 0 1 0 0 1 0 0 0 0 0 0 0 0 25 0 0 0 0 0 0 0 0 5 1 0 16 2 0 0 0 0 0 30 2 0 1 0 0 1 8 0 1 115 3 0 0 3 0 1 0 4 2 16 2 0 0 0 0 0 0 0 14 0 0 0 0 0 0 0 39 0 0 0 0 0 0 0 0 0 0 0 0 0 2 27 0 0 38 6 0 2 61 0 4 0 
13 6320 1 0 0 0 0 0 0 0 0 0 0 1 0 0 0 1 0 1 0 0 76 0 0 0 0 3 0 1 0 0 0 0 0 0 0 0 1 0 1 0 0 22 0 0 0 0 0 21 0 0 0 0 0 1 0 0 0 0 1 0 0 10 0 0 0 0 0 0 5 0 0 0 0 0 0 1 24 5569 0 1 0 0 0 0 5 48 0 13 1 0 0 0 0 10 9 0 0 0 0 0 0 0 0 1 0 4 0 0 0 0 0 0 0 0 0 0 0 0 2 99 5 1 6 0 0 0 0 1 0 0 0 0 0 3 0 1 0 0 0 0 8 1 0 0 0 0 1 1 1 1 1 0 1 0 15 0 0 0 1 0 0 2 1 0 0 0 0 0 0 0 31 0 0 0 0 0 0 0 0 5 0 0 10 0 0 0 0 0 0 21 3 1 2 0 0 0 3 0 0 102 1 0 0 0 0 2 0 1 0 10 1 0 0 0 0 0 0 0 11 0 0 0 1 0 0 0 24 0 0 0 0 0 0 0 0 0 0 0 0 0 3 20 0 0 31 6 0 0 39 0 7 0 
14 5687 0 2 0 0 0 0 2 0 0 1 0 2 0 0 0 1 0 1 0 0 76 0 0 0 0 2 0 0 0 0 0 0 0 0 0 1 0 0 0 0 0 19 0 0 0 0 0 18 0 0 0 0 0 1 2 1 0 0 0 0 0 6 0 0 2 0 0 0 1 0 1 0 1 0 0 1 23 4947 0 0 0 0 0 0 4 46 0 11 1 0 0 2 0 10 14 0 0 0 0 0 0 0 0 0 0 2 0 0 0 0 0 0 2 0 1 0 0 0 3 108 5 1 4 0 0 0 0 1 0 0 0 0 0 5 0 1 0 0 0 0 10 0 1 0 0 0 0 0 1 3 1 0 1 0 22 0 0 0 0 0 0 1 1 0 1 1 0 0 0 0 17 0 0 0 0 0 0 0 0 5 0 0 12 2 0 0 0 0 0 23 2 0 0 0 0 0 1 0 0 99 1 0 0 3 0 0 0 0 1 15 1 0 0 0 0 0 0 0 7 0 0 0 0 0 0 0 23 0 0 0 0 0 0 0 0 0 1 0 0 0 4 14 0 0 25 8 0 2 37 0 5 0 
15 4525 0 0 0 0 0 0 2 0 0 1 0 2 0 0 0 0 0 3 0 0 56 0 0 0 0 0 2 1 0 0 0 0 2 0 0 0 1 0 1 0 0 17 0 0 0 0 0 27 0 0 0 0 0 2 3 0 0 0 0 0 0 2 0 0 0 0 0 0 4 0 0 2 1 0 0 0 22 3708 0 2 0 0 0 0 3 57 0 9 1 0 0 0 1 8 25 0 1 0 0 0 0 0 0 0 0 1 0 0 0 0 0 0 0 0 0 0 0 0 4 126 6 1 7 1 0 0 0 1 0 0 0 0 0 2 1 0 0 0 0 0 11 0 2 0 0 0 0 0 0 2 3 0 0 0 26 0 0 0 0 0 0 2 0 0 0 0 0 0 0 0 39 0 0 0 0 1 0 0 0 4 0 0 10 1 0 0 0 0 0 31 1 1 2 0 0 0 4 0 0 128 0 0 0 1 0 0 0 2 0 20 3 0 0 0 0 0 0 0 9 0 0 0 0 0 0 0 10 0 0 0 0 0 0 1 0 0 0 0 0 0 6 17 0 0 21 5 0 1 40 0 3 0 
16 3277 1 1 0 0 1 0 1 0 0 0 0 1 0 0 0 1 0 2 0 0 65 1 0 0 0 0 1 0 0 0 0 0 2 0 0 0 0 0 1 0 1 15 0 0 0 0 0 34 0 0 0 0 0 4 1 0 1 0 0 1 0 7 0 0 1 0 0 0 9 0 0 0 1 0 0 1 18 2455 0 2 0 1 0 0 6 51 0 11 2 0 1 0 1 10 8 0 0 0 0 0 0 0 0 0 0 0 0 0 0 0 0 0 6 0 0 0 0 0 4 104 7 2 7 0 0 0 0 1 0 0 0 0 0 7 1 0 0 0 0 0 14 0 1 0 0 0 1 0 0 4 3 0 1 0 28 0 0 0 1 0 0 0 1 0 0 0 0 0 0 0 34 0 0 0 0 0 0 0 0 0 0 0 27 4 0 0 0 0 0 23 0 0 1 0 0 0 6 0 0 142 1 0 0 0 0 2 0 0 0 10 3 0 0 0 0 0 0 0 2 0 0 0 1 0 0 0 12 0 0 0 0 0 0 1 1 0 0 0 0 0 8 4 0 0 35 10 0 2 26 0 6 0 
17 2120 1 0 0 0 0 0 1 0 0 0 0 1 0 0 0 0 0 7 0 0 74 1 0 0 0 1 0 2 0 0 0 0 0 0 0 0 0 0 1 0 1 4 0 0 0 0 0 27 0 0 0 0 0 3 1 0 0 0 0 0 1 0 0 0 1 0 0 0 5 0 0 0 0 0 2 0 20 1316 0 2 0 0 0 0 2 66 0 10 2 0 0 1 1 13 14 0 0 0 0 0 0 0 0 0 0 0 0 0 0 0 0 0 1 0 0 0 0 0 0 89 8 0 11 0 0 0 0 0 0 0 0 0 0 2 1 0 0 0 0 0 11 0 1 0 0 0 0 1 0 5 1 0 2 0 25 0 0 0 0 0 0 1 2 0 0 0 0 0 0 0 35 0 0 0 0 0 0 0 0 4 0 0 31 4 0 0 0 0 0 10 1 0 4 1 0 1 5 0 1 157 1 0 0 4 0 0 0 1 0 12 0 0 0 0 0 0 0 0 5 0 0 0 0 0 0 0 13 0 0 0 0 0 0 0 0 0 0 0 0 0 4 2 1 0 45 7 0 3 18 0 7 0 
18 1477 0 0 0 0 0 0 1 0 0 0 0 4 0 0 0 0 0 3 0 0 53 0 0 0 0 2 1 1 0 0 0 0 2 0 0 0 0 0 1 0 0 3 0 0 0 0 0 33 0 0 0 0 0 1 4 0 0 0 0 0 3 2 0 0 2 0 0 0 8 0 0 0 0 0 0 1 8 781 0 0 0 1 0 0 3 59 0 16 5 0 0 0 1 8 17 0 0 0 0 0 0 0 0 0 1 0 0 0 0 0 0 0 0 0 0 0 0 0 1 45 10 0 19 0 0 0 0 0 0 0 0 0 0 3 1 0 0 0 0 0 13 4 1 0 0 0 3 0 0 5 0 0 1 0 15 0 0 0 0 2 0 0 1 0 0 0 0 0 0 0 15 0 0 0 0 1 0 0 0 0 0 0 36 4 0 0 0 0 0 9 7 0 1 0 0 2 3 0 0 154 0 0 0 1 0 0 0 0 2 13 2 0 0 0 0 0 0 0 0 0 0 0 0 0 0 0 20 0 0 0 0 0 0 1 0 0 2 0 0 0 6 3 0 0 20 4 1 3 9 1 6 1 
19 1187 0 0 0 0 0 1 4 0 0 1 0 1 0 0 0 0 0 3 0 0 77 0 0 0 0 7 0 0 1 0 0 0 1 0 0 0 2 0 0 0 0 4 0 0 0 0 0 43 0 0 0 0 0 2 3 0 0 0 0 0 0 0 1 0 1 0 0 0 13 0 0 1 0 0 0 1 9 476 0 1 0 0 0 0 2 54 2 28 2 0 0 0 0 7 19 0 0 0 0 0 0 0 0 0 0 0 0 0 0 0 2 1 0 0 0 0 0 0 0 31 12 1 12 0 0 0 0 0 0 0 0 0 2 7 1 1 0 0 0 0 22 7 0 0 0 0 5 0 2 3 0 0 0 0 18 0 0 0 0 0 0 1 1 0 0 0 0 0 0 0 19 0 0 0 0 0 0 0 0 1 0 0 24 1 0 0 0 0 0 3 4 0 1 0 0 0 9 0 0 130 1 0 0 2 0 0 0 0 1 27 0 0 0 0 0 0 0 0 0 0 0 0 0 0 0 0 26 0 0 0 0 0 0 0 0 0 1 0 0 0 3 5 1 0 9 10 0 2 5 0 6 0 
20 1017 0 0 0 0 1 0 1 0 0 0 0 0 0 0 0 0 0 4 0 0 86 0 0 0 0 0 0 0 0 0 0 0 1 0 0 0 0 0 0 0 0 6 0 0 0 0 0 38 0 0 0 0 0 5 1 0 0 0 1 0 0 0 0 0 0 0 0 0 13 0 0 1 0 0 0 0 6 372 0 0 0 1 0 0 5 45 0 17 0 0 0 0 0 3 20 0 0 0 0 0 0 0 0 0 0 0 0 0 0 0 0 1 1 0 0 0 0 0 0 12 11 2 17 0 0 0 0 1 0 0 0 0 2 9 1 2 0 0 0 0 9 4 0 0 0 0 3 0 1 2 0 0 1 0 19 0 0 0 0 1 0 2 1 1 0 0 0 0 0 0 14 0 0 0 0 0 0 0 0 0 0 0 8 5 0 0 0 0 0 3 3 0 0 0 0 0 5 0 0 156 1 0 0 1 0 0 0 0 0 20 0 0 0 0 0 0 0 0 0 0 0 0 0 0 0 0 27 0 0 0 0 0 0 0 0 0 1 0 0 0 3 11 2 0 6 5 0 1 8 0 6 0 
21 1205 0 0 0 0 0 0 2 0 0 0 0 2 0 0 0 0 0 6 0 0 90 0 0 0 0 0 0 2 0 0 0 0 1 0 0 0 1 0 1 0 0 3 0 0 0 0 0 35 0 0 0 0 0 2 0 0 0 0 0 0 0 1 0 0 4 0 0 0 18 0 0 0 3 0 0 1 3 648 0 1 0 0 0 0 8 31 0 14 0 0 0 0 2 5 21 0 0 0 0 0 1 0 0 0 0 0 0 0 0 0 0 0 0 0 0 0 0 0 0 11 16 0 10 0 0 0 0 0 0 0 0 0 0 4 0 1 0 0 0 0 11 7 0 0 0 0 0 0 0 3 0 1 5 0 16 0 0 0 1 0 0 0 0 0 0 0 0 0 0 0 18 0 0 0 0 0 0 0 0 0 0 0 1 2 0 0 0 0 0 6 3 0 0 0 0 2 4 0 0 112 2 0 0 1 0 0 0 1 0 8 0 0 0 0 0 0 0 0 0 0 0 0 0 1 0 0 15 0 0 0 0 0 0 2 0 0 0 0 0 0 5 11 1 0 3 3 0 3 4 0 3 0 
22 1656 0 0 0 0 0 0 1 0 0 0 0 0 0 0 0 0 0 0 0 0 103 0 0 0 0 1 0 2 0 0 0 0 0 0 0 0 1 0 0 0 0 14 0 0 0 0 0 30 0 0 0 0 0 4 0 0 0 0 0 0 0 2 0 0 1 0 0 0 10 0 0 0 1 0 0 0 5 1112 0 0 0 1 0 0 13 17 0 3 2 0 0 0 0 2 18 0 0 0 0 0 0 0 0 0 0 0 0 0 0 0 0 0 0 0 0 0 0 0 1 17 7 1 8 0 0 0 0 0 0 0 0 0 0 1 0 0 0 0 0 0 11 4 0 0 0 0 2 0 0 0 2 1 3 0 20 0 0 0 0 0 0 2 4 0 0 0 1 0 0 0 6 0 0 0 0 0 0 0 0 0 0 0 3 4 0 0 0 0 0 7 1 2 0 0 0 0 1 0 0 149 1 0 0 2 0 0 0 0 1 5 0 0 1 0 0 0 0 0 1 0 0 0 0 0 0 0 8 0 0 0 0 0 0 3 0 0 0 0 0 0 4 5 0 0 3 1 0 1 11 0 5 0 
23 1985 0 0 0 0 0 0 0 0 0 1 0 1 0 0 0 1 0 0 0 0 106 0 0 0 0 0 0 1 0 0 0 0 0 0 0 1 0 0 0 0 0 10 0 0 0 0 0 33 0 0 0 0 0 0 0 0 0 0 0 0 0 8 0 0 0 0 0 0 15 0 0 0 1 0 0 1 2 1414 0 0 0 0 0 0 3 14 0 3 1 0 0 0 0 3 13 0 0 0 0 0 0 0 0 0 0 1 0 0 0 0 0 0 0 1 0 0 0 0 2 31 7 0 9 0 0 0 0 0 0 0 0 0 2 1 0 1 0 0 0 0 11 2 0 0 0 0 0 0 0 2 0 0 1 0 31 0 0 0 2 0 0 1 3 0 0 0 0 0 0 0 2 0 0 0 0 0 0 0 0 0 0 0 1 5 0 0 0 0 0 5 1 0 1 0 0 0 2 0 0 163 1 0 0 1 0 0 0 0 0 10 0 0 0 0 0 0 0 0 4 0 0 0 0 0 0 0 4 0 0 0 0 0 0 0 0 0 0 0 0 0 7 11 0 0 0 0 0 2 20 0 2 0 
24 2454 0 0 0 1 0 0 1 0 0 0 0 0 0 0 0 1 0 0 0 0 126 1 0 0 0 0 0 0 0 0 0 0 0 0 0 1 0 0 0 0 0 13 0 0 0 0 0 7 0 0 0 0 0 0 0 1 0 0 0 0 0 4 0 0 4 0 0 0 2 1 0 0 1 0 0 0 2 1861 0 0 0 0 0 0 8 11 0 2 1 0 0 0 0 2 4 0 0 0 0 0 0 0 0 0 0 1 0 0 0 0 0 0 0 0 0 0 0 0 0 39 15 0 5 0 0 0 0 0 0 0 0 0 2 0 0 0 0 0 0 0 6 4 0 0 0 0 0 0 0 2 0 0 2 0 34 0 0 0 1 0 0 4 4 0 0 0 0 0 0 1 0 0 0 0 2 1 0 0 0 1 0 0 1 1 0 0 0 0 0 14 0 0 1 0 0 0 1 0 0 166 3 0 0 0 0 0 0 0 2 4 2 0 0 0 0 0 0 0 5 0 0 0 0 0 0 0 3 0 1 0 0 0 0 0 0 0 0 0 0 0 11 14 0 0 9 0 0 2 34 0 1 0 
25 2780 0 0 0 0 0 1 0 0 0 1 0 0 0 0 0 0 0 0 0 0 122 0 0 0 0 1 0 0 0 0 0 0 0 0 0 0 1 0 1 0 0 22 0 0 0 0 0 5 0 0 0 0 0 1 0 0 1 0 0 0 0 5 1 0 2 0 0 0 4 0 0 0 3 0 0 2 1 2122 0 0 0 0 0 0 2 5 0 0 3 0 0 0 0 1 7 0 0 0 0 0 0 0 0 0 0 0 0 0 0 0 1 0 0 0 0 0 0 0 0 42 14 0 3 0 0 0 0 0 0 0 0 0 1 0 0 0 0 1 0 0 4 2 0 0 0 0 0 1 0 3 1 0 1 0 37 0 0 0 0 0 0 1 4 0 0 0 0 0 0 0 2 0 0 0 2 0 0 0 0 1 0 0 0 1 0 0 0 0 0 24 1 0 4 0 0 0 0 0 0 251 1 0 0 0 0 0 0 2 0 1 0 0 0 0 0 0 0 0 4 0 0 0 0 0 0 0 3 0 0 0 0 0 0 0 0 0 0 0 0 0 8 7 0 0 8 0 0 0 27 0 1 0 
26 2799 0 1 0 0 0 0 0 0 0 0 0 0 0 0 0 0 0 1 0 0 122 0 0 0 0 0 0 0 0 0 0 0 0 0 0 0 0 0 0 0 1 16 0 0 0 0 0 7 0 0 0 0 0 1 0 0 0 0 0 0 1 10 1 0 4 0 0 0 1 0 0 0 3 0 0 0 3 2131 0 0 0 0 0 0 2 8 1 0 4 0 0 0 0 0 7 0 0 0 1 0 0 0 0 1 0 1 0 0 0 0 0 0 0 0 0 0 0 0 0 66 13 0 1 0 0 0 0 0 0 0 0 0 2 0 0 0 0 0 0 0 2 0 1 0 0 0 0 0 0 4 3 0 4 0 40 0 0 0 0 0 0 4 0 0 0 0 0 0 0 0 3 0 1 0 0 0 0 0 0 3 0 0 1 0 0 0 0 0 0 12 1 0 1 0 0 0 0 0 0 195 3 0 0 0 0 0 0 1 0 0 0 0 0 0 0 0 0 0 14 0 0 0 0 0 0 0 1 0 1 0 0 0 0 1 0 0 0 0 0 0 11 13 0 0 16 2 0 0 48 0 1 0 
27 3300 0 1 0 0 0 0 0 0 0 2 0 0 0 0 0 0 0 0 0 0 64 0 0 0 0 0 0 0 0 0 0 0 1 0 0 0 0 0 0 0 0 31 0 0 0 0 0 1 0 0 0 0 0 0 0 0 0 0 0 0 1 6 1 0 0 0 0 0 0 0 1 0 2 0 0 0 4 2557 0 0 0 0 0 0 0 11 1 2 3 0 0 0 1 4 7 0 0 0 0 0 0 0 1 0 0 0 0 0 0 0 1 1 0 0 0 0 0 0 0 102 11 0 1 0 0 0 0 0 0 0 0 0 2 0 0 0 0 0 0 0 6 3 0 0 0 0 0 0 0 3 2 0 4 0 29 0 0 0 0 0 0 2 3 0 0 1 0 0 0 0 10 0 0 0 0 0 0 0 0 6 0 0 1 1 0 0 0 0 0 20 0 0 4 0 0 0 1 0 0 226 2 0 0 0 0 0 0 0 1 1 1 0 0 0 0 0 0 0 14 0 0 0 0 0 0 0 13 0 0 0 0 0 0 0 0 0 0 0 0 0 11 16 0 0 36 4 0 0 52 0 2 0 
28 3695 0 0 0 0 0 0 1 0 0 1 0 1 0 0 0 1 0 0 0 0 49 0 0 0 0 0 0 0 0 0 0 0 0 0 0 0 1 0 0 0 0 19 0 0 0 0 0 3 0 0 0 0 0 2 1 0 0 0 0 0 0 9 0 0 1 0 0 0 0 0 0 0 3 0 0 1 4 2921 0 0 0 0 0 0 2 22 0 2 1 0 0 0 1 5 6 0 0 0 0 0 0 0 1 1 0 0 0 0 0 0 0 0 1 0 0 0 0 0 1 103 16 0 5 0 0 0 0 1 0 0 0 0 1 1 0 0 0 0 0 0 2 5 0 0 0 0 0 0 0 0 2 0 2 0 28 0 0 0 2 0 0 4 2 0 0 0 0 0 0 0 21 0 0 0 0 0 0 0 0 3 0 0 5 0 0 0 0 0 0 21 0 0 1 0 0 0 3 0 0 221 4 0 0 2 0 0 0 3 0 6 1 0 0 0 0 0 0 0 21 0 0 0 0 0 0 0 18 0 0 0 0 0 0 0 0 0 0 0 0 0 7 19 0 0 33 2 0 0 60 0 3 2 
29 3686 0 0 0 0 1 0 0 0 0 1 0 0 0 0 0 0 0 2 0 0 20 0 0 0 0 0 2 0 0 0 0 0 0 0 0 0 1 0 1 0 0 15 0 0 0 0 0 7 0 0 0 0 0 0 0 0 0 0 0 0 0 7 2 0 0 0 0 0 0 0 0 0 5 0 0 0 12 2875 0 0 0 0 0 0 0 51 1 4 1 0 0 0 2 22 8 0 0 0 0 0 0 0 0 0 0 0 0 0 0 0 0 0 1 0 0 0 0 0 0 107 4 1 2 0 0 0 0 0 0 0 0 0 1 5 1 2 0 0 0 0 9 8 0 0 0 0 0 0 2 4 5 0 0 0 43 0 0 0 1 0 0 1 1 0 0 0 0 0 0 0 21 0 0 0 0 0 0 0 0 4 0 0 3 0 0 0 0 0 0 25 1 0 0 0 0 1 5 0 0 198 0 0 0 1 1 2 0 2 0 1 3 0 0 1 0 0 0 0 20 0 0 0 0 0 0 0 21 0 0 0 0 0 0 0 0 0 0 0 1 0 0 19 0 0 34 9 0 1 60 0 14 0 
30 3509 0 1 0 1 0 0 1 0 0 1 0 3 0 0 0 0 0 0 0 0 8 0 0 0 0 0 0 2 0 0 0 0 3 0 0 0 0 0 2 0 0 19 0 0 0 0 0 15 0 0 0 0 0 4 1 0 1 0 0 0 0 10 0 0 0 0 0 0 4 0 0 0 0 0 0 0 11 2732 0 0 0 1 0 0 0 56 0 6 1 0 0 0 0 6 13 0 0 0 0 0 0 0 0 0 0 1 0 0 0 0 0 0 0 0 0 0 0 0 1 137 7 0 14 0 0 0 0 0 0 0 0 0 0 4 0 0 0 0 0 0 16 5 0 0 0 0 0 0 0 1 2 0 2 0 21 0 0 0 0 1 0 0 1 0 0 0 0 0 0 0 35 0 0 0 1 0 0 0 0 3 0 0 4 0 0 0 0 0 0 15 1 0 0 0 0 0 1 0 0 123 0 0 0 5 0 0 0 2 0 8 2 0 0 0 0 0 0 0 19 0 0 0 0 0 0 0 26 0 0 0 0 0 0 0 0 0 0 0 0 0 3 14 2 0 44 15 0 0 55 0 13 0 
31 3570 1 2 0 0 0 0 0 0 0 1 0 1 0 0 0 0 0 0 0 0 6 0 0 1 0 3 0 1 0 1 0 0 4 0 0 0 0 0 1 0 0 29 0 0 0 0 0 28 0 0 0 0 0 1 2 0 0 0 0 0 0 5 1 0 0 0 0 0 9 0 0 1 0 0 0 0 5 2755 0 1 0 0 0 0 4 74 0 11 1 0 0 0 2 10 14 0 0 0 0 0 0 0 0 0 0 1 0 0 0 0 0 0 0 0 0 0 0 0 0 139 4 0 9 0 0 0 0 0 0 0 0 0 1 1 0 0 0 0 0 0 9 18 1 0 0 0 1 3 0 0 2 0 1 0 37 0 0 0 0 0 0 0 0 0 0 0 0 0 0 1 27 0 0 0 1 0 0 0 0 3 0 0 8 0 0 0 0 0 0 20 3 0 0 0 0 0 3 0 0 97 0 0 0 3 0 2 0 1 0 8 2 0 0 0 0 0 0 0 24 0 0 0 0 0 0 0 28 0 0 0 0 0 0 0 0 0 0 0 0 0 1 15 1 0 42 7 0 1 64 0 4 0 
32 3932 0 2 0 0 1 0 3 0 0 2 0 7 0 0 1 0 0 4 0 0 21 0 0 0 0 2 2 0 0 0 0 0 1 0 0 0 0 0 1 0 0 33 0 0 0 0 0 28 0 1 0 0 0 5 1 0 0 0 0 0 0 5 0 0 0 0 0 0 5 0 0 0 0 0 0 0 8 3108 0 3 0 1 0 0 4 68 0 19 0 0 0 0 3 3 27 0 0 0 0 0 0 0 0 0 0 1 0 0 0 0 0 0 1 0 0 0 0 0 1 127 0 10 11 0 0 0 0 0 0 0 0 0 0 4 1 0 0 0 0 0 28 10 3 0 0 0 2 0 3 0 0 0 0 0 11 0 0 0 0 0 0 0 0 0 0 0 1 0 0 0 22 0 0 0 0 0 0 0 0 7 0 0 7 0 0 0 0 0 0 22 1 0 0 0 0 1 17 0 0 76 0 0 0 5 0 0 0 3 0 7 3 0 0 0 0 0 0 0 21 0 0 0 0 0 0 0 20 0 0 0 0 0 0 0 0 0 0 0 0 0 0 18 2 0 41 18 0 0 48 0 4 1 
33 4554 0 1 0 0 0 0 1 0 0 2 0 6 0 0 0 0 0 2 0 0 23 0 0 0 0 0 0 0 0 0 0 0 0 0 0 0 0 0 1 0 0 37 0 0 0 0 0 38 0 0 0 0 1 2 0 0 1 0 0 0 0 5 0 0 0 0 0 0 6 0 0 0 0 0 0 0 11 3781 0 3 0 2 0 0 0 58 1 14 0 0 0 0 1 8 22 0 0 0 0 0 0 0 0 0 0 0 1 0 0 0 0 0 0 0 1 0 0 0 4 121 2 1 14 0 0 0 0 0 0 0 0 0 0 7 0 0 0 0 0 0 18 9 0 0 0 0 0 0 2 0 4 0 0 0 7 0 0 0 0 2 0 0 1 0 0 0 0 0 0 0 26 0 0 0 0 0 0 0 0 8 0 0 6 1 0 0 0 0 0 22 3 1 0 0 0 0 3 0 0 54 0 0 0 2 0 0 0 4 0 12 4 0 0 0 0 0 0 1 22 0 0 0 0 0 0 0 26 0 0 0 0 0 0 0 0 0 0 0 0 0 0 18 0 0 29 10 0 1 69 1 8 0 
34 5656 0 1 0 0 0 0 3 0 0 1 0 4 0 0 0 0 0 1 0 0 42 0 0 0 0 1 2 0 0 0 0 0 1 0 0 1 0 0 0 0 0 34 0 0 0 0 0 39 0 0 0 0 0 2 1 0 0 0 0 0 0 29 0 0 0 0 0 0 3 0 0 0 0 0 0 1 19 4806 0 1 0 1 0 0 8 63 0 16 3 0 0 0 1 7 20 0 0 0 0 0 0 1 0 0 0 0 0 0 0 0 1 0 0 1 0 0 0 0 2 151 2 3 15 0 0 0 0 1 0 0 0 0 0 3 2 1 0 0 0 0 11 6 0 0 0 0 1 0 1 0 2 0 1 0 8 0 0 0 0 1 0 0 0 0 0 0 0 0 0 0 27 0 0 0 0 0 0 0 0 0 0 0 17 8 0 0 0 1 0 20 2 0 0 0 0 0 3 0 0 50 0 0 0 4 0 1 0 5 1 11 1 0 0 0 0 0 0 0 17 0 0 0 0 0 0 1 31 0 0 0 0 0 1 0 0 0 0 0 0 0 5 20 1 0 33 6 0 0 58 0 5 0 
35 6251 0 0 0 2 0 1 2 0 0 1 0 9 0 0 0 0 0 3 0 0 39 0 0 0 0 1 2 0 0 0 0 0 2 0 0 1 0 0 4 0 0 33 0 0 0 0 0 35 0 0 0 0 0 8 1 0 0 0 0 0 1 28 0 0 4 0 0 0 7 0 0 1 1 0 0 3 14 5347 0 0 0 1 0 0 1 44 0 16 3 0 0 1 0 37 7 0 0 0 0 0 2 0 0 0 0 0 0 0 0 0 1 1 0 0 0 0 0 0 0 126 3 1 8 0 0 0 0 0 0 0 0 0 0 7 0 0 0 0 0 0 10 6 2 0 0 0 0 1 0 0 3 0 1 0 21 0 0 0 1 0 0 1 1 0 0 0 0 0 0 0 27 0 0 0 0 0 0 0 0 38 0 0 15 2 0 0 0 0 0 18 2 2 0 1 0 16 11 0 0 52 0 0 0 4 0 0 0 8 0 10 2 0 0 0 0 0 0 0 30 0 0 0 0 0 0 0 24 0 0 0 0 0 0 0 0 0 0 0 0 0 4 25 1 0 25 5 0 1 62 1 6 0 
36 6027 0 0 0 1 0 0 1 0 0 2 0 2 0 0 0 0 0 5 0 0 48 0 0 0 0 5 0 0 0 0 0 0 1 0 0 0 0 0 2 0 0 16 0 0 0 0 0 23 0 0 0 0 0 4 0 0 2 0 1 0 0 12 0 0 0 0 0 0 8 0 0 1 0 0 2 0 14 5164 0 2 0 1 0 0 8 42 0 12 1 0 0 0 1 13 16 0 0 0 0 0 1 0 1 0 0 0 0 0 0 0 0 1 0 0 0 0 0 0 4 128 9 0 8 0 0 0 0 0 0 0 0 0 0 2 5 1 0 0 0 0 5 1 2 0 0 0 0 0 1 1 2 0 1 0 19 0 0 0 1 0 0 0 1 0 0 0 0 0 0 0 23 0 0 0 0 0 0 0 0 26 0 0 13 0 0 0 0 1 0 24 2 1 1 0 0 4 3 0 0 122 0 0 0 3 0 0 0 7 0 12 4 0 0 0 0 0 0 0 23 0 0 0 0 0 0 0 28 1 0 0 0 0 0 0 0 0 0 0 0 0 1 16 0 0 31 5 0 1 63 0 4 0 
37 6250 0 0 0 0 1 0 5 0 0 2 0 3 0 0 0 0 0 1 0 0 66 0 0 0 0 2 0 0 0 0 0 0 1 0 0 0 0 0 1 0 0 24 0 0 0 0 0 19 0 0 0 0 0 2 0 0 0 0 0 0 0 6 0 0 0 0 0 0 8 0 0 0 0 0 0 3 9 5499 0 1 0 0 0 0 3 38 0 11 0 0 0 1 0 14 29 0 0 0 0 0 1 0 0 0 0 1 0 0 0 0 0 0 0 0 0 0 0 0 2 99 3 1 7 0 0 0 0 0 0 0 0 0 0 2 2 0 0 0 0 0 5 0 1 0 0 0 1 0 0 3 1 0 1 0 30 0 0 0 0 0 0 1 0 0 0 0 1 0 0 0 20 0 1 0 0 0 0 0 0 12 0 0 12 2 0 0 0 0 0 11 1 0 1 0 0 1 2 0 1 89 1 0 0 2 0 0 0 6 0 13 2 0 0 0 0 0 0 0 17 0 0 0 0 0 0 0 26 0 0 0 0 0 0 0 0 0 0 0 0 0 4 14 1 0 28 5 0 3 56 0 5 0 
38 5801 0 2 0 0 0 0 0 0 0 2 0 2 0 1 0 0 0 3 0 0 74 0 0 0 0 1 1 0 0 0 0 0 0 0 0 0 0 0 1 0 0 35 0 0 0 0 0 28 0 0 0 0 0 3 3 0 0 0 0 0 0 7 0 0 1 0 0 0 5 0 0 0 0 0 1 1 5 5007 0 1 0 1 0 0 4 28 0 8 3 0 0 1 1 7 12 0 0 0 0 0 0 0 0 0 0 0 0 0 0 0 0 0 1 0 0 0 0 0 1 132 9 1 4 0 0 0 0 0 0 0 0 0 0 3 0 0 0 0 0 0 9 0 1 0 0 0 0 0 0 1 1 0 3 0 26 1 0 0 0 0 0 0 2 0 0 0 0 0 0 0 24 0 0 0 1 0 0 0 0 9 0 0 18 1 0 0 0 0 0 25 0 0 2 0 0 2 6 0 0 106 1 0 0 1 0 0 0 5 1 12 1 0 1 0 0 0 0 0 7 0 0 0 0 0 0 0 25 0 0 0 0 0 0 1 0 0 0 0 0 0 3 8 0 0 27 10 0 2 48 1 6 0 
39 4507 0 1 0 0 0 0 2 0 0 0 0 3 0 0 0 0 0 2 0 0 73 0 0 0 0 1 2 0 0 0 0 0 1 0 0 0 1 0 2 0 0 25 0 0 0 0 0 15 0 0 1 0 0 2 5 0 0 0 0 0 2 4 0 0 0 0 0 0 1 0 0 1 0 0 0 1 11 3712 0 1 0 0 0 0 2 41 0 9 1 0 0 0 0 6 13 0 0 0 0 0 0 0 0 0 0 2 0 0 1 0 0 0 0 0 0 0 0 0 0 125 7 0 4 0 0 0 0 0 0 0 0 0 1 4 3 0 0 0 0 0 7 1 3 0 0 0 0 0 0 2 5 0 1 0 34 0 0 0 0 0 0 3 1 0 0 0 0 0 0 0 11 0 0 0 0 0 0 0 0 4 0 1 20 2 0 0 0 0 0 23 3 0 1 0 0 0 7 0 0 144 0 0 0 4 0 0 0 4 1 11 1 0 0 0 0 0 0 0 5 0 0 0 0 0 0 0 26 0 0 0 0 0 0 0 0 0 1 0 0 0 5 2 0 0 29 6 0 2 44 0 3 1 
40 3190 0 0 0 1 0 0 4 0 0 1 0 2 0 0 0 0 0 6 0 0 72 0 0 1 0 2 0 1 0 0 0 0 0 0 0 0 0 0 0 0 0 16 0 0 0 1 0 20 0 0 0 0 0 1 3 1 0 0 1 1 0 5 0 0 1 0 0 0 11 0 0 0 0 0 0 2 3 2428 0 2 0 0 0 0 2 37 0 15 5 0 0 0 1 4 8 0 0 0 0 0 0 0 0 1 0 1 0 0 0 0 0 0 2 1 1 0 0 0 1 106 7 0 6 0 0 0 0 1 0 0 0 0 0 8 11 0 0 0 0 0 6 1 1 0 0 0 2 0 1 4 2 0 0 0 25 1 0 0 0 0 0 1 4 0 0 0 0 0 0 0 12 0 0 0 1 0 0 0 0 2 0 0 17 6 0 0 0 0 0 18 0 1 2 0 0 0 7 0 0 125 1 0 0 1 0 0 0 2 0 13 2 0 0 0 0 0 0 0 14 0 0 0 0 0 0 0 27 0 0 0 0 0 0 0 1 0 1 0 0 0 2 3 1 0 30 4 0 2 36 0 5 0 
41 2300 0 0 0 0 0 0 1 0 0 0 0 1 0 0 0 0 0 1 0 0 51 0 0 1 0 0 1 1 0 0 0 0 1 0 0 0 0 0 0 0 0 11 0 0 0 1 0 23 0 0 0 0 0 3 1 0 2 0 0 0 0 0 0 0 2 0 0 0 5 0 0 1 0 0 0 1 25 1605 0 0 0 0 0 0 4 39 0 8 2 0 0 1 0 6 15 0 0 0 0 0 0 0 0 0 0 2 0 0 0 0 0 0 0 1 0 0 0 0 1 73 10 1 12 0 0 0 0 0 0 0 0 0 0 3 1 1 0 0 0 0 13 0 1 0 0 0 0 0 0 0 1 0 2 0 6 0 0 0 0 1 0 1 2 0 0 0 0 0 0 0 17 0 0 0 0 0 0 0 0 2 0 0 47 2 0 0 0 0 0 13 2 0 0 0 0 0 4 0 0 145 0 0 0 3 0 0 0 1 0 9 0 0 0 0 0 0 0 0 5 0 0 0 1 0 0 0 24 0 0 0 0 0 1 0 0 0 0 0 0 0 7 3 0 0 30 6 1 1 23 0 8 0 
42 1615 0 0 0 0 0 0 3 0 0 0 0 2 0 0 0 0 0 1 1 0 59 0 0 0 0 2 0 3 0 0 0 0 3 0 0 1 1 0 0 0 0 6 0 0 0 1 0 30 0 0 0 0 0 4 6 0 1 0 0 0 0 1 0 0 3 0 0 0 6 0 0 0 1 0 0 2 31 893 0 3 0 1 0 0 5 62 0 13 0 0 0 0 2 11 20 0 0 0 0 0 0 0 0 0 1 0 0 0 0 0 0 0 1 1 0 0 0 0 2 30 11 1 9 0 0 0 0 0 0 0 0 0 0 2 7 0 0 0 0 0 3 1 0 0 0 0 3 1 0 1 2 0 1 0 15 0 0 0 1 0 0 2 2 0 0 0 0 0 0 0 15 0 0 0 0 0 0 0 0 0 0 0 29 3 0 0 0 0 0 9 3 0 0 0 0 1 1 0 0 164 0 0 0 3 0 0 0 2 0 19 1 0 0 0 0 0 0 2 0 0 0 0 0 1 0 0 9 0 1 0 0 0 0 1 0 0 0 0 0 0 5 1 1 0 29 4 0 2 10 1 21 0 
43 1254 0 0 0 0 0 0 2 0 0 0 0 0 0 0 0 0 0 1 0 0 64 0 0 0 0 0 0 0 0 0 0 0 0 0 0 1 1 0 0 0 0 2 0 0 0 0 0 25 0 0 0 0 0 1 0 1 1 0 0 0 1 0 0 0 4 0 0 0 4 0 0 0 0 0 0 2 29 600 0 2 0 0 0 0 6 54 0 7 0 0 0 3 0 4 11 0 0 0 0 0 0 0 0 0 0 0 0 0 0 0 0 0 3 0 0 0 0 0 1 27 3 0 11 0 0 0 0 0 0 0 0 0 1 3 10 0 0 0 0 0 16 0 1 0 0 0 0 0 0 3 1 0 0 0 33 0 0 0 1 0 0 1 1 0 0 0 0 0 0 0 24 0 0 0 0 0 0 0 0 0 0 0 24 0 0 0 0 0 0 7 6 0 0 1 0 1 9 0 0 136 1 0 0 1 0 0 0 0 0 11 1 0 0 0 0 0 0 0 3 0 0 0 0 0 0 1 13 0 0 0 0 0 0 0 0 0 0 0 0 0 7 6 0 0 23 4 0 4 9 0 16 0 
44 1057 0 0 0 0 0 0 4 0 0 0 0 1 0 1 0 0 0 1 0 0 76 1 0 0 0 0 0 1 0 0 0 0 0 0 0 0 1 0 1 0 0 3 0 0 0 0 0 35 0 0 0 0 0 3 1 0 2 0 0 0 0 2 0 0 1 0 0 0 6 0 0 0 0 0 0 0 8 457 0 3 0 1 0 0 4 44 0 14 0 0 0 0 0 5 23 0 0 0 0 0 0 0 0 0 0 0 0 0 0 0 0 0 0 2 0 0 0 0 0 15 5 0 8 0 0 0 0 1 0 0 0 0 0 8 2 0 0 0 0 0 13 2 0 0 0 0 1 1 1 2 2 0 0 0 21 0 0 0 0 0 0 0 1 0 0 0 0 0 0 0 19 0 0 0 0 0 0 0 0 1 0 0 7 5 0 0 0 0 0 7 3 0 1 0 0 0 6 0 0 137 2 0 0 3 0 0 0 0 1 23 1 0 0 0 0 0 0 0 0 0 0 0 0 0 0 0 20 0 0 0 0 0 0 0 0 0 0 0 0 0 4 6 0 0 8 5 0 4 6 0 1 0 
45 1195 0 0 0 0 0 0 2 0 0 0 0 1 0 0 0 0 0 1 0 0 108 0 0 0 0 4 0 0 0 0 0 0 0 0 0 0 0 0 1 0 0 3 0 0 0 0 0 22 0 0 0 0 0 4 7 0 0 0 0 1 0 1 0 0 4 0 0 0 17 0 0 1 1 0 0 1 4 588 0 0 0 0 0 0 4 34 1 14 0 0 0 0 1 6 19 0 0 0 0 0 1 0 0 0 0 0 0 0 0 0 0 0 1 0 2 0 0 0 0 8 10 0 13 0 0 0 0 0 0 0 0 0 2 1 0 1 0 0 0 0 10 3 0 0 0 0 1 0 0 6 0 0 3 0 15 0 0 0 1 1 0 1 3 0 0 0 0 0 0 0 17 0 0 0 0 0 0 0 0 3 0 0 10 2 0 0 0 0 0 5 3 0 3 0 0 0 3 0 0 149 2 0 0 0 0 0 0 0 0 17 0 0 0 0 0 0 0 0 2 0 0 0 0 1 0 0 11 1 0 0 0 0 0 0 0 0 0 0 0 0 7 4 4 0 2 0 0 1 8 0 3 0 
46 1471 0 0 0 0 0 0 4 0 0 0 0 0 0 1 0 2 0 4 0 0 96 1 0 0 0 0 0 1 0 0 1 0 0 0 0 0 0 0 0 0 0 15 0 0 0 0 0 18 0 0 0 0 0 1 1 0 1 0 1 0 2 0 0 0 5 0 0 0 13 0 0 0 0 0 0 2 3 946 0 0 0 0 0 0 3 19 2 9 0 0 0 0 0 5 14 0 0 0 0 0 1 0 0 0 0 0 0 0 0 0 0 0 0 0 1 0 0 0 0 15 4 0 8 0 0 0 0 0 1 0 0 0 0 1 1 0 0 0 0 0 11 1 0 0 0 0 2 0 2 3 5 0 2 0 26 0 0 0 0 0 0 0 1 0 0 1 0 0 0 0 7 0 0 0 0 1 0 0 0 5 0 0 4 1 0 0 0 0 0 4 0 0 7 0 0 0 3 0 0 122 2 0 0 2 0 0 0 0 0 12 1 0 0 0 0 0 0 0 0 0 0 0 0 0 0 0 5 0 0 0 0 0 0 0 0 0 1 0 0 0 6 8 0 0 3 1 0 5 11 0 1 0 
47 1962 0 0 0 0 0 0 0 0 0 1 0 0 0 0 0 1 0 0 0 0 117 0 0 0 0 0 0 0 0 0 0 0 0 0 0 2 0 0 0 0 0 11 0 0 0 0 0 22 0 0 0 0 0 0 0 0 0 0 0 0 1 10 0 0 0 0 0 0 12 0 0 0 1 0 0 1 1 1382 0 0 0 0 0 0 8 8 0 3 0 0 0 1 0 0 4 0 0 0 0 0 0 0 0 0 0 0 0 1 0 0 0 0 0 0 0 0 0 0 0 36 21 1 5 0 0 0 0 0 0 0 0 0 2 1 0 0 0 0 0 0 8 6 0 0 0 0 0 0 1 3 3 0 3 0 27 0 0 0 0 0 0 0 1 0 0 0 0 0 0 0 3 0 0 0 0 0 0 0 0 2 0 0 0 4 0 0 0 0 0 11 0 0 2 0 0 0 0 0 1 167 2 0 0 0 0 0 0 5 1 5 0 0 0 0 0 0 0 0 6 0 0 0 0 0 0 0 4 0 0 0 0 0 0 0 0 0 1 0 0 0 6 10 0 0 1 0 0 2 18 0 2 0 
48 2474 0 0 0 0 0 0 0 0 0 0 0 0 0 0 0 0 0 0 0 0 96 0 0 0 0 0 0 0 0 0 0 0 0 0 0 0 0 0 0 0 0 15 0 0 0 0 0 13 0 0 0 0 0 0 0 0 0 0 0 0 0 1 0 0 2 0 0 0 10 0 0 0 0 0 0 1 2 1910 0 0 0 0 0 0 5 7 0 5 1 0 0 0 1 0 8 0 0 0 0 0 0 0 0 1 0 1 0 0 1 0 0 0 0 0 1 0 0 0 0 45 4 0 6 0 0 0 0 0 0 0 0 0 1 3 0 0 0 0 0 0 6 1 0 0 0 0 0 0 0 5 0 0 3 0 32 0 0 0 0 0 0 3 5 0 0 0 0 0 0 0 1 0 0 0 0 0 0 0 0 5 0 0 2 1 0 0 0 0 0 8 0 0 8 0 0 1 0 0 0 194 1 0 0 0 0 0 0 0 0 6 0 0 0 0 0 0 0 0 3 0 0 0 0 0 0 0 4 0 0 0 0 0 1 0 0 0 0 0 0 0 12 10 0 0 2 0 0 0 19 0 1 0 
49 2942 0 0 0 0 0 0 0 0 0 0 0 1 0 0 0 1 0 0 0 0 75 0 0 0 0 0 0 0 0 0 0 0 0 0 0 0 0 0 0 0 0 18 0 0 0 0 0 8 0 0 0 0 0 1 0 0 0 0 0 5 0 8 1 0 2 0 0 0 4 0 0 0 3 0 0 0 3 2334 0 1 0 0 0 0 1 4 0 0 1 0 0 0 0 0 10 0 0 0 0 0 0 0 0 0 0 0 0 0 0 0 0 0 0 0 0 0 0 0 0 57 8 0 5 0 0 0 0 0 0 0 0 0 1 0 0 0 0 0 0 0 2 5 0 0 0 0 0 0 0 3 5 0 2 0 35 0 0 0 0 0 0 4 1 0 0 0 0 0 0 0 2 0 0 0 0 0 0 0 0 1 0 0 1 1 0 0 0 0 0 19 1 0 2 0 0 1 0 0 0 219 0 0 0 0 0 0 0 1 0 2 1 0 0 0 0 0 0 0 3 0 0 0 0 0 0 0 4 0 0 0 0 0 0 0 0 0 1 0 0 0 15 11 0 0 9 0 0 0 37 0 0 0 
50 3401 0 0 0 0 0 0 0 0 0 1 1 0 0 0 0 1 0 0 0 0 88 0 0 0 0 0 0 0 0 0 0 0 0 0 0 0 0 0 0 0 0 14 0 0 0 0 0 7 0 0 0 0 0 0 0 0 0 0 0 0 0 3 1 0 3 0 0 0 2 0 1 0 4 0 0 0 5 2757 0 0 0 0 0 0 0 7 0 1 0 0 1 0 0 3 5 0 0 0 0 0 0 0 0 1 0 1 0 0 0 0 0 0 1 0 1 0 0 0 0 85 8 0 1 0 0 0 0 0 0 0 0 0 0 0 0 0 0 0 0 0 2 2 1 0 0 0 0 1 0 3 0 0 0 0 41 0 0 0 0 0 0 0 2 0 0 0 0 0 0 0 4 0 0 0 1 0 0 0 0 2 0 0 6 0 0 0 0 0 0 20 0 0 0 0 0 0 1 0 0 204 0 0 0 0 0 0 0 1 0 1 0 0 0 0 0 0 0 0 5 0 0 0 0 0 0 0 6 0 0 0 0 0 0 0 0 0 0 0 0 0 15 12 0 0 17 0 0 0 47 0 2 0 
51 3700 0 1 0 1 0 0 0 0 0 1 0 0 0 0 0 0 0 0 0 0 65 0 0 0 0 0 0 0 0 0 0 0 0 0 0 0 1 0 0 0 0 19 0 0 0 0 0 5 0 0 0 0 0 0 0 0 0 0 0 0 0 6 0 0 1 0 0 0 2 0 0 0 1 0 1 2 4 2964 0 0 0 0 0 0 1 10 0 0 1 0 0 0 0 2 5 0 0 0 0 0 0 0 0 0 0 5 0 0 0 0 0 0 1 0 0 0 0 0 0 95 6 0 1 0 0 0 0 0 0 0 0 0 2 0 5 0 0 0 0 0 2 6 1 0 0 0 0 0 0 4 1 0 4 0 65 0 0 0 0 0 0 2 2 0 0 0 0 0 0 0 6 0 0 0 0 0 0 0 0 5 0 0 2 1 0 0 0 0 0 13 0 0 1 0 0 1 0 0 0 230 2 0 0 0 0 0 0 3 0 1 0 0 0 0 0 0 0 0 22 0 0 0 0 0 0 0 7 0 0 0 0 0 0 0 0 0 0 0 1 0 6 16 0 0 25 2 0 1 55 0 2 0 
52 4011 0 0 0 0 0 1 0 0 0 1 0 2 0 0 0 0 0 0 0 0 50 0 0 0 0 1 0 0 0 0 0 0 0 0 0 0 0 0 1 0 0 29 0 0 0 0 0 2 0 0 0 0 0 0 0 0 0 0 0 0 0 7 1 0 2 0 0 0 0 0 0 0 0 0 0 2 6 3206 0 0 0 0 0 0 3 13 1 2 2 0 0 0 0 10 10 0 0 0 0 0 0 0 0 0 0 1 0 0 0 0 0 0 0 0 1 0 0 0 0 132 5 5 2 0 0 0 0 0 0 0 0 0 0 0 5 0 0 0 0 0 4 5 4 0 0 0 0 0 0 3 3 0 2 0 39 0 0 0 0 0 0 3 2 0 0 0 0 0 0 0 13 0 0 0 1 1 0 0 0 3 0 0 1 0 0 0 0 0 0 34 0 0 0 0 0 2 0 0 0 218 0 0 0 1 0 0 0 1 1 1 2 0 0 0 0 0 0 0 16 0 0 0 0 0 0 0 32 0 0 0 0 0 0 0 0 0 0 0 0 0 8 18 0 0 28 5 0 2 50 0 1 0 
53 4081 0 1 0 0 0 0 0 0 0 2 0 2 0 0 0 0 0 10 1 0 37 0 0 0 0 0 0 2 0 0 0 0 2 1 0 0 1 0 1 0 0 21 0 0 0 0 0 10 0 0 0 0 0 1 0 0 0 0 0 0 0 10 0 0 0 0 0 0 0 0 0 0 2 1 0 0 6 3226 0 2 0 0 0 0 0 35 1 6 4 0 0 0 1 8 8 0 0 0 0 0 0 0 0 1 0 0 0 0 0 0 0 0 0 0 0 0 0 0 1 136 6 0 2 0 0 0 0 0 0 0 0 0 2 1 3 0 0 0 0 0 10 8 3 0 0 0 0 0 0 0 1 0 0 0 42 0 0 0 0 0 0 0 1 0 0 0 0 0 0 0 10 0 0 0 0 0 0 0 0 11 0 0 8 0 0 0 0 0 0 36 0 0 2 0 0 1 2 0 0 188 1 0 0 1 0 0 0 2 0 7 0 0 0 0 0 0 0 0 29 0 0 0 0 0 0 0 37 0 0 0 0 0 0 0 0 0 0 0 0 0 2 15 0 0 27 18 0 1 54 0 7 0 
54 3957 0 1 0 0 0 0 1 0 0 1 0 4 0 0 0 1 0 3 0 0 12 0 0 0 0 0 1 0 0 0 0 0 0 0 0 0 0 0 1 0 0 34 0 0 0 0 0 19 0 0 0 0 0 0 0 0 0 0 0 0 0 13 0 0 0 0 0 0 0 0 0 1 1 0 0 0 11 3090 0 0 0 1 0 0 1 34 1 3 4 0 0 0 0 9 11 0 0 0 0 0 0 0 0 1 0 0 0 0 0 0 0 0 0 0 1 0 0 0 1 136 8 0 6 0 0 0 0 0 0 0 0 0 1 0 0 1 0 0 0 0 11 5 2 0 0 0 0 0 2 0 4 1 1 0 44 1 0 0 0 1 0 2 0 0 0 0 0 0 0 0 15 0 0 0 0 0 0 0 0 7 0 0 14 0 0 0 0 0 0 35 0 0 0 0 0 1 8 0 0 152 0 0 0 4 0 5 0 2 0 9 1 0 0 0 0 0 0 0 29 0 0 0 0 0 0 0 47 0 0 0 0 0 0 0 0 0 0 0 0 0 6 11 1 0 49 9 0 0 58 0 4 0 
55 8066 0 1 0 0 0 0 19 0 0 0 0 4 0 0 0 0 0 11 0 0 25 0 0 0 0 2 0 0 0 0 0 0 0 0 0 1 0 0 1 0 0 53 0 0 0 0 0 38 0 0 0 0 0 6 3 0 1 0 1 0 0 25 0 0 0 0 0 0 1 0 0 0 0 0 0 1 17 6381 0 0 0 1 0 1 4 122 0 23 1 0 0 2 4 24 20 0 0 0 0 0 2 0 0 1 1 4 0 0 0 0 0 0 0 0 1 0 0 0 7 273 9 5 13 0 0 0 0 0 0 0 0 0 0 7 1 1 0 0 0 0 21 8 0 0 0 0 0 0 5 1 7 0 0 0 50 0 0 0 0 0 0 0 0 0 0 0 2 0 0 0 45 0 0 0 0 0 0 0 0 26 0 0 20 0 0 0 0 0 0 34 2 0 1 0 0 2 6 0 0 236 0 0 0 2 0 0 0 11 0 26 4 0 1 0 0 0 0 0 52 0 0 0 0 0 0 0 77 0 0 0 0 0 0 0 0 0 1 0 0 0 7 41 1 0 104 15 0 8 124 0 7 0 
56 8248 0 4 0 1 0 0 8 0 0 4 0 7 0 0 0 0 0 5 0 0 23 0 0 0 0 1 0 1 0 0 0 0 1 0 0 0 0 0 1 0 0 99 0 0 0 0 0 57 0 0 0 0 0 9 15 0 1 0 0 0 1 36 0 0 1 0 0 0 10 0 0 0 1 0 0 3 38 6543 0 1 0 3 0 0 10 117 0 37 3 0 0 2 1 19 25 0 0 0 0 0 0 0 0 0 0 0 0 0 1 0 1 1 1 0 2 0 0 0 5 244 7 1 9 0 0 0 0 0 0 0 0 0 0 13 7 0 0 0 0 0 28 21 4 0 0 0 1 0 6 0 6 0 0 0 45 0 0 1 0 1 0 0 1 0 0 0 1 0 0 0 51 0 0 0 1 0 0 0 0 12 1 1 16 0 1 0 0 0 0 49 0 0 0 0 0 0 7 0 0 158 0 0 0 12 0 3 0 3 0 25 1 0 0 0 0 0 0 0 46 0 0 0 0 0 0 0 71 0 1 0 0 0 0 0 1 0 0 0 0 0 3 37 1 0 71 17 0 5 136 1 16 1 
57 8921 0 1 0 0 0 0 5 0 0 1 0 3 0 1 0 0 0 7 0 0 31 0 0 1 0 8 1 1 0 0 0 0 0 0 0 0 0 0 0 0 0 64 0 0 0 0 0 47 0 0 0 0 0 10 6 0 3 0 1 0 1 17 0 0 0 0 0 0 8 0 0 0 0 0 0 0 33 7280 0 1 0 2 0 0 5 110 0 38 1 0 0 0 4 19 39 0 1 0 0 0 1 0 0 1 0 4 0 0 0 0 2 0 0 0 1 0 0 0 5 284 4 3 22 0 0 0 0 0 0 0 0 0 1 7 1 1 0 0 0 0 27 14 5 0 0 0 4 0 3 1 4 1 0 0 16 0 0 0 1 0 0 0 1 0 0 0 0 0 0 1 61 0 0 0 2 1 0 0 0 18 1 0 23 0 0 0 0 0 0 51 2 0 0 0 0 4 9 0 0 104 0 0 0 5 0 1 0 12 2 27 2 0 0 0 0 1 0 0 49 0 0 0 0 0 0 0 65 0 0 0 0 0 0 0 0 0 0 0 0 0 7 20 0 0 85 23 0 7 148 1 20 0 
58 10834 1 0 0 0 0 0 6 0 0 0 0 6 0 0 0 0 0 5 0 0 54 0 0 0 0 3 0 1 0 0 0 0 0 0 0 1 0 0 1 0 0 78 0 0 0 0 0 73 0 0 0 0 0 2 11 0 1 0 0 0 0 21 0 0 0 0 0 0 21 0 0 1 0 0 0 0 29 9066 0 3 0 0 0 0 12 102 0 46 3 0 0 0 3 22 49 0 0 0 0 0 1 0 0 0 0 5 1 0 0 0 1 6 1 0 1 0 0 0 6 310 4 2 20 0 0 0 0 0 0 0 0 0 0 7 3 0 0 0 0 0 28 12 4 0 0 0 1 0 2 1 4 1 1 0 25 1 0 0 0 0 0 0 3 0 0 0 0 0 0 0 33 0 0 0 3 0 0 0 0 38 0 0 27 9 0 0 0 0 1 38 4 0 1 1 0 4 8 0 0 134 1 0 0 5 0 3 0 5 1 25 2 0 0 0 0 0 0 0 58 0 0 0 0 1 0 0 47 0 0 0 0 0 1 0 0 0 1 0 1 0 1 51 1 0 66 23 0 8 141 0 12 1 
59 11603 0 1 0 1 0 0 2 0 0 3 0 4 0 0 0 1 0 10 0 0 79 2 0 0 0 2 0 1 0 0 0 0 1 0 0 1 0 0 0 0 0 72 0 0 0 1 0 99 0 0 0 0 0 10 5 2 2 0 0 0 1 37 0 0 2 0 0 0 19 0 0 0 1 0 0 1 19 9778 0 3 0 2 0 0 12 94 0 34 6 0 0 2 2 25 23 0 1 0 0 0 0 0 0 0 0 1 0 0 1 0 1 0 0 0 3 0 0 0 1 345 3 3 30 0 0 0 0 1 0 0 0 0 0 13 0 5 0 0 0 0 43 3 0 0 0 0 0 1 1 1 4 0 0 0 17 0 0 0 1 1 0 1 2 0 0 0 0 0 0 0 31 0 0 0 1 1 0 0 0 26 1 0 22 11 0 0 0 0 0 55 9 1 0 0 0 2 3 0 1 115 2 0 0 3 0 1 0 7 0 43 6 0 1 0 0 0 0 0 63 0 0 0 0 0 0 0 55 0 0 0 0 0 0 0 1 0 1 0 0 0 2 40 2 0 77 13 0 9 140 0 9 0 
60 11821 1 3 0 1 0 1 7 0 0 1 0 2 0 0 0 2 0 8 1 0 117 0 0 0 0 2 2 1 0 0 0 0 1 0 0 1 0 0 1 0 0 50 0 0 0 0 0 93 0 0 0 0 0 26 3 0 2 0 0 0 2 26 0 0 1 0 0 0 20 0 0 1 0 0 0 2 21 9876 0 2 0 1 0 0 6 94 0 22 5 0 0 0 0 29 32 0 0 0 0 0 1 0 2 0 0 0 0 0 0 1 3 5 1 0 1 0 0 0 2 375 3 0 19 0 0 0 0 2 1 0 0 0 0 8 2 2 0 0 0 0 55 1 5 0 0 0 0 0 2 2 8 0 3 0 31 0 0 0 1 7 0 0 2 0 0 0 1 0 0 0 38 0 0 0 1 0 0 0 0 28 0 0 26 3 0 0 0 0 0 42 1 1 3 0 0 2 5 0 0 184 5 0 0 3 0 1 0 4 1 41 2 0 0 0 0 0 0 0 46 0 0 0 0 1 0 0 34 0 0 0 0 0 0 0 0 0 2 0 0 0 7 43 10 0 70 20 0 9 154 2 13 0 
61 11991 2 3 0 0 0 1 2 0 0 3 0 1 0 0 1 2 0 3 0 0 112 0 0 0 0 9 1 0 1 0 0 0 0 0 0 0 5 0 2 0 1 63 0 0 0 0 0 101 0 0 0 0 0 13 3 1 2 0 1 1 3 22 0 0 2 1 0 0 8 0 0 0 0 0 0 2 34 10031 0 2 0 1 0 0 7 96 1 25 1 0 0 0 4 18 29 0 0 0 0 0 1 0 0 2 1 0 0 0 0 0 0 0 2 0 2 0 0 0 5 408 4 3 24 0 0 0 0 4 0 0 0 0 0 6 1 1 0 0 0 0 40 3 4 0 0 0 1 0 2 4 6 1 3 0 34 0 0 0 2 1 0 0 1 0 0 0 0 0 0 0 23 0 0 0 0 0 0 0 0 19 0 0 35 10 0 0 0 0 0 38 2 2 0 0 0 1 10 0 0 222 4 0 0 6 1 1 0 8 2 29 5 0 0 0 0 0 0 0 19 0 0 0 0 0 0 0 33 0 0 0 0 0 0 0 0 0 0 0 0 0 6 28 0 0 82 29 1 3 165 2 14 1 
62 11207 0 2 0 0 1 0 2 0 0 4 0 5 0 0 0 0 0 7 0 0 115 0 0 0 0 1 2 2 0 0 0 0 0 0 0 0 0 0 2 0 0 71 0 0 0 0 0 94 0 0 1 0 0 10 2 0 2 0 1 0 0 29 0 0 2 0 0 0 14 0 0 0 2 0 0 1 20 9228 0 1 0 3 0 0 7 101 0 32 2 0 0 3 1 30 28 0 0 0 0 0 0 0 0 1 0 1 0 0 0 0 0 1 2 1 2 0 0 0 6 374 12 5 8 0 0 0 0 2 0 0 0 0 0 6 0 1 0 0 0 0 32 3 6 0 0 0 1 0 5 1 5 1 7 0 39 0 0 0 0 1 0 0 3 0 0 0 0 0 0 0 32 0 0 0 0 0 0 0 0 30 0 0 21 7 0 0 0 0 0 52 12 1 5 0 0 4 11 0 1 268 8 0 0 2 0 0 0 6 1 28 2 0 0 0 0 0 0 0 30 0 0 0 0 0 0 0 39 0 0 0 0 0 1 0 0 0 0 0 0 0 5 28 0 0 79 34 0 12 118 0 11 2 
63 8898 1 0 0 1 0 0 2 0 0 4 0 3 0 0 1 2 0 4 0 0 139 0 0 0 0 2 2 2 0 0 0 0 0 0 0 1 0 0 1 0 0 31 0 0 0 0 0 81 0 0 0 0 0 7 1 0 0 0 0 1 0 16 0 0 1 1 0 0 10 0 0 0 0 0 0 3 39 7133 0 3 0 4 0 1 7 128 0 21 5 0 0 0 3 14 26 0 0 0 0 0 2 0 0 0 0 1 0 0 0 0 0 0 0 0 0 0 0 0 9 313 10 1 18 0 0 0 0 1 0 0 0 0 5 10 0 0 0 0 0 0 10 1 5 0 0 0 2 0 0 3 5 1 2 0 39 0 0 0 0 0 0 4 4 0 0 0 1 1 0 0 34 0 0 0 2 1 0 0 0 11 0 0 39 3 0 0 0 0 0 33 5 0 9 0 0 1 4 0 1 243 3 0 0 2 0 0 0 6 1 29 5 0 0 0 0 0 0 0 18 0 0 0 0 0 0 0 35 0 0 0 0 0 0 0 0 0 1 0 0 0 10 26 1 0 75 18 1 4 102 3 14 1 
64 4352 0 0 0 0 0 0 3 0 0 0 0 1 0 0 0 0 0 2 0 0 70 0 0 0 0 1 0 2 0 0 0 0 0 0 0 0 0 0 0 0 0 14 0 0 0 0 0 50 0 0 0 0 0 2 4 0 0 0 1 0 0 14 0 0 1 0 0 0 9 0 0 0 1 0 0 1 21 3262 0 2 0 2 0 0 3 56 0 16 2 0 1 0 3 12 19 0 0 0 0 0 0 0 0 0 0 0 0 0 0 0 0 1 0 0 1 0 0 0 1 190 16 0 14 0 0 0 0 3 0 0 0 0 1 7 0 0 0 0 0 0 11 0 1 0 0 0 1 0 0 5 2 0 2 0 38 0 0 0 0 0 0 1 4 2 0 0 1 0 0 0 17 0 0 0 1 0 0 0 0 6 1 0 20 4 0 0 0 0 0 22 3 0 3 0 0 0 3 0 0 180 0 0 0 3 0 0 0 0 0 17 0 0 0 0 0 0 0 0 11 0 2 0 0 0 0 0 32 0 0 0 0 0 0 0 0 0 4 0 0 0 8 5 1 0 50 9 0 4 58 0 8 0 
65 4716 0 2 0 0 0 0 5 0 0 1 0 2 0 0 0 1 0 3 0 0 105 0 0 0 0 0 0 2 0 0 0 0 2 0 0 0 2 0 0 0 0 18 0 0 0 0 0 58 0 0 0 0 0 9 3 0 0 0 0 0 0 4 1 0 0 0 0 0 13 0 1 2 1 0 0 1 20 3122 0 4 0 0 0 0 10 92 3 36 2 0 0 1 2 18 30 0 0 0 0 0 2 0 0 0 0 0 1 0 1 1 0 0 3 0 0 0 0 0 0 209 20 1 10 0 0 0 0 2 0 0 0 0 1 6 5 0 0 0 0 0 25 0 4 0 0 0 7 1 0 3 5 0 4 0 41 0 0 0 0 2 0 1 4 0 0 1 0 0 0 0 18 0 0 0 0 0 1 0 3 4 0 0 36 5 0 0 0 0 0 21 4 1 8 0 0 2 11 0 1 304 2 0 0 2 0 0 0 2 1 42 3 0 0 0 0 0 0 1 16 0 0 0 0 0 0 0 46 0 1 0 0 0 0 0 0 0 0 0 0 0 17 14 2 0 98 10 0 6 78 0 19 0 
66 3078 0 2 0 0 0 2 4 0 0 1 0 1 0 1 0 0 0 4 0 1 120 0 0 1 0 4 0 4 0 0 0 0 0 0 0 1 0 0 1 0 0 9 0 0 0 0 0 74 0 0 0 0 0 7 4 1 3 0 0 1 0 1 2 0 3 0 0 0 18 0 0 0 2 0 0 2 27 1712 0 5 0 1 0 0 10 90 2 33 7 0 1 0 0 17 31 0 1 0 0 0 0 0 0 1 3 0 0 0 0 0 0 0 1 0 0 0 0 0 3 105 18 1 12 0 0 0 0 2 0 0 0 0 2 13 7 0 0 0 0 0 25 3 1 0 0 0 0 1 2 4 4 0 3 0 30 0 0 0 1 0 0 6 3 0 0 0 0 1 0 0 33 0 0 0 2 1 0 0 1 1 1 0 27 5 0 0 0 0 0 15 1 0 0 0 0 3 10 1 0 267 3 0 0 3 0 0 0 1 2 49 0 0 0 0 0 0 0 0 2 0 0 0 0 0 0 0 40 0 0 0 0 0 1 0 0 0 0 0 0 0 13 4 0 0 56 13 0 4 35 0 15 2 
67 2491 0 0 0 0 0 0 1 0 0 0 0 2 0 0 0 0 0 6 0 0 133 0 0 0 0 2 0 1 0 0 0 0 0 0 0 0 1 0 0 0 0 16 0 0 0 0 0 62 0 0 0 0 0 6 3 0 0 0 0 0 0 6 1 0 7 0 0 0 17 0 0 2 3 0 0 2 23 1098 0 2 0 2 0 1 11 104 4 51 0 0 0 0 0 20 37 0 0 0 0 0 0 0 1 0 0 0 0 0 0 0 1 1 1 0 0 0 0 0 1 53 22 0 24 0 0 0 0 0 0 0 0 0 1 8 11 0 0 0 0 0 17 3 0 0 0 0 1 1 0 3 3 0 3 0 37 0 0 1 0 3 0 2 2 0 0 0 0 0 0 0 21 0 0 0 0 1 0 0 0 5 1 0 8 5 0 0 0 0 0 6 7 2 2 0 0 0 9 0 0 442 1 0 0 2 0 0 0 0 0 23 0 0 0 0 0 0 0 0 3 0 0 0 0 0 0 0 36 0 0 0 0 0 0 0 0 0 3 0 0 0 10 2 1 0 25 15 1 5 15 1 10 2 
68 2220 0 2 0 0 0 0 5 0 0 0 0 4 0 0 0 2 0 3 0 0 150 1 0 0 0 4 0 5 1 0 0 0 0 0 0 0 0 0 3 0 0 10 0 0 0 0 0 64 0 0 0 0 0 8 2 0 2 0 1 0 0 6 1 0 3 0 0 0 30 0 1 2 4 0 0 2 23 955 0 2 0 0 0 1 8 99 2 38 1 0 0 2 1 11 27 0 0 0 0 0 3 0 0 0 1 2 0 0 2 0 1 0 1 0 1 0 0 0 3 29 17 1 18 0 0 0 0 0 0 0 0 0 0 7 8 0 0 0 0 0 27 3 0 0 0 0 1 0 3 4 1 0 3 0 27 0 0 0 0 1 0 3 9 0 0 0 0 0 0 0 9 0 0 0 0 0 0 0 0 4 0 0 6 4 0 0 0 0 0 7 3 0 6 0 0 1 15 0 1 355 3 0 0 9 0 0 0 0 0 29 2 0 0 0 0 0 0 0 4 0 1 0 0 1 0 0 22 0 0 0 0 0 0 0 0 0 1 0 0 0 9 3 1 0 13 11 0 5 12 0 13 1 
69 2119 0 0 0 0 1 0 3 0 0 0 0 2 0 0 0 0 0 2 2 0 159 0 0 0 0 3 0 2 0 0 0 0 2 0 0 0 1 0 1 0 0 12 0 0 0 0 0 65 0 0 0 0 0 5 1 0 0 0 0 0 0 0 3 0 3 0 0 0 25 0 0 0 0 0 0 1 23 932 0 2 0 0 0 0 11 68 4 40 0 0 0 2 0 10 33 0 0 0 0 0 0 0 0 0 0 0 0 0 1 1 0 0 0 2 1 0 0 0 1 24 27 1 28 0 0 0 0 0 0 0 0 0 2 11 9 1 0 0 0 0 21 3 2 0 0 0 4 1 4 7 0 0 1 0 37 0 0 0 1 2 0 2 7 0 0 0 0 0 0 0 6 0 0 0 2 1 0 0 0 3 0 0 5 7 0 0 0 0 0 8 8 1 1 0 0 0 7 0 0 331 2 0 0 3 0 0 0 0 0 24 0 0 0 0 0 0 0 0 0 0 0 0 0 0 0 0 13 0 0 0 0 0 0 2 4 0 0 0 0 0 15 7 0 0 6 5 0 9 16 0 9 0 
70 2465 0 0 0 0 0 0 2 0 0 0 0 1 0 0 0 3 0 1 1 0 153 0 0 0 0 1 0 0 0 0 0 0 0 0 0 0 1 0 2 0 2 15 0 0 0 0 0 75 0 0 0 0 0 5 0 0 0 0 0 2 0 1 0 0 4 0 0 0 12 0 0 1 0 0 0 1 12 1364 0 4 0 0 0 0 5 42 0 14 2 0 0 1 1 3 27 0 0 0 0 0 0 0 0 0 0 0 0 0 2 0 0 0 1 0 0 0 0 0 3 33 27 0 19 0 0 0 0 1 0 0 0 0 0 6 3 1 0 0 0 0 27 9 0 0 0 0 4 0 1 4 6 0 3 0 34 0 0 0 0 0 0 7 7 0 0 1 0 0 0 0 5 0 0 0 0 0 0 0 0 5 0 0 7 2 0 0 0 0 0 9 4 2 3 0 0 0 5 0 0 343 5 0 0 0 0 0 0 0 2 25 1 0 0 0 0 1 0 0 0 0 0 0 0 0 0 0 7 0 0 0 0 0 2 0 0 0 0 0 0 0 8 14 0 0 6 2 0 7 34 1 6 0 
71 3524 1 1 0 0 0 1 1 0 0 0 0 0 0 0 0 1 0 0 0 0 176 1 0 0 0 0 0 0 0 0 0 0 0 0 0 1 4 0 0 0 0 26 0 0 0 0 0 37 0 0 0 0 0 7 0 0 0 0 0 0 0 16 0 0 5 0 0 0 20 0 0 0 3 0 0 3 2 2311 0 2 0 0 0 0 9 26 2 11 0 0 0 0 0 7 20 0 1 0 0 0 3 0 0 0 0 0 0 0 0 0 1 0 0 0 0 0 0 0 0 70 17 0 12 0 0 0 0 0 0 0 0 0 5 7 1 0 0 2 0 0 12 6 1 0 0 0 4 0 1 7 2 1 6 0 57 0 0 0 1 0 0 4 5 1 0 0 0 0 0 0 2 0 0 0 0 0 0 0 0 6 0 0 6 4 0 0 0 0 0 11 3 0 5 0 0 0 0 0 0 411 2 0 0 2 0 0 0 3 4 22 1 0 0 0 0 0 0 0 1 0 0 0 0 0 0 0 12 0 0 0 0 0 1 0 0 0 0 0 2 0 21 20 0 0 2 5 0 2 45 0 8 0 
72 4915 0 0 0 0 0 2 2 0 0 0 0 0 0 0 1 1 0 1 0 0 167 0 0 0 0 1 0 0 0 0 0 0 0 0 0 0 2 0 1 0 0 19 0 0 0 0 0 21 0 0 0 0 0 3 0 0 0 0 0 0 0 5 0 0 6 0 0 0 10 0 0 0 2 0 0 4 1 3730 0 0 0 0 0 0 2 23 1 4 2 0 0 0 1 1 13 0 3 0 0 0 0 0 0 0 0 3 0 0 1 0 0 0 0 0 0 0 0 0 0 95 21 1 13 0 0 0 0 0 0 0 0 0 2 1 1 1 0 1 0 0 7 5 0 0 0 0 0 1 0 3 7 0 5 0 53 0 0 0 0 0 0 2 7 0 0 0 0 0 0 0 4 0 0 0 0 0 0 0 0 7 0 0 2 4 0 0 0 1 0 11 2 0 3 0 0 0 1 0 0 405 3 0 0 0 1 0 0 4 1 6 0 0 0 0 0 0 0 0 9 0 0 0 0 0 0 1 18 0 0 0 0 0 1 0 0 1 0 0 0 0 18 35 0 0 11 3 0 4 84 0 4 0 
73 5708 0 0 0 0 0 0 0 0 0 1 0 0 0 0 0 0 0 0 0 0 181 0 0 0 0 1 0 0 0 0 0 0 0 0 0 1 1 0 0 0 0 42 0 0 0 0 0 20 0 0 0 0 0 1 1 0 0 0 0 1 0 17 0 0 1 0 0 0 10 0 0 1 3 0 0 6 4 4487 0 0 0 0 0 0 3 3 1 3 5 0 0 0 0 7 22 0 0 0 0 0 0 0 0 0 0 2 0 0 0 0 0 0 0 0 3 0 0 0 0 122 24 0 2 0 0 0 0 0 0 0 0 0 2 4 0 0 0 0 0 0 8 12 0 0 0 0 0 1 0 8 4 0 5 0 64 0 0 0 0 0 0 2 9 0 0 0 0 0 0 0 6 0 2 0 1 0 0 0 0 11 0 0 0 9 0 0 0 0 0 17 1 0 14 0 0 4 2 0 0 350 2 0 0 0 0 0 0 9 0 3 0 0 0 0 0 0 0 0 20 0 0 0 0 0 0 0 3 0 0 0 0 0 0 0 0 0 1 0 0 0 18 14 0 0 17 0 0 3 100 0 3 0 
74 6730 1 1 0 0 0 0 0 0 0 1 0 5 0 0 0 0 0 0 0 0 146 0 0 0 0 1 0 0 0 0 0 0 0 0 0 0 2 0 1 0 0 46 0 0 0 0 0 12 0 0 0 0 0 0 1 0 0 0 0 0 0 15 0 0 4 0 0 0 2 0 0 0 0 0 0 2 3 5424 0 0 0 0 0 0 2 14 5 1 6 0 0 0 1 9 13 0 0 0 0 0 0 0 0 0 0 1 0 0 0 0 0 0 1 0 2 0 0 0 1 185 20 0 3 0 0 0 0 0 0 0 0 0 2 0 0 0 0 0 0 0 4 4 2 0 0 0 0 0 0 4 4 0 4 0 68 0 0 0 0 0 0 5 9 1 0 0 0 0 0 0 13 0 0 0 1 0 0 0 0 10 0 0 8 0 0 0 0 0 0 24 2 0 10 0 0 0 1 0 0 395 2 0 0 0 0 0 0 2 1 0 3 0 0 0 0 0 0 0 26 0 0 0 0 0 0 0 18 0 0 0 0 0 0 0 0 0 0 0 0 0 15 11 0 0 36 0 0 2 106 0 5 0 
75 7511 0 1 0 0 0 0 1 0 0 0 0 3 0 0 0 0 0 1 0 0 142 0 0 0 0 0 0 1 0 0 0 0 1 0 0 2 2 0 0 0 0 52 0 0 0 0 0 15 0 0 1 0 0 1 1 1 0 0 0 1 0 14 0 0 5 0 0 0 0 0 0 0 1 0 0 1 1 6053 0 0 0 0 0 0 5 14 1 2 0 0 0 0 0 17 10 0 0 0 0 0 0 0 0 0 0 0 0 0 0 0 0 0 0 0 0 0 0 0 1 172 26 0 2 1 0 0 0 0 0 0 0 0 1 0 0 0 1 0 0 0 6 6 1 0 0 0 0 0 0 3 3 0 4 0 68 0 0 0 0 0 0 3 4 0 0 0 0 0 0 0 34 0 0 0 0 0 0 0 0 20 0 0 7 1 0 0 0 0 0 43 1 0 3 0 0 4 2 0 0 468 0 0 0 0 0 0 0 3 0 3 1 0 0 0 0 0 0 0 44 0 0 0 0 0 0 0 21 0 0 0 0 0 2 0 0 0 0 0 0 0 14 24 0 0 44 2 0 1 108 0 2 0 
76 8527 1 1 0 0 0 1 0 0 0 1 0 10 0 0 0 0 0 1 0 0 97 0 0 0 1 2 0 0 0 0 0 0 0 0 0 0 3 0 2 0 0 50 0 0 0 0 0 11 0 0 0 0 0 0 0 0 2 0 0 1 0 17 1 0 2 0 0 0 1 0 0 0 1 0 0 3 11 6974 0 1 0 0 0 0 3 28 1 5 2 0 0 1 0 25 12 0 0 0 0 0 1 0 1 0 0 0 1 0 0 0 0 1 0 0 0 0 0 0 1 229 19 5 4 1 0 0 0 0 0 0 0 0 1 0 1 0 0 0 0 0 11 10 5 0 0 0 0 0 0 4 10 0 5 0 73 0 0 0 0 0 0 6 4 0 0 0 0 0 0 0 13 0 0 0 0 1 0 0 0 17 0 0 21 0 0 0 0 0 0 32 0 0 1 0 0 1 2 0 0 401 1 0 0 0 0 0 0 7 0 6 4 0 0 0 0 0 0 0 49 0 0 0 0 0 0 0 30 0 0 0 0 0 0 0 0 0 0 0 0 0 14 33 0 0 66 2 1 1 139 0 7 1 
77 8846 0 0 0 0 0 0 1 0 0 1 0 5 0 0 0 1 0 2 0 0 68 0 0 0 0 3 2 0 0 0 0 0 0 0 0 1 0 0 2 0 0 36 0 0 0 0 0 6 0 0 0 0 0 2 3 0 1 0 0 0 0 28 1 0 1 0 0 0 0 0 0 0 2 0 0 2 19 7215 0 0 0 0 0 0 10 48 0 14 3 0 0 1 0 16 16 0 0 0 0 0 0 0 0 0 0 0 0 0 0 0 0 1 0 0 2 0 0 0 1 275 16 5 5 0 0 0 0 0 0 0 0 0 2 2 3 1 0 0 0 0 13 12 0 0 0 0 0 0 1 5 6 0 2 0 88 0 0 0 0 0 0 0 3 0 0 0 0 0 0 0 14 0 0 0 2 0 0 0 0 16 1 0 20 4 0 0 0 0 0 44 3 0 1 0 0 0 3 0 0 360 2 0 0 0 0 0 0 7 0 14 3 0 0 0 0 0 0 0 71 0 0 0 0 0 0 0 40 0 0 0 0 0 0 0 0 0 1 0 0 0 8 31 0 0 76 15 0 0 138 0 13 0 
78 8375 0 1 0 0 0 0 0 0 0 3 0 4 0 0 0 1 0 1 0 0 35 0 0 0 0 2 1 0 0 0 0 0 2 0 0 2 1 0 1 0 0 48 0 0 0 0 0 16 0 0 0 0 0 2 1 0 2 0 0 0 0 32 1 0 1 0 0 0 6 0 0 0 1 0 0 2 31 6676 0 0 0 1 0 0 5 122 1 28 1 0 0 1 5 22 18 0 0 0 0 0 0 0 0 1 0 2 0 0 0 0 1 1 0 0 2 0 0 0 0 322 13 1 4 0 0 0 0 2 0 0 0 0 1 1 1 1 0 0 0 0 20 14 1 0 0 0 0 0 0 1 4 0 3 0 69 0 0 0 2 1 0 1 2 0 0 0 0 0 0 0 15 0 0 0 1 0 0 0 0 10 0 0 33 3 0 0 0 0 0 35 3 0 0 0 0 0 5 0 0 276 0 0 0 2 0 0 0 8 0 15 2 0 0 0 0 0 0 0 68 0 0 0 0 1 0 0 54 0 0 0 0 0 0 0 1 0 0 0 0 0 9 42 0 0 81 12 0 0 120 0 20 1 
79 8261 0 2 0 0 0 0 1 0 0 2 0 8 0 0 0 0 0 5 0 0 29 0 0 0 0 7 0 0 0 0 0 0 1 0 0 1 2 0 2 0 0 57 0 0 0 1 0 31 0 0 0 0 0 3 3 0 2 0 0 0 0 15 0 0 1 0 0 0 1 0 0 0 0 0 0 0 25 6620 0 4 0 2 0 0 8 118 0 41 0 0 0 3 3 28 25 0 0 0 0 0 0 0 0 2 0 1 0 0 0 0 1 1 0 0 1 0 0 0 6 276 11 1 9 0 0 0 0 1 0 0 0 0 3 5 3 1 0 0 0 0 26 18 0 0 0 0 0 0 0 0 8 0 1 0 49 0 0 0 0 0 0 2 2 0 0 0 0 0 0 0 17 0 0 0 0 0 0 0 0 13 0 0 24 4 0 0 0 0 0 48 1 2 0 0 0 0 3 0 1 218 3 0 0 4 0 2 0 3 0 16 2 0 0 0 0 0 0 0 67 0 0 0 0 0 0 1 65 2 0 0 0 0 0 1 1 0 1 0 0 0 4 21 0 0 80 17 0 3 139 0 13 0 
80 8601 0 0 0 1 0 0 1 0 0 0 0 8 0 1 0 0 0 7 0 0 29 0 0 0 0 4 0 1 0 0 0 0 2 0 0 2 0 0 0 0 0 84 0 0 0 0 0 53 0 0 0 0 0 4 1 0 1 0 0 0 2 20 0 0 1 0 0 0 4 0 1 2 0 0 0 0 21 6760 0 8 0 2 0 1 5 153 0 37 2 0 0 0 3 16 30 0 0 0 0 0 0 0 0 2 0 1 0 0 0 1 0 0 0 0 2 0 0 0 4 281 5 2 17 0 0 0 0 4 0 0 0 0 0 7 0 1 0 0 0 0 47 21 1 0 0 0 3 1 1 0 10 0 2 0 20 0 0 0 2 1 0 1 0 0 0 0 0 0 0 0 37 0 0 0 2 0 0 0 0 44 0 0 47 0 0 0 0 0 0 47 1 0 0 0 0 1 24 0 0 207 0 0 0 9 0 0 0 5 1 39 4 0 1 0 0 0 0 2 65 0 0 0 0 0 0 0 61 1 0 0 0 0 0 0 1 0 0 0 0 0 5 34 2 0 91 15 0 0 133 2 12 0 
81 9680 1 0 0 0 0 0 2 0 0 3 0 4 0 0 0 0 0 10 0 0 27 0 0 0 0 6 0 1 0 0 0 0 1 0 0 4 0 0 1 0 0 68 0 0 0 0 0 72 0 1 0 0 0 9 2 0 3 0 0 0 1 18 0 0 0 0 0 0 10 0 0 1 0 0 0 0 41 7914 0 0 0 2 0 0 7 97 0 40 5 0 0 2 5 15 33 0 0 0 0 0 0 0 0 0 0 4 1 0 1 0 0 2 0 0 3 0 0 0 5 301 4 0 21 0 0 0 0 0 0 0 0 0 0 17 4 0 0 0 0 0 30 22 1 0 0 0 3 1 1 1 8 0 0 0 32 0 0 0 0 1 0 0 2 0 0 0 0 0 0 0 29 0 0 0 1 0 0 0 0 19 0 0 41 0 0 0 0 2 0 44 6 0 0 0 0 5 20 0 0 137 3 0 0 16 0 0 0 4 0 38 1 0 1 0 0 1 0 1 58 0 0 0 0 0 0 0 43 1 0 0 0 0 0 0 1 0 0 0 0 0 8 44 4 0 83 21 0 1 150 1 20 1 
82 11546 0 0 0 0 0 0 8 0 0 3 0 3 0 0 0 0 0 8 0 0 37 0 0 0 0 2 4 1 0 0 0 0 3 0 0 1 0 0 4 0 0 62 0 0 0 0 0 76 0 0 0 0 0 8 2 2 1 0 1 0 1 17 0 0 0 0 0 0 16 0 0 1 0 0 0 0 39 9718 0 4 0 1 0 0 8 114 0 32 3 0 0 1 2 29 43 0 0 0 0 0 0 0 0 1 0 2 0 0 0 0 3 0 2 0 1 0 0 0 8 298 2 0 27 0 0 0 0 0 0 0 0 0 0 9 9 0 0 0 0 0 31 10 3 0 0 0 2 1 4 1 11 0 3 0 11 0 0 0 0 0 0 0 2 0 0 0 0 0 0 0 22 0 0 0 1 0 0 0 0 49 0 0 42 2 1 0 0 0 0 65 7 1 0 0 0 2 14 0 0 96 0 0 0 14 0 5 0 7 0 45 1 0 0 0 0 0 1 0 43 0 0 0 0 1 0 0 47 0 0 0 0 0 0 0 0 0 0 0 1 0 1 50 14 0 84 21 1 11 182 1 13 0 
83 12466 0 2 0 0 1 0 4 0 0 8 0 2 0 1 0 0 0 7 0 0 42 0 0 0 0 3 0 1 0 0 1 0 1 0 0 2 0 0 4 0 0 70 0 0 0 0 0 72 0 0 0 0 0 5 2 0 1 0 0 0 2 24 0 0 2 0 0 0 17 0 0 0 2 0 0 0 31 10727 0 1 0 0 0 0 7 115 0 32 4 0 0 3 1 13 30 0 0 0 0 0 3 0 0 0 0 2 0 0 0 1 0 0 2 0 5 0 0 0 1 303 3 4 21 0 0 0 0 1 0 0 0 0 0 8 2 0 0 0 0 0 32 15 4 0 0 0 1 0 4 0 12 0 0 0 20 1 0 0 1 2 0 0 0 0 0 0 1 0 0 0 20 0 0 0 0 0 0 0 1 43 0 0 39 6 0 0 1 0 0 62 5 1 0 0 0 0 7 0 0 95 0 0 0 9 0 0 0 9 0 44 3 0 0 0 0 0 0 0 64 0 0 0 0 0 0 0 60 0 0 0 0 0 0 0 0 0 0 0 0 0 3 42 1 0 89 12 0 8 138 0 13 0 
84 12740 2 1 0 0 0 0 1 0 0 3 0 4 0 0 0 1 0 6 0 0 68 0 0 0 0 8 1 1 0 0 0 0 1 0 0 2 1 0 0 0 0 66 0 0 0 0 0 71 0 0 0 0 0 5 6 1 1 0 0 0 1 25 0 0 1 0 0 0 14 0 0 1 0 0 2 2 29 11086 0 1 0 2 0 0 8 84 0 28 8 0 0 4 1 21 24 0 0 0 0 0 0 0 2 3 0 0 0 0 0 0 0 0 0 0 3 0 0 0 1 290 2 2 15 0 0 0 0 2 0 0 0 0 0 4 7 0 0 0 0 0 21 3 3 0 0 0 0 0 1 2 4 1 1 0 21 0 0 0 0 0 0 0 2 0 0 0 0 0 0 0 27 0 0 0 0 0 0 0 0 40 2 0 30 6 0 0 0 0 0 56 5 0 2 0 0 2 8 0 0 123 0 0 0 8 0 2 0 11 0 40 1 0 0 0 0 1 0 0 32 0 0 0 0 0 0 0 69 0 0 0 0 0 0 0 0 0 1 0 1 0 2 41 1 0 82 13 1 1 134 0 11 0 
85 14701 1 1 0 0 0 0 4 0 0 10 0 7 0 0 0 0 0 1 0 0 120 0 0 0 0 4 0 0 0 0 0 1 1 0 0 1 0 0 1 1 0 67 0 0 0 0 0 69 0 0 0 0 0 9 5 0 3 0 1 2 0 19 0 0 1 0 0 0 25 0 0 4 0 0 0 1 42 12864 0 2 0 1 0 0 9 72 1 30 12 0 0 1 3 11 29 0 1 0 0 0 0 0 1 0 0 2 0 0 0 0 1 1 2 0 2 0 0 0 2 349 4 2 21 0 0 0 0 0 0 0 0 0 2 8 5 0 0 0 0 0 17 4 5 0 0 0 0 0 1 3 5 0 5 0 40 0 0 0 0 1 0 0 1 0 0 0 0 0 0 0 30 0 0 0 0 0 0 0 0 19 0 0 24 3 0 0 0 0 0 61 5 1 3 0 0 2 13 1 0 200 2 0 0 11 0 0 0 5 3 32 5 0 0 0 0 0 0 0 29 0 0 0 0 0 0 1 52 0 0 0 0 0 0 0 2 0 0 0 0 0 3 25 1 0 62 15 0 4 133 0 25 2 
86 12954 1 1 0 0 0 1 5 0 0 2 0 7 0 0 0 1 0 2 0 0 130 2 0 0 0 4 0 1 0 1 0 0 1 0 0 2 1 0 1 0 0 43 0 0 0 0 0 59 0 0 0 0 0 7 5 1 1 0 0 0 1 19 1 0 6 0 0 0 17 0 0 1 0 0 0 2 46 11098 0 2 0 1 0 0 7 87 0 23 18 0 0 3 2 31 30 0 0 0 0 0 0 0 0 0 0 5 0 0 0 0 0 2 1 0 4 0 0 0 4 341 7 1 18 0 0 0 0 1 0 0 0 0 0 15 1 0 0 0 0 0 30 0 4 0 0 0 0 0 0 3 5 0 1 0 44 0 0 2 1 0 0 0 3 0 0 0 0 0 0 0 28 0 0 0 2 0 0 0 0 18 2 0 21 2 0 0 0 0 0 61 6 0 2 0 0 1 10 0 1 222 3 0 0 8 0 0 0 9 0 25 1 0 0 0 0 0 0 0 24 0 0 0 0 0 0 0 41 0 0 0 0 0 0 0 0 0 0 0 0 0 4 19 6 0 96 20 1 14 120 0 17 0 
87 6707 0 1 0 0 0 0 1 0 0 3 0 3 0 0 0 0 0 6 0 0 81 0 0 0 0 1 1 3 0 0 0 0 0 0 0 1 1 0 0 0 1 19 0 0 0 0 0 54 0 0 0 0 0 11 2 0 0 0 0 0 0 14 0 0 3 0 0 0 6 0 0 0 1 0 0 2 29 5497 0 2 0 0 0 0 8 99 1 18 15 0 0 3 1 10 19 0 0 0 0 0 0 0 0 0 0 1 0 0 0 0 0 0 0 0 0 0 0 0 1 214 6 2 14 0 0 0 0 0 0 0 0 0 2 4 6 0 0 0 0 0 9 2 1 0 0 0 0 0 1 2 8 0 5 0 43 0 0 1 0 0 0 1 3 0 0 0 0 0 0 0 15 0 0 0 1 0 0 0 0 3 0 0 20 3 0 0 0 0 0 26 3 0 6 0 0 0 9 0 0 144 2 0 0 3 0 0 0 7 1 21 6 0 0 0 0 0 0 1 13 0 0 0 0 1 0 0 18 0 0 0 0 0 1 0 0 0 0 0 0 0 4 10 0 0 61 8 0 7 50 0 17 0 
88 4510 1 1 0 0 0 0 0 0 0 4 0 3 0 0 0 1 0 2 0 0 76 0 0 1 0 3 1 0 0 0 0 1 0 0 0 0 0 0 1 0 1 19 0 0 0 0 0 46 0 0 0 0 0 9 4 0 1 0 0 2 0 17 1 0 2 0 0 0 6 0 0 2 0 0 0 1 32 3461 0 3 0 2 0 0 5 82 0 10 1 0 0 0 7 8 18 0 0 0 0 0 0 0 0 0 0 1 0 0 0 0 0 2 1 1 0 0 0 0 5 145 8 2 17 0 0 0 0 1 0 0 0 0 1 6 1 0 0 0 0 0 13 0 2 0 0 0 2 0 0 1 3 1 5 0 23 0 0 0 0 1 0 2 2 0 0 0 0 0 0 0 25 0 0 0 0 0 0 0 0 4 0 1 12 5 1 0 0 0 0 23 7 1 2 0 0 0 4 0 0 143 2 0 0 2 0 0 0 3 2 25 2 0 0 0 0 0 0 0 4 0 0 0 0 0 0 0 30 0 0 0 0 0 0 0 2 0 0 0 0 0 11 12 1 0 47 9 0 4 34 0 9 0 
89 4442 0 1 0 0 0 0 4 0 0 0 0 5 0 0 0 0 0 7 0 0 131 1 0 0 0 5 0 1 0 0 0 0 1 0 0 0 1 0 0 0 0 12 0 0 0 0 0 56 0 0 0 0 0 12 1 0 2 0 0 1 0 10 0 0 2 0 0 0 15 0 0 0 7 0 0 2 34 2862 0 2 0 1 0 0 10 107 1 31 2 0 0 0 2 12 34 0 0 0 0 0 0 0 0 0 1 1 0 0 0 0 2 1 0 0 0 0 0 0 1 151 16 6 20 0 0 0 0 2 0 0 0 0 1 9 1 1 0 0 0 0 36 4 1 0 0 0 4 0 3 8 1 1 3 0 37 0 0 0 0 3 0 5 3 0 0 0 0 0 0 0 31 0 0 0 1 0 0 0 0 3 1 0 11 6 0 0 0 0 1 17 3 2 10 0 0 1 10 1 0 292 1 0 0 5 0 0 0 6 0 58 3 0 1 0 0 0 0 0 9 0 0 0 0 0 0 0 47 0 0 0 0 0 0 0 0 0 1 0 0 0 16 8 4 0 137 8 1 6 29 0 15 0 
90 2985 1 1 0 0 0 0 3 0 0 0 0 6 0 0 0 1 0 0 0 0 143 1 0 1 0 3 0 1 0 0 0 0 0 0 0 0 2 0 0 0 1 13 0 0 0 0 0 61 0 0 0 0 0 4 1 0 2 0 0 0 0 4 1 0 3 0 0 0 12 0 0 0 1 0 0 1 34 1580 0 0 0 5 0 0 19 89 4 32 2 0 0 2 0 26 40 0 0 0 1 0 0 0 0 0 1 0 0 0 0 0 0 1 1 1 0 0 0 0 3 65 22 0 30 0 0 0 0 0 0 0 0 0 1 9 1 0 0 0 0 0 19 4 1 0 0 0 2 0 5 5 0 1 5 0 24 0 0 0 0 0 0 8 1 0 0 0 0 0 0 0 20 0 1 0 0 0 0 0 1 1 0 0 26 10 0 0 0 0 0 13 4 1 3 0 0 1 10 0 0 295 0 0 0 3 0 0 0 2 0 121 1 0 0 0 0 0 0 0 4 0 0 0 0 0 0 0 55 0 0 0 0 0 0 0 0 0 1 0 0 0 10 2 6 0 39 8 0 4 17 0 6 1 
91 2266 0 1 0 2 1 0 2 0 0 0 0 8 0 0 0 1 0 4 0 0 182 0 0 0 0 1 1 4 0 0 0 0 1 0 0 0 1 0 0 0 1 6 0 0 0 0 0 71 0 0 0 0 0 4 1 0 1 0 0 0 0 8 0 0 1 1 0 0 22 0 0 0 2 0 0 0 24 948 0 1 0 1 0 0 11 88 0 30 0 0 0 0 2 19 45 0 0 0 0 0 0 0 0 0 0 0 0 0 0 0 0 2 0 0 0 0 0 0 1 35 18 4 19 0 0 0 0 2 0 0 0 0 1 10 3 1 0 0 0 0 31 8 0 0 0 0 1 0 0 9 1 0 4 0 24 0 0 0 0 1 0 7 2 1 0 0 0 0 0 0 12 0 0 0 0 0 0 0 0 2 0 0 24 7 0 0 0 0 0 3 9 1 0 0 0 2 15 1 2 297 0 0 0 7 0 0 0 0 1 48 0 0 0 0 0 0 0 0 4 0 0 0 0 0 0 0 64 0 0 0 0 0 0 0 0 0 0 0 0 0 10 7 6 0 25 10 0 7 11 0 7 0 
92 2003 0 0 0 1 1 0 7 0 0 0 0 3 0 0 0 1 0 2 0 0 197 2 0 0 0 3 0 1 0 0 0 0 0 0 0 0 1 0 1 0 1 8 0 0 0 0 0 83 0 0 1 0 0 8 4 0 1 0 0 1 0 0 1 0 4 1 0 0 38 0 0 0 2 0 0 0 18 760 0 3 0 2 0 0 11 71 1 35 1 0 0 0 0 12 28 0 1 0 0 0 0 0 1 0 0 0 0 0 1 1 1 1 1 0 0 0 0 0 3 17 20 1 40 0 0 0 0 4 0 0 0 0 1 15 3 0 0 0 0 0 14 2 0 0 0 0 4 0 0 6 1 3 5 0 26 0 0 0 1 1 0 4 4 0 0 0 0 1 0 0 9 0 0 0 1 1 0 0 0 3 0 0 9 9 0 0 0 0 0 0 3 0 1 0 0 5 6 0 0 302 4 0 0 6 0 0 0 2 0 41 0 0 0 0 0 0 0 1 1 0 0 0 0 0 0 0 25 0 0 0 0 0 1 0 1 0 0 0 0 0 12 13 0 0 11 9 1 5 9 0 9 1 
93 2386 0 1 0 0 0 0 9 0 0 0 0 1 0 0 0 0 0 0 0 0 172 0 0 0 0 6 0 1 0 0 0 0 0 0 0 0 1 0 0 0 0 21 0 0 0 0 0 67 0 0 0 0 0 6 0 0 1 0 0 0 0 14 0 0 3 0 0 0 35 0 0 0 4 0 0 2 6 1227 0 2 0 0 0 0 15 35 4 25 0 0 0 1 0 6 30 0 1 0 0 0 0 0 0 0 0 0 0 0 0 0 1 0 2 0 0 0 0 0 0 18 22 0 26 0 0 0 0 1 1 0 0 0 1 15 2 0 1 0 0 0 31 10 0 0 0 0 4 0 1 4 1 0 0 0 38 0 0 0 1 1 0 2 8 0 0 0 0 0 0 0 6 0 0 0 0 0 0 0 0 10 0 0 6 9 0 0 0 0 0 4 3 2 3 0 0 0 10 0 0 304 5 0 0 5 0 0 0 0 0 33 0 0 0 0 0 0 0 0 1 0 0 0 1 0 0 0 23 0 0 0 0 0 1 1 0 0 0 0 0 0 14 16 2 0 8 2 0 7 13 1 4 0 
94 3294 0 0 0 0 0 0 9 0 0 0 0 2 0 0 0 0 0 0 0 0 181 0 0 0 0 1 0 0 0 0 0 0 0 0 0 0 1 0 2 0 0 31 0 0 0 0 0 54 0 0 0 0 0 7 1 0 0 0 0 1 0 3 0 0 4 0 0 0 45 0 0 0 2 0 0 1 5 2163 0 1 0 0 0 0 9 30 1 29 1 0 0 0 0 6 30 0 0 0 0 0 0 0 0 0 0 0 0 0 0 0 0 0 0 2 0 0 0 0 1 31 27 1 36 0 0 0 0 0 0 0 0 0 1 4 3 0 0 0 0 0 20 11 0 0 0 0 3 0 1 3 2 1 4 0 33 0 0 0 1 1 0 2 5 0 0 1 0 0 0 0 3 0 1 0 0 0 0 0 0 6 0 0 6 8 0 0 0 0 0 13 1 0 1 0 0 1 3 0 0 302 3 0 0 1 0 0 0 4 1 10 0 0 0 0 0 1 0 0 4 0 0 0 1 0 0 0 12 0 0 0 0 0 0 0 0 1 0 0 0 0 36 15 4 0 4 1 0 2 26 0 2 0 
95 4001 0 0 0 0 0 0 11 0 0 1 1 1 0 0 0 1 0 0 0 0 203 0 0 1 0 1 0 0 0 0 0 0 0 0 0 1 0 0 1 0 0 43 0 0 0 0 0 44 0 1 0 0 0 2 0 0 0 0 0 2 1 11 0 0 5 0 0 0 33 0 0 1 3 0 0 2 0 2850 0 0 0 0 0 0 8 10 1 14 1 0 0 0 0 5 14 0 0 0 0 0 1 0 0 0 0 0 0 0 0 0 0 0 0 0 0 0 0 0 0 62 14 0 17 0 0 0 0 0 0 0 0 0 2 1 0 1 0 0 0 0 10 8 0 0 0 0 1 1 1 6 6 1 3 0 54 0 0 0 0 0 0 5 3 0 0 1 0 0 0 0 5 0 0 0 0 0 0 0 0 7 0 0 3 0 0 0 0 0 0 20 1 0 3 0 0 0 3 0 0 377 5 0 0 0 0 1 0 3 0 10 1 0 0 0 0 0 0 0 1 0 0 0 0 0 0 0 11 0 0 0 0 0 0 0 0 0 0 0 0 0 14 22 2 0 1 0 0 6 30 0 2 0 
96 4500 0 0 0 0 0 0 3 0 0 0 0 0 0 0 0 2 0 0 0 0 243 1 0 0 0 0 0 0 0 0 0 0 0 0 0 0 1 0 1 0 0 28 0 0 0 0 0 26 0 0 1 0 0 0 1 0 0 0 0 0 0 17 1 0 4 1 0 0 13 0 0 0 3 0 0 4 1 3323 0 1 0 0 0 0 10 8 1 14 2 0 0 0 1 4 7 0 0 0 0 0 1 0 0 0 0 0 0 0 1 0 0 0 0 0 2 0 0 0 0 107 17 1 8 0 0 0 0 0 0 0 0 0 1 1 0 0 0 0 0 0 5 3 2 0 0 0 0 1 0 6 2 0 6 0 34 0 0 0 0 0 0 3 4 0 0 0 0 0 0 0 3 0 0 0 1 0 0 0 0 4 0 0 8 3 0 0 0 0 0 20 0 0 5 0 0 0 1 0 0 353 4 0 0 1 0 1 0 4 0 4 1 0 0 0 0 0 0 0 10 0 0 0 0 0 0 0 3 0 0 0 0 0 0 1 0 0 0 0 0 0 21 24 0 0 5 3 0 0 82 0 6 0 
97 5051 0 0 0 0 0 0 0 0 0 2 0 1 0 0 0 2 0 0 0 0 214 0 0 0 0 0 0 0 0 0 0 0 1 0 0 0 0 0 0 0 0 49 0 0 0 0 1 7 0 0 0 0 0 0 0 0 0 0 0 0 0 6 0 0 4 0 0 0 2 0 0 0 1 0 1 0 2 3839 0 1 0 0 0 0 3 10 1 1 2 0 0 0 0 2 11 0 0 0 0 0 1 0 0 0 0 1 0 0 0 0 0 0 0 0 2 0 1 0 1 142 22 2 5 0 0 0 0 0 0 0 0 0 1 0 1 1 0 0 1 0 5 7 0 0 0 0 0 0 1 20 4 0 16 0 50 0 0 0 0 0 0 6 6 0 0 0 0 0 0 0 8 0 0 0 0 1 0 0 0 6 0 0 1 3 0 0 0 0 0 15 0 0 2 0 0 1 0 0 0 397 2 0 0 0 0 0 0 5 1 5 1 0 0 0 0 0 0 0 10 0 0 0 0 0 0 0 13 0 0 0 0 0 0 0 0 0 0 0 0 0 20 14 0 0 13 1 0 4 63 1 1 0 
98 5783 0 0 0 0 0 1 0 0 0 0 0 1 0 0 0 3 0 0 0 0 201 0 0 0 0 0 0 1 0 0 0 0 0 0 0 0 1 0 0 0 1 31 0 0 0 0 0 6 0 0 0 0 0 0 1 0 0 0 0 0 0 8 0 0 19 0 0 0 2 0 0 0 0 0 0 5 6 4395 0 0 0 0 0 0 6 12 1 1 3 0 0 0 0 5 9 0 0 0 0 0 0 0 0 1 1 1 0 0 0 0 0 0 0 0 2 0 0 0 0 157 26 1 1 0 0 0 0 0 0 0 0 0 2 0 0 0 0 0 0 0 7 5 8 0 0 0 0 0 0 10 0 0 7 0 60 0 0 0 0 0 0 3 0 0 0 0 0 0 0 0 13 0 0 0 2 0 0 0 0 8 0 0 3 1 0 0 0 0 0 31 0 0 2 0 0 0 0 0 0 491 3 0 0 0 1 0 0 3 1 1 4 0 0 0 0 0 0 0 18 0 0 0 0 0 0 0 20 1 0 0 0 0 1 0 0 0 0 0 0 0 21 26 0 0 26 2 0 5 79 0 6 0 
99 6411 0 2 0 0 0 0 0 0 0 0 0 3 0 0 0 1 0 1 0 0 135 0 0 0 0 1 0 0 1 0 0 0 0 0 0 0 1 0 0 0 0 42 0 0 0 0 0 4 0 0 0 0 0 1 3 0 2 0 0 0 0 15 0 0 7 0 0 0 2 0 0 0 2 0 0 5 9 5024 0 1 0 0 0 0 4 8 1 0 12 0 0 1 1 5 11 0 0 0 1 0 1 0 0 0 0 0 0 1 0 0 0 0 0 1 0 0 0 0 1 137 24 0 0 0 0 0 0 0 0 0 0 0 3 0 1 0 0 0 0 0 5 4 0 0 0 0 1 0 0 4 3 0 4 0 83 0 0 0 0 0 0 3 2 0 0 0 0 0 0 0 28 0 0 0 0 0 0 0 0 9 0 0 12 0 0 0 0 0 0 25 0 0 2 0 0 1 4 0 0 486 7 0 0 0 0 4 0 5 0 3 6 0 0 0 0 0 0 0 38 0 0 0 0 0 0 0 21 0 0 0 0 0 0 0 0 0 0 0 0 0 18 35 0 0 32 4 0 1 75 0 5 0 
100 7354 0 2 0 0 0 0 0 0 0 4 0 2 0 0 0 2 0 3 0 0 64 0 0 0 0 0 0 1 0 0 0 0 0 0 0 2 2 0 0 0 0 32 0 0 1 0 0 11 0 0 0 0 0 1 2 0 0 0 0 0 0 22 0 0 2 0 0 0 0 0 0 0 0 0 0 2 16 5743 0 1 0 0 0 0 2 40 1 7 5 0 0 0 2 14 17 0 0 0 0 0 0 0 0 0 0 6 0 0 0 0 0 0 2 0 2 0 1 0 1 221 24 1 3 0 0 0 0 0 0 0 0 0 3 0 5 0 0 0 0 0 10 15 4 0 0 0 0 0 1 10 2 0 2 0 84 0 0 1 0 0 0 7 0 0 0 0 0 0 0 0 13 0 0 0 1 1 0 0 0 17 0 0 17 0 0 0 0 0 0 57 0 1 6 0 0 1 2 0 0 487 3 0 0 1 0 4 0 10 0 9 6 0 0 0 0 0 0 1 29 0 0 0 0 0 0 0 47 0 0 0 0 0 0 0 0 0 0 0 3 1 13 23 1 0 65 9 0 2 109 0 4 0 
101 7166 1 2 0 0 0 1 2 0 0 3 0 3 0 0 0 0 0 5 0 0 47 0 0 0 0 1 4 1 0 0 0 0 1 0 0 1 0 0 1 0 0 37 0 0 0 0 0 11 0 0 0 0 0 2 0 0 2 0 0 0 0 9 1 0 3 0 0 0 1 0 0 0 4 0 0 2 29 5523 0 1 0 0 0 0 2 87 1 23 7 0 0 1 4 15 23 0 0 0 0 0 0 0 0 0 0 0 0 0 0 0 0 1 1 0 0 0 0 0 1 217 29 4 7 0 0 0 0 1 0 0 0 0 3 4 2 0 0 0 0 0 21 10 1 0 0 0 0 0 0 1 3 0 2 0 54 0 0 0 0 0 0 3 0 0 0 0 0 0 0 0 18 0 0 0 2 0 0 0 0 12 0 0 17 0 0 0 0 0 0 46 0 2 0 0 0 1 1 0 0 436 2 0 0 5 0 5 0 7 1 20 10 0 0 0 0 0 0 0 39 0 1 0 0 0 0 0 54 0 0 0 0 0 0 0 0 0 0 0 0 0 3 35 0 0 107 12 1 0 94 0 5 0 
102 7261 0 0 0 0 1 0 3 0 0 1 0 3 0 0 0 0 0 6 0 0 22 0 0 0 0 2 5 0 0 0 0 0 1 0 0 0 0 0 0 0 0 59 0 0 0 0 0 28 0 0 0 0 0 1 2 1 2 0 0 0 1 13 0 0 0 0 0 0 2 0 0 0 1 0 0 1 18 5610 0 2 0 4 0 0 9 123 0 31 11 0 0 2 2 21 24 0 0 0 0 0 0 0 0 0 0 3 0 0 0 0 1 2 1 0 3 0 0 0 4 264 22 2 11 0 0 0 0 1 0 0 0 0 1 0 1 1 0 0 0 0 27 18 1 0 0 0 0 0 1 2 5 0 1 0 50 0 0 1 0 0 0 2 0 0 0 0 0 0 0 0 31 0 0 0 0 0 0 0 0 17 1 0 23 3 0 0 0 1 0 30 4 0 0 0 0 2 7 0 0 256 1 0 0 4 0 0 0 6 0 24 1 0 0 0 0 0 0 0 71 0 0 0 1 0 0 0 54 0 0 0 0 0 0 0 0 0 0 0 1 0 3 30 1 0 120 14 0 1 102 1 7 0 
103 7309 1 3 0 0 0 0 2 0 0 1 0 2 0 0 0 0 0 3 0 0 21 0 0 0 0 5 1 0 1 0 0 0 0 0 0 2 0 0 36 0 0 78 0 0 0 0 0 44 0 0 1 0 0 5 6 0 1 0 0 0 0 18 0 0 1 0 0 0 2 0 0 0 0 0 0 0 15 5836 0 0 0 2 0 0 4 115 1 22 6 0 0 1 2 12 23 0 0 0 0 0 1 0 0 0 0 0 0 1 0 0 0 0 1 0 0 0 0 0 0 234 5 2 11 0 0 0 0 2 0 0 0 0 0 5 1 1 0 0 0 0 27 20 2 0 0 0 0 2 0 2 6 1 0 0 31 0 0 0 0 1 0 0 0 0 0 0 0 0 0 0 33 0 1 0 0 0 1 0 0 10 0 0 30 3 0 0 0 0 0 48 3 1 0 0 0 0 7 0 0 157 1 0 0 6 0 4 0 2 0 22 6 0 0 0 0 0 0 0 55 0 0 0 0 0 0 0 51 0 0 0 0 0 0 0 0 0 0 0 0 0 2 27 0 0 80 14 1 0 86 0 22 2 
104 7930 0 2 0 1 0 0 5 0 0 0 0 1 0 0 0 1 0 10 0 0 43 0 0 0 0 1 2 0 0 0 0 0 1 0 0 2 0 0 49 0 0 73 0 0 0 0 0 56 0 0 0 0 0 2 0 0 0 0 1 0 0 15 0 0 1 0 0 0 3 0 0 1 0 0 0 0 21 6345 0 2 0 7 0 0 1 147 0 31 0 0 0 0 7 25 33 0 1 0 0 0 0 0 0 0 0 1 0 0 0 0 0 0 4 0 1 0 0 0 2 241 1 6 18 0 0 0 0 0 0 0 0 0 0 9 4 0 0 0 1 0 35 12 1 0 0 0 2 0 4 1 3 0 0 0 36 0 0 0 0 0 0 1 1 0 0 0 0 0 0 0 20 0 0 0 1 0 0 0 0 6 1 0 46 0 1 0 0 0 0 28 3 1 0 0 2 2 11 0 1 114 0 0 0 5 0 3 0 11 0 21 10 0 0 0 0 0 0 0 46 0 0 0 0 0 0 0 55 0 0 0 0 0 0 0 0 0 0 0 0 0 4 34 4 0 70 13 2 2 111 0 21 1 
105 9621 0 0 0 0 0 0 4 0 0 1 0 4 0 0 0 0 0 7 0 0 65 1 0 0 0 2 1 1 0 0 0 0 0 0 0 2 0 0 0 0 0 56 0 0 0 0 0 57 0 0 0 0 0 6 6 0 0 0 2 0 0 31 0 0 0 0 0 0 2 0 0 0 0 0 0 0 19 8104 0 1 0 2 0 0 5 128 1 19 7 0 1 0 1 9 27 0 0 0 0 0 1 0 0 0 1 4 0 0 0 0 0 0 0 0 2 0 0 0 4 260 1 2 21 0 0 0 0 0 0 0 1 0 0 7 2 0 0 0 0 0 25 14 5 0 0 0 0 0 5 0 7 0 1 0 22 0 0 0 2 2 0 0 2 0 0 0 0 0 0 0 29 0 0 0 1 0 0 0 1 18 1 0 45 0 0 0 0 0 0 44 1 2 0 0 0 0 8 0 0 88 0 0 0 5 0 0 0 9 0 21 1 0 0 0 0 0 0 1 51 0 0 0 0 0 0 0 59 0 0 0 0 0 0 0 0 0 0 0 0 0 2 54 0 0 62 29 0 1 110 1 7 1 
106 11494 0 1 0 0 0 0 7 0 0 5 0 2 0 0 0 0 0 5 0 0 64 0 0 0 0 5 1 0 0 0 0 0 1 0 0 4 0 0 1 0 0 62 0 0 0 0 0 43 0 0 2 0 0 4 3 0 1 0 0 0 0 22 0 0 1 0 0 0 10 0 0 0 0 0 0 0 20 9936 0 2 0 0 0 0 5 162 1 26 3 0 0 1 2 12 30 0 0 0 0 0 2 0 0 0 1 1 0 0 0 1 0 2 2 0 4 0 0 0 1 273 0 2 20 0 0 0 0 0 0 0 0 0 0 3 6 1 0 0 0 0 31 5 2 0 0 0 3 0 2 1 8 0 4 0 11 0 0 0 0 0 0 0 5 0 0 0 1 0 0 0 26 0 0 0 1 0 0 0 1 23 0 0 34 0 0 0 0 0 0 57 6 1 0 0 0 0 6 0 1 95 1 0 0 4 0 3 0 4 1 27 5 0 0 0 0 0 0 0 47 0 0 0 0 0 0 0 40 0 0 0 0 0 1 0 0 0 0 0 0 2 5 46 2 0 53 23 0 1 126 0 8 3 
107 12893 0 1 0 0 1 0 2 0 0 7 1 6 0 0 0 0 0 3 0 0 88 0 0 0 0 4 0 1 0 0 1 0 0 0 0 2 1 0 1 0 0 54 0 0 0 1 0 56 0 0 0 0 0 4 2 0 0 0 1 0 1 20 0 0 0 1 0 0 12 0 0 0 0 0 0 2 25 11289 0 1 0 0 0 0 10 124 0 36 8 0 0 1 2 16 20 0 0 0 0 0 0 0 0 5 0 1 0 0 0 0 0 0 0 1 4 0 0 0 7 274 6 1 20 1 0 0 0 0 0 0 0 0 0 5 0 2 0 0 0 0 24 4 2 0 0 0 2 0 3 0 6 0 3 0 36 0 0 0 0 1 0 0 4 0 0 0 1 0 0 0 24 0 0 0 0 0 0 0 0 14 0 0 36 2 0 0 0 0 0 63 5 0 0 0 0 1 7 0 1 142 0 0 0 6 0 3 0 6 0 22 2 0 0 0 0 0 0 0 49 0 0 0 0 0 0 0 57 0 1 1 0 0 0 0 0 0 0 0 0 0 8 42 0 0 50 19 1 5 96 0 7 1 
108 13514 1 1 0 0 0 0 1 0 0 2 0 6 0 0 0 2 0 10 0 0 108 0 0 0 0 3 1 2 0 0 0 0 0 0 0 1 1 0 2 0 0 72 0 0 0 0 0 65 0 0 0 0 1 3 4 0 3 0 0 1 0 21 1 0 2 0 0 0 7 0 0 1 0 0 0 1 38 11720 0 1 0 0 0 1 9 109 1 17 10 0 0 0 0 22 23 0 0 0 0 0 0 0 2 1 0 2 0 0 0 0 3 0 1 0 3 0 0 0 2 310 4 3 19 0 0 0 0 1 0 0 0 0 0 9 7 1 0 0 0 0 25 1 5 0 0 0 2 1 1 5 11 0 0 0 34 0 0 0 1 1 0 1 5 0 0 0 1 0 0 0 34 0 0 0 0 0 0 0 0 15 0 0 27 3 0 0 0 0 0 56 4 0 1 0 0 0 10 0 0 212 1 0 0 4 0 1 0 6 0 21 3 0 0 0 0 0 0 0 52 0 0 0 0 1 0 0 43 0 0 0 0 0 0 0 0 1 0 0 1 0 8 33 0 0 61 21 0 6 127 1 24 1 
109 12934 1 1 0 0 0 0 1 0 0 5 0 1 0 0 0 0 0 2 0 0 129 1 0 0 1 2 9 2 1 0 0 0 3 0 0 2 0 0 0 0 0 71 1 0 0 0 0 52 0 0 0 0 0 3 3 0 2 0 0 0 0 23 0 0 1 0 0 0 10 0 0 0 1 0 0 1 21 11157 0 2 0 1 0 0 7 93 1 23 5 0 0 1 1 48 29 0 0 0 0 0 0 0 0 0 0 3 1 0 0 0 0 0 3 0 6 0 0 0 4 263 16 2 9 0 0 0 0 1 0 0 0 0 0 13 0 0 0 0 0 0 25 1 3 0 0 0 3 0 2 5 10 0 3 0 40 0 0 0 0 2 0 1 1 0 0 0 1 0 0 0 33 0 0 0 1 0 0 0 0 17 0 1 21 7 0 0 0 0 0 38 7 2 2 0 0 3 12 0 0 263 10 0 0 2 0 3 0 8 0 25 4 0 0 0 0 0 0 1 42 0 0 0 0 1 0 0 36 0 0 0 0 0 1 0 0 0 1 0 0 0 8 43 1 0 54 15 0 2 109 0 19 2 
110 12064 2 1 0 0 0 0 2 0 0 1 0 5 0 0 0 1 0 1 0 0 120 0 0 0 0 2 5 3 0 0 0 0 0 0 0 1 0 0 1 0 0 72 0 0 0 0 0 55 0 0 0 0 0 4 6 0 4 0 0 0 1 15 0 0 4 0 0 0 9 0 0 1 2 0 1 4 18 10321 0 0 0 1 0 0 10 71 2 20 5 0 0 2 1 24 32 0 0 0 0 0 0 0 0 0 0 0 0 0 0 0 0 0 0 0 0 0 0 0 3 291 9 0 14 0 0 0 0 0 0 0 0 0 0 8 3 0 0 0 0 0 24 0 1 0 0 0 1 1 1 1 4 0 3 0 49 0 0 0 2 1 0 2 2 0 0 0 1 0 0 0 30 0 0 0 1 0 0 0 0 16 0 0 18 8 0 0 0 0 0 44 5 1 6 0 0 5 15 0 0 288 2 0 0 0 0 0 0 8 0 37 4 0 0 0 0 0 0 1 27 0 0 0 0 1 0 0 49 0 0 0 0 0 0 0 0 0 1 0 0 0 11 28 2 0 62 15 1 4 105 1 13 0 
111 9302 1 5 0 0 0 0 2 0 0 2 1 7 1 0 0 1 0 2 0 0 128 0 0 0 0 5 3 0 0 0 0 0 0 0 0 1 0 0 1 0 0 38 0 0 0 0 0 49 0 0 0 0 0 5 2 0 1 0 1 0 0 28 0 0 4 0 0 0 7 0 0 1 0 0 0 0 16 7608 0 7 0 2 0 0 5 108 2 25 13 0 0 0 0 25 24 0 0 0 0 0 1 0 0 0 0 1 0 0 0 0 1 0 1 0 0 0 0 0 4 263 16 6 19 0 0 0 0 1 0 0 0 0 1 5 0 0 0 0 0 0 18 0 1 0 0 0 1 0 0 3 4 0 3 0 34 0 0 0 0 1 0 4 4 0 0 0 0 0 0 0 43 0 1 0 1 0 0 0 1 14 1 0 18 6 0 0 0 0 0 63 4 1 4 0 0 1 5 0 1 334 1 0 0 4 0 1 0 6 0 27 4 0 0 0 0 0 0 0 18 0 0 0 0 1 0 0 33 0 0 0 0 0 0 0 0 0 0 0 0 0 5 19 1 0 51 12 1 6 71 1 15 1 
112 6484 2 1 0 0 0 0 1 0 0 0 0 7 0 0 0 0 0 5 0 0 131 0 0 0 0 2 3 2 2 0 0 0 1 0 0 0 0 0 0 0 0 24 0 0 0 0 0 55 0 0 0 0 0 3 4 0 0 0 0 0 0 7 0 0 2 0 0 0 11 0 0 0 3 0 0 2 25 4881 0 0 0 2 0 0 7 83 0 21 9 0 0 1 4 15 21 0 0 0 0 0 0 0 0 0 0 3 1 0 3 0 0 0 1 2 0 0 0 1 4 220 12 4 19 0 0 0 0 3 0 0 0 0 0 11 1 0 0 0 0 0 25 0 9 0 0 0 0 1 6 3 12 0 2 0 32 0 0 0 0 1 0 1 2 0 0 0 0 0 0 0 30 0 0 0 0 0 0 0 0 9 0 0 32 7 0 0 0 0 0 36 5 0 1 0 1 0 15 0 0 323 2 0 0 3 0 0 0 6 2 43 3 0 0 0 0 0 0 0 10 0 0 0 0 1 0 0 45 0 0 0 0 0 0 0 0 0 0 0 0 0 8 6 0 0 74 12 0 5 63 0 20 0 
113 4412 0 3 0 0 0 0 8 0 0 0 0 6 0 1 0 0 0 4 0 0 136 0 0 0 0 1 0 1 0 0 0 0 0 0 0 0 1 0 5 0 1 28 0 0 0 0 0 62 0 0 0 0 0 3 2 0 3 0 0 0 0 5 0 0 1 0 0 0 8 0 0 1 2 0 0 2 32 2870 0 3 0 2 0 0 9 106 5 33 2 0 2 0 2 20 26 0 0 0 0 0 1 0 0 0 0 0 0 0 0 0 0 1 1 0 0 0 0 0 4 158 21 3 20 0 0 0 0 1 0 0 0 0 1 5 3 0 0 0 0 0 22 1 0 0 0 0 0 1 3 3 4 0 2 0 42 0 0 0 0 1 0 1 4 0 1 0 0 0 0 0 31 0 0 0 1 1 0 0 0 5 0 0 34 4 0 0 0 0 0 20 4 0 4 0 0 1 9 0 0 292 3 0 0 5 0 0 0 6 1 47 5 0 0 0 0 0 0 0 2 0 0 0 0 0 0 0 48 0 0 0 0 0 0 0 1 1 0 0 0 0 7 8 0 0 89 26 1 3 32 1 12 1 
114 3292 0 0 0 0 0 0 13 0 0 0 0 4 0 0 0 1 0 9 0 0 136 0 0 0 0 0 1 0 0 1 0 0 1 0 0 0 2 0 4 0 0 6 0 0 0 0 0 69 0 0 0 0 0 8 1 0 1 0 0 0 1 1 0 0 3 2 0 0 24 0 0 0 0 0 0 3 29 1727 0 2 0 2 0 0 17 133 0 37 3 0 0 0 1 21 35 0 0 0 0 0 0 0 0 0 2 0 0 0 1 0 0 1 0 0 0 0 0 0 2 81 14 0 18 0 0 0 0 0 0 0 0 0 0 8 5 1 0 0 0 0 25 4 1 0 0 0 2 1 4 5 1 1 3 0 45 0 0 0 0 2 0 4 2 0 0 0 1 0 0 0 27 0 0 0 0 0 0 0 0 1 0 0 25 7 0 0 0 0 0 12 4 1 5 1 1 0 7 0 2 281 1 0 0 6 0 0 0 2 0 183 5 0 0 0 0 0 0 0 1 0 0 0 0 0 0 0 48 0 0 0 0 0 0 0 0 0 1 0 0 0 3 6 1 0 58 24 2 3 22 0 9 0 
115 2341 0 0 0 0 0 0 9 0 0 0 0 3 0 0 0 0 0 8 0 0 153 0 0 0 0 1 0 2 1 0 0 0 0 0 0 0 2 0 0 0 0 7 0 0 0 0 0 65 0 0 0 0 0 3 2 0 1 0 0 1 0 0 0 0 5 2 0 0 14 0 0 0 3 0 0 3 21 939 0 1 0 2 0 0 11 141 1 43 2 0 1 0 3 37 41 0 0 0 0 0 2 0 1 0 0 0 0 0 2 0 2 1 1 0 0 0 0 0 3 34 18 4 20 0 0 0 0 0 0 0 0 0 1 12 3 2 0 0 0 0 37 8 0 0 0 0 1 1 3 4 1 0 10 0 31 0 0 0 1 0 0 1 2 0 0 0 0 0 0 0 30 0 1 0 0 0 0 0 0 0 0 0 18 4 0 0 0 0 0 10 5 0 4 0 0 5 7 0 0 304 1 0 0 4 0 0 0 0 1 83 2 0 1 0 0 0 0 0 4 1 0 0 0 1 0 0 36 0 0 0 0 0 1 2 0 0 1 0 0 0 5 6 3 0 30 14 1 4 8 0 8 0 
116 2016 0 0 0 0 1 0 4 0 0 0 0 1 0 0 0 0 0 6 0 0 152 1 0 0 0 2 0 1 0 0 0 0 4 0 0 0 1 0 0 0 0 6 0 0 0 0 0 80 0 0 0 0 0 1 0 1 2 0 1 0 1 0 0 0 3 0 0 0 23 0 0 6 1 0 0 2 21 802 0 3 0 0 0 0 15 100 0 34 1 0 0 1 2 17 40 0 0 0 0 0 2 0 0 0 0 0 0 0 0 0 0 1 0 0 0 0 0 0 5 20 15 1 23 0 0 0 0 2 0 0 0 0 1 21 7 0 0 0 0 0 24 6 0 0 0 0 5 1 3 1 2 1 3 0 42 0 0 0 0 0 0 1 6 0 0 0 0 1 0 0 22 0 0 0 0 0 0 0 0 1 0 0 8 2 0 0 0 0 0 3 10 1 4 0 0 2 8 0 1 281 3 0 0 3 1 0 0 0 0 31 0 0 0 0 0 0 0 1 0 0 0 0 0 0 0 0 28 0 0 0 0 0 1 3 0 0 3 0 0 0 15 11 1 0 10 9 0 4 12 0 4 0 
117 2331 0 0 0 0 0 1 7 0 0 0 0 1 0 0 0 2 0 6 0 0 185 1 0 0 0 3 0 1 0 0 0 0 0 0 0 1 0 0 2 0 0 17 0 0 0 0 0 80 0 0 0 0 0 2 0 0 0 0 1 0 0 0 0 0 2 0 0 0 23 0 0 0 2 0 0 0 4 1148 0 3 0 2 0 0 15 85 0 39 1 0 0 1 1 7 57 0 0 0 0 0 2 0 0 0 0 0 0 0 2 0 0 0 0 0 0 0 0 0 1 16 15 2 20 1 0 0 0 0 0 0 0 1 1 6 2 0 0 0 0 0 31 4 0 0 0 0 7 0 6 2 0 0 1 0 52 0 0 1 0 0 0 2 5 0 0 0 0 0 0 0 1 0 0 0 0 0 0 0 0 1 0 0 7 7 0 2 0 0 0 4 6 0 2 0 0 1 6 0 0 291 2 0 0 5 0 0 0 2 0 24 1 0 1 0 0 0 0 0 1 0 0 0 0 1 0 0 13 0 0 0 0 0 0 6 0 0 0 0 0 0 11 10 0 0 3 6 0 8 12 0 8 0 
118 2997 0 0 0 0 0 0 6 0 0 1 0 0 0 0 0 0 0 0 0 0 199 0 0 0 0 1 0 1 0 0 0 0 0 0 0 0 0 0 2 0 0 32 0 0 0 0 0 60 0 0 0 0 0 2 0 0 1 0 0 0 0 10 0 0 5 0 0 0 31 0 0 0 0 0 0 0 3 1869 0 1 0 0 0 0 16 58 0 17 3 0 0 0 1 8 35 0 0 0 0 0 2 0 0 1 0 0 0 0 0 0 0 0 0 0 0 0 0 0 0 35 22 1 26 0 0 0 0 1 0 0 0 0 0 7 0 0 0 0 0 0 21 14 1 0 0 0 2 0 5 4 1 0 3 0 38 0 0 0 0 0 0 3 6 0 0 2 0 0 0 0 1 0 0 0 0 0 0 0 0 5 2 0 4 6 0 0 0 0 0 19 3 2 0 0 0 1 8 0 0 285 2 0 0 2 0 0 0 0 1 11 0 0 0 0 0 0 0 0 3 0 0 0 0 0 0 0 7 0 0 0 0 0 0 0 0 0 1 0 0 0 12 10 1 0 3 5 0 1 27 0 11 0 
119 3767 0 0 0 0 0 0 0 0 1 0 0 0 0 0 0 0 0 0 0 0 289 1 0 0 0 0 0 1 0 0 0 0 0 0 0 0 0 0 0 0 0 37 0 0 0 0 0 30 0 0 0 1 0 1 0 0 0 0 0 0 0 22 0 0 3 0 0 0 20 0 0 0 2 0 0 2 2 2511 0 2 0 2 0 0 11 32 1 9 0 0 0 0 0 3 24 0 0 0 0 0 1 0 1 0 0 0 0 0 0 0 1 0 0 0 0 0 0 0 0 70 12 0 23 0 0 0 0 0 0 0 0 0 3 1 2 0 0 0 0 0 9 4 0 0 0 0 0 1 2 7 2 0 5 0 43 0 0 0 0 0 0 7 2 0 1 0 0 0 0 0 0 0 0 0 0 0 0 0 0 11 0 0 0 0 0 0 0 0 0 26 1 0 4 0 0 0 15 0 1 356 0 0 0 4 0 0 0 2 1 4 0 0 0 0 0 0 0 0 18 0 0 0 0 0 0 0 7 0 0 0 0 0 0 0 0 0 0 0 0 0 23 20 0 0 5 0 0 5 54 0 3 1 
120 4410 0 0 0 0 0 1 1 0 0 3 0 0 0 0 0 2 0 0 0 0 254 0 0 0 0 1 0 1 0 0 0 0 0 0 0 0 1 0 0 0 0 33 0 0 0 0 0 26 0 0 0 0 0 1 0 0 0 0 0 2 0 15 0 0 4 0 0 0 10 0 0 0 1 1 0 2 2 3154 0 1 0 0 0 0 6 25 2 2 2 0 0 0 0 3 8 0 0 0 0 0 0 0 0 1 0 1 0 0 0 0 0 0 0 1 0 0 0 0 1 94 20 0 8 0 0 0 0 0 0 0 0 0 2 5 0 0 0 0 0 0 4 9 1 0 0 0 0 0 1 4 4 0 6 0 58 0 0 1 0 0 0 3 1 0 0 0 0 0 0 0 2 0 0 0 0 0 0 0 0 15 0 0 1 4 0 0 0 0 0 19 0 0 5 0 0 0 4 0 0 425 1 0 0 1 0 1 0 3 1 4 1 0 0 0 0 0 0 0 14 0 0 0 0 0 0 0 6 0 0 0 0 0 1 0 0 0 0 0 0 0 17 18 0 0 6 0 0 1 59 0 5 0 
121 5342 0 0 0 0 0 1 0 0 0 0 0 0 0 0 0 1 0 0 0 0 244 0 0 0 0 0 0 0 0 0 0 0 0 0 0 0 3 0 0 0 0 42 0 0 0 0 0 15 0 0 0 0 0 1 0 0 0 0 0 0 0 9 0 0 6 0 0 0 2 0 0 0 4 0 0 5 2 4063 0 0 0 0 0 0 1 6 1 7 6 0 0 0 0 3 9 0 0 0 0 0 1 0 0 0 0 0 0 0 0 0 0 0 0 2 0 0 0 0 0 132 23 0 1 0 0 0 0 0 0 0 0 0 3 2 0 0 0 0 0 0 9 2 0 0 0 0 0 0 0 4 2 1 6 0 73 0 0 0 0 0 0 3 5 0 0 0 0 0 0 0 9 0 0 0 0 0 0 0 0 4 0 0 2 2 0 0 0 0 0 23 1 0 6 0 0 0 2 0 0 414 9 0 0 0 1 3 0 6 0 5 1 0 0 0 0 0 0 0 19 0 0 0 0 0 0 0 9 0 1 0 0 0 0 0 0 0 0 0 0 0 31 22 0 0 15 0 1 2 49 0 2 0 
122 6104 0 0 0 0 0 0 0 0 0 1 1 1 0 0 0 1 0 0 0 0 185 0 0 0 0 0 0 0 0 0 0 0 0 0 0 0 0 0 0 0 0 25 0 0 0 0 0 7 0 0 0 0 0 1 0 0 0 0 0 0 0 10 0 0 5 0 0 0 1 0 0 0 2 0 0 4 9 4712 0 0 0 0 0 0 1 19 2 1 2 0 0 1 0 2 9 0 0 0 1 0 0 0 0 0 0 0 0 0 0 0 0 0 1 2 0 0 0 0 1 156 29 0 3 0 0 0 0 0 0 0 0 0 2 2 0 0 0 0 0 0 5 7 3 0 0 0 0 0 0 14 13 0 8 0 87 0 0 0 0 0 0 1 2 0 0 0 0 0 0 0 6 0 0 0 0 0 0 0 0 10 0 0 2 1 0 0 0 0 0 31 3 0 8 0 0 0 1 0 0 493 3 0 0 0 0 1 0 3 2 0 1 0 0 1 0 0 0 0 18 0 0 0 1 1 0 1 13 0 0 0 0 0 0 0 0 0 0 0 0 0 31 21 0 0 34 0 0 2 61 0 8 0 
123 7027 1 0 0 0 0 0 0 0 0 1 0 0 0 0 0 2 0 1 0 0 119 1 0 0 0 2 0 1 0 0 0 0 0 0 0 0 0 0 1 0 0 42 0 0 0 0 0 4 0 0 0 0 0 0 0 0 0 0 0 0 0 30 0 0 2 0 0 0 0 0 0 0 3 1 0 5 4 5618 0 0 0 1 0 0 2 20 2 0 4 0 0 0 1 9 8 0 0 0 0 0 0 0 0 1 0 4 0 0 0 0 1 0 0 1 0 0 0 0 0 153 23 0 3 0 0 0 0 1 0 0 0 0 1 0 1 1 0 0 0 0 2 10 3 0 0 0 0 0 0 8 3 0 8 0 73 0 0 0 0 0 0 3 0 0 0 0 0 0 0 0 32 0 0 0 0 0 0 0 0 5 0 0 6 0 0 0 0 0 0 35 0 0 5 0 0 0 2 0 0 469 3 0 0 1 0 0 0 6 1 3 3 0 0 0 0 0 0 0 25 0 0 0 1 0 0 0 36 0 0 0 0 0 0 0 0 0 0 0 0 0 26 29 0 0 48 2 0 0 96 0 5 0 
124 8036 0 1 0 0 0 0 0 0 0 2 0 3 0 0 0 1 0 2 0 0 63 0 0 0 0 2 0 1 0 0 0 0 0 0 0 2 1 0 0 0 0 36 0 0 0 0 0 4 0 0 0 0 0 2 0 0 1 0 0 0 0 24 0 0 9 0 0 0 1 0 0 0 2 0 0 0 7 6521 0 0 0 1 0 0 3 55 1 7 15 0 0 0 0 24 20 0 0 0 0 0 0 0 2 0 0 1 2 0 1 0 0 0 1 1 0 0 0 0 1 223 15 0 3 0 0 0 0 1 0 0 0 0 1 1 6 1 0 0 0 0 7 10 1 0 0 0 0 0 1 3 0 0 3 0 72 0 0 0 0 0 0 4 1 0 0 0 0 1 0 0 17 0 0 0 0 0 0 0 0 34 0 0 14 0 0 0 0 0 0 45 0 0 2 0 0 0 1 0 0 413 3 0 0 1 0 0 0 6 0 7 5 0 0 0 0 0 0 0 28 0 0 0 0 0 0 0 46 0 0 0 0 0 0 0 0 0 0 0 0 0 14 38 0 0 59 10 0 1 100 0 14 0 
125 8089 0 0 0 0 0 1 1 0 0 2 0 6 0 0 0 0 0 5 0 0 25 0 0 0 0 1 2 2 0 0 0 0 1 0 0 4 3 0 4 0 0 40 0 0 0 0 0 9 0 0 0 0 0 1 6 0 0 0 0 0 0 24 0 0 2 0 0 0 0 0 0 0 1 0 0 1 17 6425 0 0 0 0 0 0 2 110 1 12 8 0 0 0 0 18 21 0 0 0 0 0 0 0 0 1 0 1 0 0 0 0 0 0 0 0 0 0 0 0 3 252 16 2 4 0 0 0 0 0 0 0 0 0 0 7 6 1 0 0 0 0 19 19 0 0 0 0 0 0 1 5 3 0 3 0 64 0 0 0 1 0 0 5 1 0 0 0 0 0 0 0 29 0 0 0 1 0 0 0 0 42 0 0 21 3 0 0 0 0 0 54 1 0 0 0 0 0 4 0 0 347 4 0 0 6 0 3 0 5 0 19 0 0 0 0 0 0 0 0 50 0 0 0 0 0 0 0 57 0 0 0 0 0 0 0 0 0 0 0 0 0 8 30 1 0 83 15 0 0 114 0 9 0 
126 7780 0 1 0 0 0 0 0 0 0 1 0 4 0 0 0 0 0 6 0 0 21 0 0 0 0 2 12 2 0 0 0 0 1 0 0 1 0 0 0 0 0 47 0 0 0 0 0 24 0 0 0 0 2 3 5 0 1 0 2 0 0 18 1 0 0 0 0 0 5 0 0 1 1 0 0 0 21 6123 0 0 0 1 0 0 8 139 0 11 4 0 0 2 2 35 21 0 0 0 0 0 1 0 0 1 0 3 1 0 0 0 0 2 0 0 1 0 0 0 1 281 8 1 13 0 0 0 0 1 0 0 0 0 0 3 13 3 0 0 0 0 33 15 4 0 0 0 0 0 4 4 5 0 1 0 42 0 0 0 0 0 0 1 0 0 0 0 0 2 0 0 50 0 0 0 1 0 0 0 0 24 0 0 30 2 0 0 0 1 0 33 0 0 0 0 0 0 16 0 0 253 0 0 0 4 0 0 0 3 0 11 4 0 0 0 0 0 0 0 45 0 0 0 0 1 0 0 54 0 0 0 0 0 0 0 0 0 0 0 0 0 4 29 0 0 90 20 0 4 107 0 18 1 
127 8059 0 5 0 0 0 0 8 0 0 0 0 3 0 0 0 0 0 2 0 0 12 0 0 0 0 3 9 2 0 0 0 0 1 0 0 0 1 0 1 0 0 52 0 0 0 0 0 31 0 0 0 0 0 5 1 0 0 0 1 0 0 23 0 0 0 0 0 0 9 0 0 2 1 0 0 0 16 6603 0 2 0 0 0 0 12 109 0 22 3 0 0 0 2 21 34 0 0 0 1 0 0 0 0 0 0 0 0 0 0 0 0 0 1 0 1 0 0 0 2 225 6 0 16 0 0 0 0 1 0 0 0 0 0 3 8 0 0 0 0 0 20 16 5 0 0 0 0 0 3 4 3 0 0 0 18 0 0 0 0 0 0 0 1 0 0 0 0 0 0 0 65 0 0 0 2 1 0 0 0 19 0 0 30 0 0 0 0 0 0 37 2 0 0 0 0 2 9 0 0 175 1 0 0 5 0 5 0 13 0 15 0 0 0 0 0 0 0 0 28 0 0 0 0 0 0 0 67 0 0 0 0 0 0 1 0 0 0 0 0 0 2 23 0 0 86 17 0 7 98 1 12 0 
128 8134 0 0 0 1 0 0 1 0 0 1 0 5 0 0 0 0 0 9 0 0 37 0 0 0 0 0 1 0 0 0 0 0 3 0 0 1 0 0 1 0 0 64 0 0 0 0 0 58 0 0 0 0 0 3 2 0 2 0 0 0 0 18 0 0 0 0 0 0 4 0 0 0 3 0 0 0 24 6634 0 2 0 1 0 0 3 103 0 23 2 0 0 1 5 12 35 0 0 0 0 0 0 0 0 1 0 0 1 0 1 0 0 1 1 0 2 0 0 1 2 259 5 0 19 0 0 0 0 1 0 0 0 0 0 10 9 1 0 0 0 0 24 8 4 0 0 0 0 0 2 5 4 0 0 0 31 0 0 0 1 1 0 0 0 0 0 0 1 0 0 0 49 0 1 0 0 0 0 0 1 9 0 0 40 0 0 0 0 0 0 40 4 2 0 0 1 2 7 0 0 124 0 0 0 5 0 0 0 6 0 28 0 0 0 0 0 0 0 1 30 0 0 0 0 0 0 0 56 0 0 0 0 0 0 0 0 0 0 0 0 0 2 40 1 0 64 18 0 9 127 0 10 1 
129 9614 1 0 0 0 0 0 3 0 0 3 0 7 0 0 0 0 0 3 0 0 56 0 0 0 0 1 1 0 0 0 0 0 1 0 0 1 0 0 1 0 1 55 0 0 0 0 0 56 0 0 0 0 0 5 1 0 1 0 0 0 1 24 0 0 0 0 0 0 7 0 1 1 0 0 0 0 21 8093 0 0 0 2 0 0 7 119 0 38 7 0 1 0 2 18 28 0 0 0 0 0 0 0 0 1 0 0 1 0 0 0 3 0 2 0 0 0 0 0 4 236 0 1 23 0 0 0 0 0 2 0 0 0 0 9 15 0 0 0 0 0 32 17 7 0 0 0 1 1 3 0 12 1 1 0 25 0 0 0 0 0 0 0 2 0 0 0 0 0 0 0 49 0 0 0 2 0 0 0 0 15 1 0 30 0 0 0 0 0 0 33 6 0 0 0 0 1 14 0 0 75 0 0 0 14 0 0 0 3 0 34 1 0 0 0 0 0 0 0 46 0 0 0 0 0 0 0 40 0 0 0 0 0 0 1 0 0 0 0 0 0 4 32 0 0 72 17 0 7 141 1 5 0 
130 11107 0 2 0 0 0 0 6 0 0 2 0 4 0 0 1 0 0 7 0 0 93 0 0 0 0 2 1 0 0 0 0 0 3 0 0 3 0 0 0 0 1 54 0 0 0 0 0 61 0 0 0 0 0 7 3 6 2 0 0 0 0 25 0 0 0 0 0 0 9 0 0 2 0 0 1 3 18 9499 0 2 0 0 0 0 10 111 0 24 3 0 0 2 3 21 29 0 0 0 0 0 2 0 0 0 0 2 0 0 0 1 0 0 0 0 2 0 0 0 5 257 1 4 15 0 0 0 0 0 0 0 0 0 0 4 0 2 0 0 0 0 29 12 1 0 0 0 0 0 5 2 5 0 2 0 40 0 0 0 0 0 0 0 5 0 0 0 0 0 0 0 41 0 0 0 0 0 0 0 0 34 0 0 28 3 0 0 0 0 0 53 5 0 1 0 0 1 10 0 1 104 0 0 0 5 0 2 0 7 0 19 5 0 0 0 0 0 0 0 48 0 0 0 0 0 0 0 69 0 0 0 0 0 0 0 0 0 1 0 0 0 1 38 1 0 60 13 0 7 119 1 10 0 
131 12082 0 3 0 0 1 0 8 0 0 3 0 6 0 0 0 0 0 9 0 0 113 0 0 0 0 0 0 0 0 0 0 0 2 0 0 0 0 0 2 0 0 73 0 0 0 0 0 80 0 0 0 0 0 2 5 8 1 0 0 0 0 15 0 0 0 0 0 0 4 0 0 0 0 0 0 3 31 10324 0 2 0 2 0 0 10 112 0 47 3 0 0 1 1 24 22 0 0 0 0 0 1 0 0 2 0 1 0 0 0 0 1 0 1 0 1 0 0 0 0 306 3 3 22 0 0 0 0 0 0 0 0 0 1 4 1 1 0 0 0 0 20 14 2 0 0 0 0 0 0 1 19 1 7 0 33 0 0 0 0 2 0 0 1 0 0 0 0 0 0 0 38 0 0 0 0 0 0 0 0 31 0 0 19 2 0 0 0 0 0 67 2 1 1 0 0 5 14 0 0 133 0 0 0 1 0 6 0 8 0 21 2 0 0 0 0 1 0 0 42 0 1 0 0 0 0 0 42 0 0 0 0 0 1 0 0 0 0 0 0 0 10 52 1 0 66 10 0 3 115 0 17 1 
132 12452 0 2 0 1 2 0 3 0 0 4 0 11 0 0 0 0 0 6 0 0 116 0 0 0 0 5 2 2 0 0 0 0 0 0 0 0 0 0 2 0 0 81 0 0 0 0 0 58 0 0 0 0 0 4 4 0 1 0 0 0 1 26 0 0 3 1 0 0 7 0 0 1 2 0 0 0 22 10708 0 1 0 1 0 0 8 95 1 26 3 0 0 0 1 25 25 0 0 0 1 0 1 0 0 0 0 0 0 0 0 0 1 3 1 0 6 0 0 0 4 290 3 0 25 0 0 0 0 1 0 0 1 0 0 8 1 1 0 0 0 0 30 4 7 0 0 0 0 0 4 3 5 0 5 0 55 0 0 0 0 2 0 1 2 0 0 0 0 0 0 0 30 0 0 0 0 0 0 0 0 26 0 0 16 6 0 0 0 0 0 43 3 0 4 0 0 3 6 0 0 193 5 0 0 4 0 0 0 2 0 21 2 0 0 0 0 0 0 0 41 0 0 0 0 0 0 0 49 0 0 0 0 0 0 0 0 0 0 0 0 0 5 57 0 0 61 16 0 6 106 0 13 2 
133 12408 0 1 0 0 0 0 5 0 0 9 0 2 0 0 0 0 0 5 0 0 124 0 0 1 0 3 0 0 0 0 0 3 3 0 0 2 1 0 0 0 1 76 0 0 0 0 0 52 0 0 0 0 0 1 3 0 0 0 0 1 1 16 1 0 0 0 0 0 8 0 0 0 3 0 0 1 15 10682 0 1 0 2 0 0 15 85 1 42 4 0 0 0 0 15 21 0 0 0 0 0 1 0 0 1 0 4 0 0 0 0 1 1 0 1 0 0 0 0 2 298 10 2 17 1 0 0 0 0 0 0 0 0 0 4 0 1 0 0 0 0 19 0 4 0 0 0 2 0 2 1 7 0 3 0 29 0 0 0 0 0 0 2 4 0 0 0 0 0 0 0 24 0 0 0 2 0 0 0 0 11 0 0 24 7 0 0 0 0 0 47 9 3 3 0 0 0 10 0 0 248 4 0 0 11 0 2 0 6 0 19 3 0 0 0 0 0 0 0 23 0 0 0 0 0 0 0 54 0 0 0 0 0 0 0 1 0 0 0 0 0 10 32 0 0 60 18 0 3 125 0 20 0 
134 11143 0 2 0 0 0 0 0 0 0 3 0 0 0 0 0 0 0 9 0 0 135 1 0 0 0 3 1 0 0 0 0 0 2 0 0 1 0 0 0 0 1 55 0 0 0 0 0 36 0 0 0 0 1 10 2 0 1 0 0 0 0 15 0 0 5 0 0 0 4 0 0 0 3 0 0 1 22 9495 0 3 0 2 0 0 14 94 3 25 2 0 0 2 0 16 31 0 0 0 0 0 0 0 0 0 0 4 0 0 0 1 1 2 1 0 1 0 0 0 1 292 12 2 22 0 0 0 0 0 0 0 0 0 1 9 2 2 0 0 0 0 18 3 4 0 0 0 2 0 2 2 4 1 1 0 31 1 0 0 0 0 0 5 2 0 1 0 0 0 0 0 15 0 0 0 0 0 0 0 0 19 1 0 20 4 0 0 0 0 1 57 3 1 0 0 0 0 13 0 0 230 3 0 0 1 0 0 0 15 0 28 6 0 0 0 0 0 0 0 15 0 0 0 0 0 0 0 47 0 0 0 0 0 0 0 0 0 0 0 0 1 5 28 0 0 63 11 1 1 103 0 12 1 
135 9585 0 0 0 0 0 0 4 0 0 3 0 4 0 0 0 0 0 4 0 0 151 0 0 0 0 1 1 0 0 0 0 0 1 0 0 0 2 0 1 0 0 46 0 0 0 1 0 43 0 0 0 0 0 3 0 0 0 0 1 0 0 17 1 0 5 0 0 0 12 0 0 2 1 0 0 1 27 7884 0 4 0 1 0 0 10 78 2 22 13 0 0 0 1 11 34 0 0 0 0 0 1 0 0 0 0 3 0 0 0 0 0 0 4 0 0 0 0 0 7 254 17 3 18 0 0 0 0 1 0 0 0 0 0 8 0 1 0 0 0 0 26 0 5 0 0 0 0 0 4 3 3 0 2 0 36 0 0 0 0 0 0 4 6 0 0 1 1 0 0 0 18 0 0 0 0 1 0 0 0 11 1 0 31 8 0 0 0 0 0 41 4 0 1 0 0 4 10 0 1 295 1 0 0 7 0 0 0 3 1 24 4 0 0 0 0 0 0 0 27 0 0 0 0 0 0 0 27 0 1 0 0 0 0 0 0 1 0 0 1 0 2 12 1 0 70 20 1 2 105 1 44 2 
136 6702 2 1 0 1 1 0 5 0 0 4 0 1 0 0 0 2 0 1 0 0 132 0 0 0 0 3 0 2 0 0 0 0 1 0 0 0 1 0 2 0 0 41 0 0 0 0 0 61 1 0 0 0 0 3 3 0 1 0 0 1 0 7 0 0 5 0 0 0 11 0 0 1 5 0 0 0 27 5114 0 1 0 3 0 1 4 100 0 22 6 0 0 1 0 18 35 0 0 0 0 0 0 0 0 0 0 0 0 0 0 0 0 0 1 1 0 0 0 0 11 211 12 4 23 0 0 0 0 0 0 0 0 0 1 5 2 0 0 0 0 0 21 0 1 0 0 0 2 0 0 6 5 0 3 0 48 0 0 0 0 0 0 1 11 0 0 0 0 0 0 0 15 0 0 0 0 0 0 0 1 11 0 0 34 11 0 0 0 0 0 24 4 1 3 0 0 1 9 0 0 297 1 0 0 4 0 0 0 3 3 31 4 0 0 0 0 0 0 0 14 0 0 0 0 0 0 0 43 0 1 0 0 0 0 0 0 0 0 0 0 0 15 4 0 0 80 18 0 2 52 0 12 1 
137 4588 0 2 0 0 0 1 6 0 0 0 0 3 0 0 0 0 0 9 0 0 155 1 0 0 0 2 0 2 0 0 0 0 0 0 0 1 0 0 1 0 0 7 0 0 0 0 0 50 0 0 0 0 1 11 0 0 2 0 0 1 0 4 0 0 5 0 0 0 6 0 0 2 4 0 0 0 22 3133 0 1 0 2 0 0 10 110 1 27 0 0 0 1 2 15 25 0 0 0 0 0 1 0 0 0 0 0 0 0 0 0 0 0 0 0 0 0 0 0 2 149 23 1 21 0 0 0 0 1 0 0 0 0 0 13 2 3 0 0 0 0 14 1 0 0 0 0 3 0 2 7 4 0 5 0 41 0 0 0 0 2 0 2 1 0 0 0 0 0 0 0 39 0 1 0 1 0 0 0 0 1 0 0 31 1 0 0 0 0 0 22 8 1 5 0 0 2 12 0 0 273 2 0 0 1 0 0 0 0 1 37 2 0 0 0 0 0 0 0 8 0 0 0 0 1 0 0 37 0 0 0 0 0 0 0 1 0 0 0 0 0 6 9 2 0 81 21 0 4 39 0 12 3 
138 3123 0 3 0 0 0 1 8 0 0 0 0 3 0 0 0 0 0 4 0 0 122 0 0 0 0 3 1 0 0 1 0 0 0 0 0 0 0 0 0 0 2 3 0 0 0 0 0 77 0 0 0 0 0 7 4 0 1 0 0 0 3 3 1 0 1 1 0 0 17 0 0 1 4 0 0 5 16 1767 0 2 0 3 0 0 16 129 1 30 0 0 0 1 2 10 34 0 0 0 0 0 1 0 0 0 1 1 0 0 0 0 0 0 0 0 0 0 0 0 4 70 13 7 25 0 0 0 0 0 0 0 0 0 2 7 2 0 0 0 0 0 31 4 0 0 0 0 2 0 2 5 0 0 3 0 29 0 0 0 0 1 0 2 3 0 1 0 0 0 0 0 38 0 0 0 0 0 0 0 0 0 0 0 25 11 0 0 0 0 0 17 3 2 3 0 0 2 14 0 0 286 1 0 0 4 0 0 0 2 1 50 2 0 0 0 0 0 0 0 5 0 0 0 0 2 0 0 34 0 0 0 0 0 1 0 0 0 0 0 0 0 5 5 4 0 55 11 0 6 16 0 10 0 
139 2398 0 2 0 0 1 0 7 0 0 0 0 1 0 0 0 0 0 6 0 0 158 0 0 0 0 1 1 1 1 0 0 0 1 0 0 0 0 0 1 0 0 7 0 0 0 0 0 87 0 0 0 0 0 3 4 0 1 0 1 0 1 0 0 0 0 0 0 0 20 0 0 2 4 0 0 1 14 1072 0 3 0 1 0 0 9 125 1 33 0 0 0 1 1 15 29 0 0 0 0 0 2 0 0 0 0 0 0 0 0 0 0 0 0 0 0 0 0 0 4 40 15 3 16 0 0 0 0 2 0 0 0 0 0 12 8 0 0 0 0 0 18 7 0 0 0 0 5 1 2 5 5 2 5 0 25 0 0 1 0 2 0 4 2 0 0 0 0 1 0 0 14 0 1 0 0 0 0 0 0 1 0 0 17 11 0 0 0 1 0 15 2 1 6 1 0 1 12 0 1 329 3 0 0 6 0 0 0 1 2 28 2 0 0 0 0 0 0 1 2 0 0 0 0 0 0 0 46 0 0 0 0 0 0 1 0 0 1 0 0 0 8 8 3 0 28 6 0 4 15 1 8 1 
140 2117 0 1 0 0 0 0 9 0 0 0 0 2 0 0 0 0 0 1 0 0 165 0 0 0 0 1 0 1 1 0 0 0 1 0 0 0 2 0 1 0 0 5 0 0 0 0 0 105 0 0 0 0 0 9 0 0 3 0 0 0 0 3 0 0 5 0 0 0 24 0 0 1 3 0 0 5 18 818 0 4 0 0 0 0 7 107 1 26 0 0 0 0 2 14 31 0 1 0 0 0 1 0 0 0 0 0 0 0 2 0 0 1 0 0 0 0 0 0 0 25 19 2 24 0 0 0 0 0 0 0 0 0 0 8 30 6 0 0 0 0 27 10 0 0 0 0 2 0 3 3 2 0 5 0 53 0 0 0 0 0 0 6 7 0 0 0 0 0 0 0 21 0 0 0 0 0 0 0 0 2 0 0 5 12 0 0 0 0 0 7 2 1 1 0 0 0 4 1 1 296 2 0 0 5 0 0 0 2 3 23 0 0 0 0 0 0 0 0 3 0 0 0 0 0 0 0 30 0 0 0 0 0 0 2 0 0 0 0 0 0 7 8 1 0 12 8 2 10 19 0 10 0 
141 2205 0 0 0 0 1 0 8 0 0 1 0 1 0 0 0 0 0 5 0 0 180 1 0 0 0 1 1 1 0 0 0 0 1 0 0 0 2 0 3 0 0 19 0 0 0 0 0 79 1 0 1 0 1 10 0 0 2 0 0 0 1 4 0 0 3 0 0 0 26 0 0 1 1 0 0 0 12 1018 0 4 0 0 0 0 13 68 1 31 0 0 0 0 2 17 47 0 0 0 0 0 1 0 0 0 0 0 0 0 1 0 0 0 0 1 0 0 0 0 1 16 15 0 27 0 0 0 0 0 0 0 0 0 1 5 7 1 0 0 0 0 27 4 0 0 0 0 6 0 0 2 0 0 3 0 21 0 0 1 0 1 0 2 4 0 1 0 0 0 0 0 7 0 0 0 1 0 0 0 0 1 2 0 7 12 0 0 0 0 0 9 8 0 5 0 0 0 10 0 0 290 2 0 0 4 0 0 0 0 2 26 0 0 0 0 0 0 0 0 2 0 0 0 0 0 0 0 27 0 0 0 0 0 1 0 0 0 0 0 0 0 12 12 1 0 5 7 0 5 15 0 5 0 
142 3072 0 0 0 0 0 3 7 0 0 0 1 0 0 0 0 0 0 2 0 0 202 0 0 0 0 1 0 1 0 0 0 0 0 0 0 0 1 0 2 0 0 39 0 0 0 0 0 79 0 0 0 0 0 5 0 0 0 0 2 0 0 2 1 0 2 0 0 0 16 0 0 1 3 0 0 1 9 1851 0 2 0 0 0 0 7 36 4 27 0 0 1 0 0 11 38 0 1 0 0 0 0 0 0 0 1 2 0 0 0 0 0 0 0 0 0 0 0 0 0 33 17 2 20 0 0 0 0 1 0 0 0 0 2 7 28 0 0 0 0 0 19 6 0 0 0 0 1 1 1 6 1 0 3 0 35 0 0 1 0 0 0 4 3 0 0 2 0 0 0 0 5 0 0 0 0 1 0 0 0 3 0 0 3 13 0 0 0 0 0 7 4 0 2 0 0 2 5 0 1 332 1 0 0 2 0 0 0 4 0 18 0 0 0 0 0 0 0 0 0 0 0 0 0 0 0 0 27 0 0 1 0 0 1 0 0 0 0 0 0 0 25 18 2 0 6 3 0 2 24 1 2 1 
143 3728 0 0 0 0 0 0 2 0 0 1 0 0 0 0 0 2 0 0 0 0 256 0 0 0 0 1 0 4 0 0 0 0 0 0 0 1 0 0 0 0 0 33 1 0 0 0 0 40 0 0 0 0 0 6 0 0 0 0 0 1 0 35 0 0 4 0 0 0 7 0 0 1 3 0 0 3 4 2589 0 0 0 1 0 0 7 17 1 18 0 0 0 0 0 4 21 0 0 0 0 0 2 0 0 1 0 0 0 0 0 0 0 0 0 0 0 0 0 0 0 59 13 2 11 0 0 0 0 1 0 0 0 0 1 3 0 0 0 0 0 0 13 10 0 0 0 0 0 0 1 6 3 0 7 0 41 0 0 0 0 0 0 3 7 1 0 0 0 0 0 0 6 0 0 0 0 0 0 0 0 5 0 0 1 1 0 0 0 0 3 18 1 1 2 0 0 0 3 0 0 321 2 0 0 3 0 0 0 3 1 7 0 0 0 0 0 0 0 0 8 0 0 0 0 0 0 0 7 0 0 0 0 0 0 0 0 0 1 0 0 0 24 9 2 0 5 3 0 2 34 0 5 0 
144 4543 0 0 0 0 0 0 2 0 1 1 0 0 0 0 0 0 0 1 0 0 265 0 0 0 0 2 0 0 0 0 0 0 0 0 0 1 1 0 2 0 1 29 0 0 0 0 0 31 0 0 0 0 0 1 0 0 0 0 1 0 0 20 0 0 6 0 0 0 2 0 0 0 4 0 1 6 0 3377 0 0 0 1 0 0 6 12 3 4 1 0 0 0 0 6 5 0 1 0 0 0 0 0 0 0 0 0 0 0 0 0 0 0 3 0 0 0 0 0 0 111 10 0 16 1 0 0 0 0 0 0 0 0 1 2 0 0 0 0 0 0 8 2 0 0 0 0 1 0 1 7 2 0 7 0 44 0 0 0 1 0 0 3 1 0 0 0 0 0 0 0 4 0 2 0 1 0 0 0 0 7 0 0 0 1 0 0 0 0 0 11 1 0 1 0 0 0 5 0 1 345 5 0 0 0 1 0 0 5 2 6 0 0 0 0 0 0 0 0 12 0 0 0 0 0 0 0 4 0 1 0 0 0 0 0 0 0 0 0 0 0 29 7 1 0 7 0 0 2 62 0 3 0 
145 3721 0 0 0 0 0 0 0 0 0 0 1 1 0 0 1 0 0 0 0 0 204 0 0 0 0 0 0 0 0 0 0 0 0 0 0 0 0 0 0 0 0 22 0 0 0 0 0 9 0 0 0 0 0 0 0 1 0 0 0 0 0 5 0 0 5 0 0 0 3 0 0 0 1 0 0 2 0 2885 0 0 0 0 0 0 3 1 3 3 3 0 0 0 0 0 7 0 0 0 0 0 0 0 0 0 0 1 0 0 0 0 0 0 0 0 2 0 0 0 0 74 17 0 5 0 0 0 0 0 0 0 0 0 2 0 0 0 0 0 0 0 7 1 0 0 0 0 0 0 1 4 3 0 1 0 42 0 0 0 0 0 0 0 0 0 0 0 0 0 0 0 3 0 0 0 1 0 0 0 0 10 0 0 2 2 0 0 0 0 0 9 0 0 4 0 0 0 0 0 0 254 3 0 0 0 0 0 0 2 0 1 2 0 0 0 0 0 0 0 11 0 0 0 0 0 0 0 11 0 0 0 0 0 1 0 0 0 0 0 0 0 13 21 0 0 5 0 0 0 44 0 0 0 
146 5788 0 1 0 0 0 1 1 0 0 2 0 2 0 0 0 0 0 0 0 0 237 0 0 0 0 0 0 0 0 0 0 0 0 0 0 1 0 0 0 0 0 26 2 0 0 0 0 7 0 0 0 0 0 0 2 0 0 0 0 0 0 17 0 0 3 0 0 0 8 0 0 0 1 0 0 4 5 4430 0 0 0 0 0 0 1 10 2 1 3 0 0 0 0 2 6 0 0 0 0 0 0 0 0 0 0 3 0 0 0 0 0 0 1 1 1 0 0 0 0 139 23 0 2 0 0 0 0 0 0 0 0 0 6 1 0 0 0 0 0 0 3 4 2 0 0 0 0 0 0 7 6 0 6 0 65 0 0 0 0 0 0 2 1 0 0 0 0 0 0 0 13 0 0 0 0 1 0 0 0 33 0 0 2 1 0 0 0 1 0 21 0 0 15 0 0 0 1 0 0 425 10 0 0 0 0 0 0 5 2 1 1 0 0 0 0 0 0 0 20 0 0 0 0 2 0 1 26 0 0 0 0 0 0 0 0 0 0 0 1 0 34 22 0 0 24 1 0 2 64 0 6 0 
147 6790 0 1 0 0 0 0 0 0 0 2 2 0 0 0 0 0 0 0 0 0 123 2 0 0 0 0 0 1 1 0 0 0 0 0 0 0 0 0 0 0 0 51 0 0 0 0 0 7 0 0 0 0 0 0 2 0 1 0 0 0 0 14 0 0 4 0 0 0 2 0 0 0 5 0 0 2 1 5378 0 0 0 0 0 0 5 32 0 4 2 0 0 0 1 7 5 0 0 0 0 0 0 0 0 3 0 2 0 0 0 0 0 0 0 0 2 0 0 0 2 174 24 3 1 1 0 0 0 0 0 0 0 0 5 0 0 0 0 0 0 0 5 7 3 0 0 0 0 0 0 4 3 0 0 0 42 0 0 0 0 1 0 2 4 0 0 0 0 0 0 0 27 0 0 0 1 0 0 0 0 39 0 0 0 2 0 0 0 1 0 29 0 0 17 0 0 0 3 0 0 449 5 0 0 0 0 1 0 16 0 5 3 0 0 0 0 0 0 0 25 0 0 0 0 0 0 0 28 0 0 0 0 0 0 0 0 0 0 0 0 1 15 18 1 0 43 7 0 0 94 0 4 0 
148 6485 1 2 0 0 1 0 4 0 0 0 0 1 0 0 0 0 0 5 0 0 59 0 0 0 0 0 0 0 0 0 0 0 1 0 0 0 0 0 0 0 0 44 0 0 0 1 0 8 0 0 0 0 0 1 1 0 0 0 0 0 0 11 0 0 4 0 0 0 0 0 0 1 0 0 0 0 2 5175 0 1 0 0 0 0 4 41 1 2 4 0 0 0 3 13 7 0 0 0 0 0 0 0 0 0 0 1 0 0 0 0 0 0 1 0 1 0 0 0 1 224 27 0 1 0 0 0 0 0 0 0 0 0 1 0 1 0 0 0 0 0 8 7 0 0 0 0 0 0 0 4 4 0 1 0 59 0 0 0 1 0 0 0 2 0 0 0 0 0 0 0 22 0 0 0 1 0 0 0 0 17 0 0 7 2 0 0 0 0 0 35 3 0 8 0 0 0 3 0 0 375 1 0 0 1 0 1 0 3 0 11 3 0 0 0 0 0 0 0 22 0 0 0 0 0 0 0 33 0 0 0 0 0 0 1 0 0 0 0 0 0 9 31 0 0 43 8 0 0 89 0 7 0 
149 1329 0 0 0 0 0 0 0 0 0 1 0 0 0 0 0 0 0 0 0 0 6 0 0 0 0 0 0 0 0 0 0 0 0 0 0 0 0 0 1 0 0 5 0 0 0 0 0 2 0 0 0 0 0 0 0 0 0 0 0 0 0 0 0 0 0 0 0 0 0 0 0 1 0 0 0 0 2 1081 0 0 0 0 0 0 1 15 0 1 0 0 0 0 0 2 5 0 0 0 0 0 0 0 0 1 0 0 0 0 0 0 0 0 0 0 0 0 0 0 0 33 4 0 2 0 0 0 0 0 0 0 0 0 0 1 0 0 0 0 0 0 6 2 0 0 0 0 0 0 0 0 1 0 0 0 12 0 0 0 0 0 0 0 0 0 0 0 0 0 0 0 4 0 0 0 0 0 0 0 0 2 0 0 1 3 0 0 0 0 0 3 0 0 0 0 0 0 1 0 0 63 0 0 0 1 0 0 0 0 0 3 2 0 0 0 0 0 0 0 4 0 0 0 0 0 0 0 4 0 0 0 0 0 0 0 0 0 0 0 0 0 0 15 0 0 12 1 0 0 22 0 2 0 
150 4846 0 3 0 0 0 0 1 0 0 1 0 0 0 0 0 0 0 4 0 0 8 0 0 0 0 1 0 0 0 0 0 0 1 0 0 1 0 0 1 0 0 19 0 0 0 0 0 11 0 0 0 0 0 3 2 0 0 0 0 0 0 16 0 0 0 0 0 0 0 0 0 0 0 0 0 0 6 3993 0 1 0 0 0 0 0 71 0 14 5 0 0 1 1 14 4 0 0 0 0 0 0 0 0 1 0 0 0 0 0 0 0 1 1 0 1 0 0 0 1 136 8 3 3 0 0 0 0 0 0 0 0 0 0 5 18 0 0 0 0 0 14 8 1 0 0 0 0 0 0 1 3 0 0 0 62 0 0 0 1 0 0 1 0 0 0 0 0 0 0 0 19 0 0 0 0 0 0 0 0 6 1 0 15 0 0 0 0 0 0 15 1 0 3 0 0 0 1 0 0 119 1 0 0 1 0 0 0 1 0 16 2 0 0 0 0 0 0 1 19 0 0 0 0 0 0 0 51 0 0 0 0 0 0 0 0 0 0 0 0 1 4 18 0 0 27 11 0 0 56 0 4 0 
151 546 0 0 0 0 0 0 2 0 0 0 0 0 0 0 0 0 0 1 0 0 4 0 0 0 0 0 0 0 0 0 0 0 0 0 0 0 1 0 1 0 0 6 0 0 0 0 0 2 0 0 0 0 0 1 0 0 0 0 0 0 0 0 0 0 1 0 0 0 1 0 0 0 0 0 0 0 3 412 0 0 0 0 0 0 0 9 0 1 0 0 0 0 2 2 11 0 0 0 0 0 0 0 0 0 0 0 0 0 0 0 0 0 0 0 0 0 0 0 0 16 0 0 1 0 0 0 0 0 0 0 0 0 0 0 0 0 0 0 0 0 3 1 1 0 0 0 0 0 0 0 1 0 0 0 3 0 0 0 0 0 0 0 0 0 0 0 0 0 0 0 6 0 0 0 0 0 0 0 0 1 0 0 1 0 0 0 0 0 0 0 0 0 0 0 0 0 0 0 0 12 0 0 0 2 0 0 0 0 0 1 2 0 0 0 0 0 0 0 3 0 0 0 0 0 0 0 0 0 0 0 0 0 0 0 0 0 0 0 0 0 0 6 0 0 5 4 0 1 12 0 4 0 
152 3758 0 0 0 0 0 0 5 0 0 1 0 0 0 0 0 0 0 5 0 0 18 0 0 0 0 1 3 2 0 0 0 0 0 0 0 0 0 0 0 0 0 30 0 0 0 0 0 33 0 0 0 0 0 4 2 0 0 0 0 0 1 2 0 0 0 0 0 0 4 0 0 0 0 0 0 0 10 2989 0 2 0 0 0 0 4 58 0 9 2 0 0 0 3 8 9 0 0 0 0 0 0 0 0 1 0 0 0 0 0 0 0 0 0 0 3 0 0 0 2 120 4 0 9 0 0 0 0 0 0 0 0 0 0 1 0 1 0 0 0 0 19 10 4 0 0 0 0 1 0 0 4 0 0 0 12 0 0 0 0 0 0 0 0 0 0 0 1 0 0 0 41 0 0 0 0 0 0 0 0 13 0 0 29 1 0 0 0 0 0 23 1 0 0 0 0 0 5 0 0 52 0 0 0 1 0 0 0 2 0 23 1 0 0 0 0 0 0 0 11 0 0 0 0 0 0 0 24 0 0 0 0 0 0 0 0 0 0 0 0 0 0 15 0 0 45 11 1 0 58 0 3 0 
153 4537 1 0 0 0 1 0 2 0 0 1 0 1 0 0 0 0 0 5 0 0 31 0 0 0 0 1 2 0 0 0 0 0 0 0 0 3 0 0 0 0 0 30 0 0 0 0 0 46 0 0 0 0 0 2 2 0 0 0 0 0 0 21 0 0 0 0 0 0 2 0 0 0 0 0 0 0 12 3747 0 2 0 2 0 0 6 51 0 11 3 0 0 0 1 4 18 0 0 0 1 0 0 0 0 0 0 0 0 0 0 0 0 1 1 0 0 0 0 0 5 117 0 0 14 0 0 0 0 1 0 0 0 0 0 2 1 1 0 0 0 0 8 5 0 0 0 0 0 0 1 0 2 0 2 0 22 0 0 0 0 1 0 0 0 0 0 0 0 0 0 0 22 0 0 0 1 0 0 0 0 6 0 0 20 0 0 0 0 0 0 20 4 0 0 0 0 1 2 0 0 39 0 0 0 4 0 1 0 9 0 10 5 0 0 0 0 0 0 0 29 0 0 0 0 0 0 0 24 0 0 0 0 0 0 1 0 0 0 0 0 0 1 19 1 0 44 12 0 2 59 1 6 0 
154 5612 0 1 0 0 0 0 3 0 0 1 0 0 0 0 0 1 0 1 0 0 40 0 0 0 0 0 0 0 0 0 0 0 1 0 0 1 0 0 1 0 0 46 0 0 0 1 0 33 0 0 0 0 0 6 0 0 0 0 0 0 2 9 0 0 0 0 0 0 4 0 0 0 0 0 0 0 16 4776 0 2 0 0 0 0 9 72 0 17 1 0 0 0 1 5 17 0 0 0 0 0 0 0 0 0 0 2 0 0 0 0 0 1 0 0 3 0 0 0 0 143 2 1 14 0 0 0 0 0 0 0 0 0 0 3 0 0 1 0 0 0 13 3 0 0 0 0 0 0 1 0 4 0 1 0 12 0 0 0 0 0 0 0 2 0 0 0 0 0 0 0 19 0 0 0 0 0 0 0 0 12 0 0 12 0 0 0 0 0 0 26 1 0 0 0 0 0 1 0 1 46 0 0 0 7 0 0 0 1 0 6 3 0 0 0 0 0 0 0 17 0 0 0 0 0 0 0 30 0 0 0 0 0 0 0 0 0 1 0 0 0 7 27 0 0 41 7 1 3 59 1 5 0 
155 6475 0 1 0 0 0 0 1 0 0 0 0 3 0 0 0 0 0 0 0 0 46 1 0 0 0 0 2 1 1 0 0 0 2 0 0 0 0 0 2 0 0 38 0 0 0 0 0 28 0 0 0 0 0 6 2 0 0 0 0 0 1 8 0 0 0 0 0 0 5 0 0 0 0 0 1 0 15 5590 0 2 0 0 0 0 4 74 0 12 0 0 0 0 0 18 10 0 0 0 0 0 0 0 0 1 0 0 0 0 0 0 1 1 0 0 0 0 0 0 4 157 0 0 14 0 0 0 0 1 0 0 0 0 0 3 1 0 0 0 0 0 11 2 1 0 0 0 0 0 2 1 4 0 1 0 14 0 0 0 0 0 0 0 0 1 0 0 4 0 0 0 16 0 0 0 1 0 0 0 0 6 0 0 17 10 0 0 0 0 0 25 1 0 2 0 0 0 3 0 0 76 1 0 0 6 0 0 0 1 2 15 0 0 0 0 0 0 0 0 27 0 0 0 0 0 0 0 35 0 0 0 0 0 0 1 0 0 1 0 0 0 4 17 1 0 23 7 0 4 63 1 5 0 
156 6546 0 1 0 0 0 0 0 0 0 3 0 4 0 0 0 1 0 2 0 0 58 0 0 0 0 2 0 1 0 0 0 0 0 0 0 1 0 0 0 0 0 44 0 0 0 0 0 29 0 0 0 0 0 4 2 0 0 0 0 0 0 5 0 0 0 0 0 0 3 0 0 0 1 0 1 2 12 5660 0 2 0 0 0 0 7 59 0 18 2 0 0 0 1 16 10 0 0 0 0 0 0 0 1 0 0 1 1 0 0 0 0 0 0 0 0 0 0 0 4 141 3 1 7 0 0 0 0 2 0 0 0 0 0 3 2 0 0 0 0 0 21 2 3 0 0 0 0 0 1 3 7 0 2 0 18 0 0 0 0 0 0 0 0 0 0 0 0 1 0 0 21 0 0 0 0 0 0 0 0 6 0 0 9 1 0 0 0 0 0 22 3 0 3 0 0 1 2 0 0 70 3 0 0 3 0 0 0 2 0 8 2 0 0 0 0 0 0 0 16 0 0 0 0 0 0 0 34 0 0 0 0 0 1 0 0 0 0 0 0 0 2 25 1 0 49 17 0 2 57 0 8 1 
157 6675 0 0 0 0 0 0 1 0 0 5 0 3 1 0 0 0 0 0 0 0 64 0 0 0 0 0 0 0 0 0 0 0 0 0 0 0 0 0 0 0 0 30 0 0 0 0 0 18 1 1 1 0 0 6 0 0 1 0 0 0 0 13 0 0 0 0 0 0 4 0 0 0 2 0 1 1 13 5809 0 2 0 0 0 0 4 58 0 17 8 0 0 0 0 7 13 0 0 0 0 0 1 0 0 1 0 1 0 0 0 0 0 1 0 0 1 0 0 0 2 145 4 0 4 1 0 0 0 0 0 0 0 0 0 5 1 0 0 0 0 0 16 1 0 0 0 0 0 0 0 0 8 1 6 0 28 0 0 0 0 0 0 0 1 0 0 0 0 0 0 0 17 0 0 0 0 0 0 0 0 3 0 0 20 3 0 0 0 0 0 22 0 0 3 0 0 0 8 0 0 96 2 0 0 1 0 2 0 4 0 16 1 0 0 0 0 0 0 0 14 0 1 0 0 0 0 0 26 0 0 0 0 0 0 0 0 0 0 0 0 0 6 9 0 0 37 9 0 3 51 0 7 0 
158 6061 1 0 0 1 0 0 2 0 0 4 0 0 0 0 0 0 0 1 0 0 80 0 0 0 0 3 4 0 0 0 0 0 0 0 0 2 0 0 1 0 1 28 0 0 0 0 0 26 0 0 0 0 0 4 3 0 0 0 0 0 0 10 0 0 0 0 0 0 6 0 0 1 2 0 1 1 8 5217 0 0 0 0 0 0 2 28 2 14 2 0 0 0 0 7 13 0 0 0 0 0 0 0 0 0 0 2 0 0 0 0 0 0 0 0 0 0 0 0 3 138 5 0 7 0 0 0 0 0 0 0 0 0 0 7 0 0 0 0 0 0 8 1 2 0 0 0 1 0 0 0 4 0 1 0 20 0 0 0 0 1 0 0 2 0 1 0 1 0 0 0 31 0 0 0 0 0 0 0 0 4 0 0 11 0 0 0 0 1 0 25 1 0 1 0 0 0 3 0 0 112 0 0 0 0 0 0 0 6 0 21 2 0 0 0 0 0 0 0 10 0 1 0 0 0 0 0 28 0 0 0 0 0 0 0 0 0 0 0 0 0 9 8 1 0 43 5 0 4 39 0 12 1 
159 4628 0 2 0 1 0 0 1 0 0 2 0 2 0 0 0 0 0 6 0 0 72 0 0 0 0 2 1 0 0 0 0 0 0 0 0 0 1 0 0 0 0 22 0 0 0 0 0 19 0 0 0 0 0 2 1 0 0 0 0 0 1 10 0 0 2 0 0 0 1 0 0 1 2 0 0 0 14 3800 0 2 0 0 0 0 9 46 0 14 1 0 0 0 1 13 8 0 0 0 0 0 1 0 0 0 0 5 0 0 0 0 0 2 1 0 0 0 0 0 2 125 17 1 7 0 0 0 0 1 0 0 0 0 0 4 0 1 0 0 0 0 12 0 1 0 0 0 1 0 0 0 5 0 1 0 22 0 0 0 0 0 0 1 4 0 0 0 0 0 0 0 27 0 0 0 1 0 0 0 0 2 0 0 11 3 0 0 0 0 0 28 0 0 3 0 0 2 5 0 1 114 3 0 0 6 0 0 0 4 0 11 4 0 0 0 0 0 0 0 5 0 0 0 0 0 0 0 19 0 0 0 0 0 0 0 0 0 0 0 0 0 10 9 0 0 29 12 0 0 33 0 12 0 
160 2932 1 0 0 0 0 0 2 0 0 0 0 3 0 0 0 0 0 2 0 0 71 0 0 0 0 0 0 0 1 0 0 0 0 0 0 0 1 0 1 0 3 28 0 0 0 0 0 27 0 0 0 0 0 4 0 0 1 0 0 0 0 2 0 0 0 0 0 0 3 0 0 0 0 0 0 1 10 2164 0 1 0 1 0 0 1 37 1 12 0 0 0 1 2 6 10 0 0 0 0 0 0 0 0 0 0 1 0 0 0 0 0 0 1 0 0 0 0 0 1 118 3 2 3 0 0 0 0 1 0 0 0 0 0 8 1 0 0 0 0 0 12 0 1 0 0 0 1 0 0 2 4 1 2 0 19 0 0 0 3 1 0 0 1 0 0 0 0 0 0 0 18 0 0 0 0 0 0 0 0 7 0 0 19 5 0 0 0 0 0 17 3 1 1 0 0 0 2 0 1 127 0 0 0 2 0 0 0 1 0 19 0 0 0 0 0 0 0 0 6 0 0 0 0 0 0 0 18 0 0 0 0 0 0 0 0 0 0 0 1 0 2 5 0 0 40 5 0 1 39 0 9 0 
161 1911 1 1 0 0 0 0 1 0 0 0 0 1 0 0 0 0 0 0 0 0 81 0 0 0 0 1 0 2 0 0 0 0 0 0 0 0 1 0 1 0 0 8 0 0 0 0 0 26 0 0 1 0 0 2 2 0 1 0 1 0 0 1 0 0 3 0 0 0 5 0 0 0 1 0 0 0 20 1149 0 2 0 1 0 0 6 55 0 9 1 0 0 0 0 5 14 0 0 0 0 0 0 0 0 0 0 2 0 0 0 0 1 0 2 0 0 0 0 0 2 63 9 2 12 0 0 0 0 2 0 0 0 0 0 4 3 0 0 0 0 0 16 3 0 0 0 0 0 0 0 0 1 0 3 0 13 0 0 0 0 0 0 1 2 0 0 0 0 0 0 0 25 0 0 0 0 0 0 0 0 1 0 0 16 2 0 0 0 0 0 5 1 0 3 0 0 0 6 0 2 154 1 0 0 3 0 0 0 3 0 19 1 0 0 0 0 0 0 0 4 0 0 0 0 0 0 0 14 0 0 0 0 0 0 0 0 0 0 0 0 0 5 2 2 0 47 21 0 0 22 0 5 1 
162 1515 0 1 0 0 0 0 3 0 0 0 0 0 0 0 0 0 0 3 0 0 59 0 0 0 0 1 0 2 1 0 0 0 1 0 0 0 0 0 0 0 0 6 0 0 0 0 0 31 0 0 0 0 0 1 2 0 1 0 0 0 0 1 0 0 2 0 0 0 11 0 0 1 0 0 0 0 12 810 0 2 0 1 0 0 7 83 1 14 1 0 0 0 0 3 21 0 0 0 0 0 0 0 1 0 0 0 0 0 1 0 0 0 2 0 0 0 0 0 2 41 2 1 7 0 0 0 0 0 0 0 0 0 2 2 1 0 0 0 0 0 8 2 0 0 0 0 0 0 1 2 1 0 0 0 24 0 0 0 0 0 0 2 1 0 0 0 0 0 0 0 10 0 0 0 0 0 0 0 0 2 0 0 12 1 0 0 0 0 0 4 3 1 5 0 0 1 4 0 0 175 0 0 0 1 0 0 0 1 1 18 0 0 0 0 0 0 0 0 3 0 0 0 0 0 0 0 16 0 0 0 0 0 1 0 0 0 0 0 0 0 7 3 0 0 24 14 0 3 12 0 3 0 
163 1102 0 3 0 1 0 0 1 0 0 0 0 4 0 0 0 0 0 6 0 0 68 0 0 0 0 0 0 1 0 0 0 0 0 0 0 0 0 0 2 0 0 4 0 0 0 1 0 54 0 0 0 0 0 3 1 0 1 0 0 0 1 0 0 0 3 0 0 0 17 0 0 0 0 0 0 0 13 427 0 1 0 0 0 0 7 60 2 11 0 0 0 0 1 6 10 0 0 0 0 0 0 0 0 0 1 0 0 0 0 0 0 0 0 0 0 0 0 0 3 25 3 0 17 0 0 0 0 0 0 0 0 0 3 4 0 1 0 0 0 0 9 3 0 0 0 0 0 0 1 4 0 0 0 0 13 1 0 0 1 1 0 3 0 0 0 0 1 0 0 0 23 0 0 0 0 0 0 0 0 1 0 0 6 4 0 0 0 0 0 3 7 0 8 0 0 3 6 0 0 160 1 0 0 2 0 0 0 0 0 18 1 0 0 0 0 0 0 0 1 0 0 0 0 0 0 0 13 0 0 0 0 0 0 2 0 0 0 0 0 0 1 3 1 0 13 9 0 4 5 1 2 1 
164 1083 0 0 0 0 0 0 2 0 0 0 0 0 0 0 0 0 0 2 0 0 94 0 0 0 0 2 4 0 0 0 0 0 0 0 0 1 0 0 2 0 0 4 0 0 0 0 0 71 0 0 0 0 0 2 0 0 1 0 0 0 0 0 1 0 1 0 0 0 11 0 0 2 1 0 0 1 6 431 0 1 0 0 0 0 3 54 0 22 0 0 0 0 0 5 22 0 1 0 0 0 0 0 0 0 0 0 0 0 0 0 0 0 0 0 0 0 0 0 2 8 12 2 17 0 0 0 0 1 0 0 0 0 1 7 1 1 0 0 0 0 11 3 0 0 0 0 1 0 0 1 0 3 0 0 19 0 0 0 0 0 0 1 1 0 0 0 0 0 0 0 7 0 0 0 0 0 0 0 0 1 0 0 7 0 0 0 0 0 0 0 2 0 1 0 0 0 7 0 0 140 1 0 0 2 0 0 0 2 0 13 1 0 1 0 0 0 0 0 1 0 0 0 0 2 0 0 8 0 0 0 0 0 0 2 0 0 0 0 0 0 10 6 0 0 10 4 0 3 6 1 3 0 
165 1273 0 0 0 0 2 0 0 0 0 0 0 3 0 0 0 0 0 5 0 0 76 0 0 0 0 2 0 1 0 0 0 0 0 0 0 0 0 0 1 0 0 13 0 0 0 0 0 46 0 0 0 0 0 0 0 0 0 0 0 0 0 4 0 0 0 0 0 0 17 0 0 0 3 0 0 0 3 686 0 1 0 0 0 0 6 38 0 19 0 0 0 0 0 7 24 0 0 0 0 0 1 0 0 0 0 0 0 0 0 0 1 0 0 0 0 0 0 0 0 7 5 0 13 0 0 0 0 0 0 0 0 0 0 10 2 1 0 0 0 0 12 1 0 0 0 0 2 0 0 3 0 0 5 0 17 0 0 0 0 0 0 1 1 0 0 0 0 0 0 0 5 0 0 0 0 1 0 0 0 3 0 0 4 3 0 0 0 0 0 1 1 0 0 0 0 0 4 0 0 140 3 0 0 1 0 0 0 0 1 10 0 0 0 0 0 0 0 0 3 0 0 0 0 0 0 0 18 0 0 0 0 0 0 3 0 0 1 0 0 0 7 9 0 0 3 5 0 3 3 0 1 0 
166 1738 0 0 0 0 0 0 0 0 0 0 0 1 0 0 0 0 0 0 0 0 121 2 0 0 0 0 0 0 0 0 0 0 0 0 0 2 0 0 1 0 0 14 0 0 0 0 0 24 0 0 0 0 0 3 0 0 1 0 0 0 0 0 0 0 3 0 0 0 15 0 0 1 1 0 0 1 3 1137 0 1 0 1 0 0 6 25 0 10 0 0 0 0 0 1 10 0 0 0 0 0 1 0 0 0 0 0 0 0 0 0 0 0 0 2 0 0 0 0 0 12 7 0 15 0 0 0 0 0 0 0 0 0 0 0 0 0 0 0 0 0 10 2 0 0 0 0 0 0 0 1 1 0 0 0 33 0 0 0 0 0 0 3 4 0 0 1 0 0 0 0 9 0 0 0 0 0 0 0 0 4 0 0 2 6 0 0 0 0 0 8 2 0 1 0 0 0 4 0 0 166 1 0 0 1 0 0 0 1 0 7 0 0 0 0 0 0 0 0 1 0 0 0 0 0 0 0 12 0 0 0 0 0 0 0 0 0 0 0 0 0 4 5 0 0 2 2 0 3 17 0 4 0 
167 2003 0 0 0 0 0 0 3 0 0 0 1 0 0 0 0 1 0 0 0 0 106 0 0 0 0 0 0 0 0 0 0 0 0 0 0 0 0 0 0 0 0 18 0 0 0 0 0 25 0 0 0 0 0 0 0 0 0 0 0 0 0 6 0 0 4 0 0 0 5 0 0 0 3 0 0 0 0 1426 0 0 0 0 0 0 10 7 1 4 0 0 0 0 0 0 5 0 0 0 0 0 0 0 0 0 0 3 0 0 0 0 0 0 0 0 0 0 0 0 0 36 9 0 6 0 0 0 0 0 0 0 0 0 1 2 0 0 0 0 0 0 3 7 0 0 0 0 0 0 0 4 1 0 4 0 25 0 0 0 0 0 0 2 3 0 0 0 0 0 0 0 3 0 0 0 0 0 0 0 0 6 0 0 1 4 0 0 0 0 0 12 0 1 0 0 0 0 6 0 0 178 0 0 0 0 0 0 0 1 2 2 1 0 0 0 0 0 0 0 6 0 0 0 0 0 0 0 4 0 0 0 0 0 0 0 0 0 0 0 0 0 12 3 0 0 3 1 0 1 18 0 4 0 
168 2243 0 0 0 0 0 0 1 0 0 3 0 2 0 0 0 1 0 0 0 0 127 1 0 0 0 0 0 0 0 0 0 0 0 0 0 0 0 0 0 0 0 10 0 0 0 1 0 6 0 0 0 0 0 1 0 0 0 0 0 0 0 10 0 0 2 0 0 0 4 0 0 0 0 0 0 0 3 1681 0 0 0 0 0 0 0 3 2 0 1 0 0 0 0 5 3 0 0 0 0 0 0 0 0 0 0 0 0 0 0 0 0 0 0 0 0 0 0 0 0 45 8 0 3 0 0 0 0 0 0 0 0 0 0 0 0 0 0 0 0 0 3 3 0 0 0 0 0 1 0 2 1 0 4 0 30 0 0 0 0 0 0 2 5 0 0 0 0 0 0 0 2 0 0 0 0 0 0 0 0 2 0 0 1 6 0 0 0 0 0 14 1 0 2 0 0 0 4 0 0 165 1 0 0 0 0 0 0 1 0 1 0 0 0 0 0 0 0 0 7 0 0 0 0 0 0 0 1 1 0 0 0 0 0 0 0 0 0 0 1 0 5 7 0 0 1 1 0 1 38 0 5 0 
