day total blank BD BF BG BA BB BE BL BM BN BO BH BI BJ BT JM BV BW WS BQ BR BS JE BY BZ RU RW RS LT RE TM TJ RO TK GW GU GT GS GR GQ GP JP GY GG GF GE GD GB GA GN GM GL GI GH OM TN JO WF HR HT HU HK HN HM VE PR PS PW PT KN AF IQ PA PF PG PE PK PH PN PL PM ZM EH EE EG ZA EC IT VN SB ET SO ZW SA ES ER ME MD MG MF MA MC UZ MM ML MO MN MH MK MU MT MW MV MQ MP MS MR IM UG MY MX IL FR AW SH AX SJ FI FJ FK FM FO NI NL NO NA VU NC NE NF NG NZ NP NR NU CK XK CI CH CO CN CM CL CC CA CG CF CD CZ CY CX CR PY CW CV CU SZ SY SX KG KE SS SR KI KH SV KM ST SK KR SI KP KW SN SM SL SC KZ KY SG SE SD DO DM DJ DK DE YE DZ US UY YT UM LB LC LA TV TW TT TR LK LI LV TO TL LU LR LS TH TF TG TD TC LY VA VC AE AD AG VG AI VI IS IR AM AL AO AN AQ AS AR AU AT IO IN TZ AZ IE ID UA QA MZ 
0 900 0 0 0 0 0 0 2 0 0 0 0 0 0 0 0 0 0 0 0 0 50 0 0 0 0 1 0 1 0 0 0 0 0 0 0 0 0 0 0 0 0 2 0 0 0 1 0 8 0 0 0 0 0 0 0 0 0 0 0 0 1 0 0 0 1 0 0 0 0 0 0 1 0 0 0 0 1 4 0 0 0 0 0 0 0 2 0 1 0 0 0 0 0 1 1 0 0 0 0 0 0 0 0 0 0 0 0 0 0 0 0 0 0 0 0 0 0 0 0 1 7 0 7 0 0 0 0 0 0 0 0 0 1 1 1 0 0 0 0 0 2 0 0 0 0 0 0 0 0 4 0 0 2 0 5 0 0 0 0 5 0 0 0 0 0 0 0 0 0 0 0 0 0 0 0 0 0 0 0 0 0 0 2 1 0 0 0 0 0 0 0 0 0 0 0 1 3 0 0 36 0 0 0 0 0 0 0 0 0 709 0 0 0 0 0 0 0 0 1 0 0 0 0 0 0 0 2 0 0 0 0 0 0 0 0 0 0 0 0 0 3 1 6 0 0 0 17 0 4 0 0 0 
1 547 0 0 0 0 0 0 1 0 0 0 0 0 0 0 0 0 0 0 0 0 35 0 0 0 0 2 0 0 0 0 0 0 0 0 0 0 0 0 0 0 0 0 0 0 0 0 0 4 0 0 0 0 0 0 0 0 0 0 0 0 0 0 0 0 3 0 0 0 0 0 0 4 0 0 0 0 0 8 0 0 0 0 0 0 1 0 0 2 0 0 0 0 0 1 1 0 0 0 0 0 0 0 0 0 0 0 0 0 0 0 0 0 0 0 0 0 0 0 0 7 0 0 2 0 0 0 0 0 0 0 0 0 0 0 0 0 0 0 0 0 0 0 0 0 0 0 0 0 0 1 1 0 0 0 3 0 0 0 0 2 0 0 0 0 0 0 0 0 0 0 0 0 0 0 0 0 0 0 0 0 0 0 0 0 0 0 0 0 0 0 0 0 1 0 0 0 2 0 0 31 1 0 0 0 0 0 0 0 0 415 1 0 0 0 0 0 0 0 1 0 0 0 0 0 0 0 1 0 0 0 0 0 0 0 0 0 0 0 0 0 3 2 3 0 0 0 3 0 3 0 0 0 
2 982 0 0 0 0 0 0 0 0 0 0 0 0 0 0 0 0 0 0 0 0 31 0 0 0 0 0 0 0 0 0 0 0 0 0 0 0 0 0 0 0 0 0 0 0 0 0 0 5 0 0 0 0 0 0 0 0 0 0 0 0 0 1 0 0 3 0 0 0 0 0 0 0 1 0 0 1 1 11 0 0 0 0 0 0 1 0 0 1 0 0 0 0 0 1 0 0 0 0 0 0 0 0 0 0 0 0 0 0 0 0 0 0 0 0 0 0 0 0 0 4 3 0 1 0 0 0 0 0 0 0 0 0 0 0 0 0 0 0 0 0 0 0 0 0 0 0 0 0 1 0 0 0 1 0 2 0 0 0 0 2 0 0 1 0 0 2 0 0 0 0 0 0 0 0 0 0 0 0 0 0 0 0 1 1 0 0 0 0 0 0 0 0 1 0 0 0 2 0 0 47 0 0 0 0 0 0 0 0 0 826 2 0 0 0 0 0 0 0 0 0 0 0 0 0 0 0 0 0 0 0 0 0 0 0 0 0 0 0 0 0 5 1 0 0 0 0 1 0 4 0 0 0 
3 700 0 0 0 0 0 0 1 0 0 0 0 0 0 0 0 0 0 0 0 0 8 0 0 0 0 0 0 0 0 0 0 0 0 0 0 0 1 0 0 0 0 0 0 0 0 0 0 7 0 0 0 0 0 0 0 0 0 0 0 0 0 1 0 0 1 0 0 0 0 0 0 4 0 0 0 1 0 3 0 0 0 0 0 0 0 0 1 0 0 0 0 0 0 1 0 0 0 0 0 0 0 0 0 0 0 0 0 0 0 0 0 0 0 0 0 0 0 0 0 4 8 0 0 0 0 0 0 0 0 0 0 0 0 1 0 0 0 0 0 0 0 0 0 0 0 0 0 0 1 1 1 0 1 0 4 0 0 0 0 4 0 0 1 0 0 0 0 0 0 0 0 0 0 0 0 0 0 0 0 0 0 0 1 0 0 0 0 0 0 0 1 0 0 0 0 0 0 0 0 80 0 0 0 0 0 0 0 0 0 537 0 0 0 0 0 0 0 0 0 0 0 0 0 0 0 0 0 0 0 0 0 0 0 0 0 0 0 0 0 0 5 2 0 0 4 0 2 0 4 0 0 0 
4 1487 0 0 0 0 0 0 1 0 0 0 0 0 0 0 0 1 0 0 0 0 18 0 0 0 0 1 0 0 0 0 0 0 2 0 0 0 0 0 2 0 0 1 0 0 0 0 0 5 0 0 0 0 0 0 0 0 0 0 0 1 0 0 0 0 1 0 0 0 0 0 0 3 0 0 0 1 0 11 0 0 0 0 0 0 0 3 0 0 1 0 0 0 0 4 0 0 0 0 0 0 0 0 1 0 0 0 1 0 0 0 0 0 0 0 0 0 0 0 0 10 4 0 0 0 0 0 0 3 0 0 0 0 0 8 0 0 0 0 0 0 0 0 0 0 0 0 0 0 0 1 2 0 0 0 4 0 0 0 0 9 0 0 0 0 0 0 0 0 0 0 0 0 0 0 0 0 0 0 0 0 0 0 0 1 0 0 0 0 0 0 0 0 0 0 0 1 1 0 0 54 0 0 0 2 0 0 0 1 0 1298 0 0 0 0 0 0 0 0 0 0 0 0 0 0 0 0 2 0 0 0 0 0 0 0 0 0 0 0 0 0 1 7 0 0 5 0 8 0 5 0 0 0 
5 2725 0 0 0 2 0 0 4 0 0 1 0 0 0 0 0 0 0 2 0 0 6 0 0 0 0 3 0 1 0 0 0 0 5 0 0 0 0 0 8 0 0 1 0 0 0 0 0 19 0 0 0 0 0 0 0 0 1 0 0 0 1 0 0 0 1 0 0 0 0 0 0 5 1 0 0 1 0 12 0 0 0 0 0 0 0 7 0 7 0 0 1 0 0 8 0 0 0 0 0 0 0 0 1 0 0 0 0 0 0 0 0 0 0 0 0 0 0 0 0 5 2 0 3 0 0 0 0 0 0 0 0 0 0 4 0 0 0 0 0 0 0 0 0 0 0 0 0 0 0 0 2 0 0 0 1 0 0 0 1 22 0 0 0 0 0 0 0 0 0 0 2 0 0 0 0 0 0 0 0 0 0 0 0 0 0 0 0 0 0 0 5 0 0 0 0 0 19 0 0 80 0 0 0 1 0 0 0 0 0 2451 0 0 0 0 0 0 0 0 1 0 0 0 0 0 0 0 2 0 0 0 0 0 0 1 0 0 0 0 0 0 1 1 1 0 5 0 9 0 4 0 0 0 
6 3398 0 0 0 0 5 0 3 0 0 0 1 0 0 0 0 0 0 0 0 0 3 0 0 0 0 3 0 0 0 0 0 0 1 0 0 0 0 0 11 0 0 2 0 0 0 0 0 6 0 0 0 0 0 0 2 0 0 0 0 0 2 1 0 0 0 0 0 0 0 0 0 6 0 0 0 1 0 7 0 1 0 0 0 0 0 11 0 20 0 0 0 0 0 4 2 0 0 0 0 0 0 0 4 0 0 0 0 0 0 0 0 1 0 0 0 0 0 0 0 6 0 0 12 0 0 0 0 0 0 0 0 0 0 7 0 0 0 0 0 0 0 0 0 0 0 0 0 0 2 0 1 0 1 0 1 0 0 0 0 21 0 0 0 0 0 0 0 0 0 0 1 0 0 0 0 0 0 0 0 0 0 0 1 0 0 0 0 0 0 0 3 1 0 0 0 0 18 0 0 40 0 0 0 0 0 0 0 0 0 3140 0 0 0 0 0 0 0 0 2 0 0 0 0 0 0 0 1 0 0 0 0 0 0 0 0 2 0 0 0 0 1 0 0 0 5 0 25 0 5 0 0 0 
7 3778 0 0 0 5 0 0 2 0 0 0 0 0 0 0 0 0 0 0 0 0 1 0 0 0 0 13 0 1 0 0 0 0 0 0 0 0 0 0 8 0 0 8 0 0 0 1 0 13 0 0 0 0 0 0 0 0 0 0 1 0 3 0 0 0 0 0 0 0 2 0 0 1 0 0 0 0 2 11 0 4 0 0 0 0 2 12 0 5 0 0 2 0 1 5 2 0 0 0 0 0 1 0 2 0 0 0 0 0 1 0 0 0 0 0 0 0 0 0 0 6 0 2 27 0 0 0 0 0 0 0 0 0 0 7 0 0 0 0 0 0 0 0 0 0 0 0 0 0 6 0 3 0 0 0 1 0 0 0 3 29 0 0 0 0 0 0 0 0 0 0 0 0 0 0 0 0 0 0 0 0 0 0 0 0 0 0 0 0 0 0 6 0 0 0 0 1 21 0 0 21 0 0 0 0 0 0 0 0 0 3450 1 0 0 0 0 0 0 0 1 0 0 0 0 0 0 0 6 0 0 0 0 0 0 2 0 0 0 0 0 0 1 2 7 0 8 1 39 0 11 0 0 0 
8 3910 0 0 0 4 4 0 6 0 0 0 0 0 0 0 0 1 0 0 0 0 2 0 0 0 0 11 0 0 0 0 0 0 1 0 0 0 0 0 14 0 0 2 0 0 0 1 0 10 0 0 0 0 0 0 0 0 0 0 0 0 2 1 0 0 0 0 0 0 0 0 0 2 0 0 0 0 1 15 0 3 0 0 0 0 4 4 0 16 0 0 0 0 0 3 3 0 0 0 0 0 0 0 0 0 0 0 0 0 1 0 0 0 0 0 0 0 0 0 0 7 0 0 35 0 0 0 0 1 0 0 0 0 0 5 0 0 0 0 0 0 2 0 1 0 0 0 1 0 7 1 0 0 0 0 1 0 0 0 3 17 0 0 0 0 0 0 0 0 0 1 1 0 0 0 0 0 0 0 0 0 0 0 3 0 0 0 0 0 0 0 3 0 0 0 0 0 19 0 0 24 0 0 0 0 0 0 0 0 0 3622 1 0 0 0 0 0 0 0 3 0 0 0 0 0 0 0 1 0 0 0 0 0 0 1 0 0 0 0 0 0 1 1 2 0 4 1 15 2 7 3 0 0 
9 4147 0 0 0 1 4 0 5 0 0 0 0 0 0 0 0 0 0 0 0 0 9 0 0 0 0 5 0 1 0 0 1 0 0 0 0 0 0 0 8 0 0 0 0 0 0 1 0 27 0 0 0 0 0 1 0 0 0 0 0 0 1 0 0 0 0 0 0 0 0 0 0 2 0 0 0 0 3 14 0 7 0 0 0 0 1 7 0 6 0 0 0 0 0 0 6 0 0 0 0 0 0 0 0 0 0 0 0 0 1 0 0 0 0 0 0 0 0 0 0 12 0 0 34 0 0 0 0 0 0 0 0 0 0 14 0 1 0 0 0 0 2 0 0 0 0 0 1 0 4 0 2 1 0 0 3 0 0 0 7 28 0 0 0 0 0 0 0 0 0 3 2 0 0 0 0 0 0 0 1 1 0 0 0 0 0 0 0 2 0 1 1 0 0 0 0 0 19 0 3 16 0 0 0 0 0 0 0 0 0 3816 1 0 0 0 0 0 0 0 0 0 0 0 0 0 0 0 3 0 0 0 0 0 0 2 0 0 0 0 0 0 0 7 4 0 13 0 16 1 8 1 0 0 
10 4114 0 0 0 1 4 0 1 0 0 0 0 0 0 0 0 0 0 0 0 0 6 0 0 0 0 6 0 1 1 0 1 0 0 0 0 0 0 0 4 0 0 0 0 0 0 1 0 19 0 0 0 0 0 1 0 0 0 0 0 0 3 1 0 0 0 0 0 0 1 0 0 3 0 0 0 0 0 23 0 1 0 0 0 1 1 10 0 4 0 0 0 0 0 1 3 0 0 0 0 0 1 0 1 0 0 0 0 0 1 0 6 0 0 0 0 0 0 0 0 7 0 0 23 0 0 0 0 0 0 0 0 0 0 13 0 0 0 0 0 0 1 0 0 0 0 0 3 0 10 1 5 0 0 0 1 0 0 0 3 36 0 0 0 0 0 0 0 0 0 0 2 0 0 0 0 0 0 0 0 1 0 0 4 1 0 0 0 1 0 0 1 0 0 0 0 4 27 0 1 23 0 0 0 0 0 0 0 0 0 3780 2 0 1 0 0 0 0 0 0 0 0 0 0 0 0 0 1 0 0 0 0 0 0 1 0 1 0 0 0 0 2 7 3 0 5 0 22 0 8 1 0 0 
11 3824 0 0 0 0 2 0 6 0 0 0 0 0 0 0 0 0 0 0 0 0 11 0 0 1 0 13 0 1 1 0 0 0 2 0 0 0 0 0 6 0 0 4 0 0 0 1 0 12 0 0 0 0 0 0 0 2 1 0 1 0 1 0 0 0 0 0 0 0 4 0 0 6 0 0 0 0 1 24 0 4 0 0 0 0 0 1 0 8 1 0 0 0 0 3 6 0 0 0 0 0 0 0 1 0 0 0 0 0 0 0 0 0 5 0 0 0 0 0 0 5 0 1 24 0 0 0 0 0 0 0 0 0 0 11 2 1 0 0 0 0 0 0 0 0 0 0 0 0 4 0 0 0 0 0 1 0 0 0 0 32 0 0 0 0 0 0 0 0 0 0 2 0 0 0 0 0 0 0 0 1 0 0 5 0 0 0 0 1 0 0 3 0 1 0 0 3 24 0 0 19 0 0 0 1 0 0 0 0 0 3487 0 0 0 0 0 0 0 0 2 0 0 0 0 0 0 0 1 0 0 0 0 0 1 0 0 0 0 0 0 0 0 3 6 0 2 0 34 0 7 5 0 0 
12 3556 0 0 0 3 0 0 3 0 0 1 0 0 0 0 0 0 0 0 0 0 12 0 0 0 0 11 0 0 1 0 0 0 0 0 0 0 0 0 1 0 0 2 0 0 0 0 0 18 0 0 0 0 0 0 0 0 1 0 0 0 1 0 0 0 0 0 0 0 0 0 0 5 0 0 0 0 1 19 0 4 0 0 0 0 3 4 0 6 0 0 0 0 0 4 8 0 1 0 0 0 1 0 0 0 0 0 0 0 1 0 0 0 0 0 0 0 0 0 0 8 1 3 21 0 0 0 0 0 0 0 0 0 0 7 0 0 0 0 0 0 1 0 0 0 0 0 1 0 3 0 2 0 1 0 3 0 0 0 1 21 0 0 0 0 0 0 0 0 0 0 1 0 0 0 0 0 0 0 0 1 1 0 0 1 0 0 0 1 0 0 0 0 1 0 0 2 25 0 0 16 0 0 0 0 0 0 0 1 0 3282 1 0 0 0 0 0 0 0 1 0 0 0 0 0 0 0 4 0 0 0 0 0 0 0 0 0 0 0 0 0 0 1 1 0 2 0 14 0 10 2 1 0 
13 4052 0 0 0 1 0 0 4 0 0 0 0 0 0 0 0 0 0 0 0 0 18 0 0 1 0 0 0 0 0 0 0 0 1 0 0 0 0 0 6 0 0 1 0 0 0 1 0 10 0 0 0 0 0 2 0 0 1 0 0 0 1 1 0 0 1 0 0 0 0 0 0 0 0 0 0 0 1 17 0 7 0 0 0 0 2 6 0 14 0 0 0 0 0 0 2 0 0 0 0 0 0 0 0 0 0 0 0 0 0 0 0 0 0 0 0 0 0 0 0 10 1 1 15 0 0 0 0 0 0 0 0 0 0 10 0 0 0 0 0 0 2 0 0 0 0 0 1 0 4 2 2 0 0 0 3 0 0 0 1 19 0 0 0 0 0 1 0 0 0 0 1 0 0 0 0 0 0 0 0 0 0 0 5 1 0 0 0 1 0 1 0 0 1 0 0 1 26 0 0 23 0 0 0 0 0 0 0 0 0 3779 0 0 0 0 0 0 0 0 0 0 0 0 0 0 0 0 3 0 0 0 0 0 0 0 0 0 0 0 0 0 2 0 0 0 2 0 24 2 7 0 0 0 
14 5003 0 0 0 2 3 1 8 0 0 0 0 1 0 0 0 0 0 0 0 0 22 0 0 1 0 0 0 1 2 0 0 0 0 0 0 0 0 0 6 0 0 3 0 0 0 2 0 15 0 0 0 0 0 1 0 0 1 0 0 0 10 4 0 0 1 0 0 0 0 0 0 2 0 0 0 1 0 26 0 2 0 0 0 0 3 4 0 7 0 0 0 0 0 2 6 0 0 0 0 0 0 0 0 0 0 0 0 0 0 0 0 0 0 0 0 0 0 0 0 10 2 0 10 0 0 0 0 0 0 0 0 0 0 33 0 0 0 0 0 0 0 0 0 0 0 0 1 0 3 1 1 0 1 0 3 0 0 0 4 27 0 0 0 0 0 1 0 0 0 0 0 0 0 0 0 1 0 0 0 1 0 0 4 2 0 0 0 0 0 2 48 0 0 0 0 1 31 0 4 43 0 0 0 0 0 0 0 0 0 4577 0 0 0 0 0 0 0 0 2 0 0 0 0 0 0 0 1 0 0 0 0 0 0 1 0 0 0 0 0 0 0 4 11 0 4 1 18 0 4 0 0 1 
15 4246 0 0 0 4 0 0 7 0 0 0 0 0 0 0 0 0 0 0 0 0 19 0 0 1 0 1 0 0 0 0 0 0 2 0 0 0 0 0 2 0 0 1 0 0 0 1 0 13 0 0 0 0 0 0 0 0 1 0 0 0 4 0 0 0 1 0 0 0 2 0 0 0 0 0 0 1 1 19 0 6 0 0 0 1 1 8 0 6 0 0 0 0 0 4 8 0 1 0 0 0 0 0 0 0 0 0 0 0 0 0 0 0 0 0 0 0 0 0 0 8 1 1 13 0 0 0 0 0 0 0 0 0 0 8 0 0 0 0 0 0 0 0 0 0 0 0 1 0 2 3 2 0 4 0 5 0 0 0 1 20 0 0 0 0 0 0 0 0 0 0 2 0 0 0 0 0 0 0 0 1 0 0 3 1 0 0 0 0 0 0 50 0 0 0 0 8 26 0 14 53 0 0 0 0 0 0 0 0 0 3856 1 0 0 0 0 0 0 0 3 0 0 0 0 0 0 0 6 0 0 0 0 0 0 1 0 0 0 0 0 0 2 0 1 0 8 0 11 0 8 0 0 0 
16 6316 0 3 0 0 3 0 6 0 0 0 0 0 0 0 0 1 0 0 0 0 19 0 0 0 0 2 0 1 1 0 0 0 0 0 0 0 0 0 4 0 0 5 0 0 0 2 0 14 0 0 0 0 0 0 0 1 1 0 0 0 0 0 0 0 1 0 0 0 0 0 0 3 0 0 0 0 3 15 0 2 0 0 0 0 1 5 0 7 0 0 0 0 0 0 0 0 0 1 0 0 0 0 0 0 0 0 0 0 1 0 1 0 0 0 0 0 0 0 0 9 3 0 19 0 0 0 0 0 0 0 0 0 0 5 0 0 0 0 0 0 1 0 0 0 0 0 0 0 14 0 5 0 2 0 7 0 0 0 2 31 0 0 0 0 0 0 0 0 0 0 1 0 0 0 1 0 0 0 0 3 0 0 3 2 0 0 0 0 0 1 0 0 0 0 0 3 38 1 0 23 0 0 0 1 0 0 0 0 0 5932 2 0 0 0 0 0 0 0 2 0 0 0 1 0 0 0 6 0 0 0 0 0 0 0 0 0 0 0 0 0 3 2 10 0 5 0 18 0 5 0 0 0 
17 6208 0 0 0 2 5 0 9 0 0 0 0 0 0 0 0 0 0 0 0 0 17 0 0 0 0 6 0 1 0 0 0 0 1 0 0 0 0 0 3 0 0 0 0 0 0 1 0 17 0 0 0 0 0 0 0 1 0 0 0 0 0 0 0 0 1 0 0 0 1 0 0 2 0 0 0 0 3 4 0 7 0 0 0 0 3 6 0 7 0 0 0 0 0 8 7 0 0 0 0 0 0 0 0 0 0 0 0 0 1 0 0 0 0 0 0 0 0 0 0 1 3 0 16 0 0 0 0 0 0 0 0 0 0 15 0 0 0 0 0 0 2 0 0 0 0 0 0 0 3 0 2 0 2 0 4 0 0 0 0 35 0 0 0 0 0 0 0 0 0 0 0 0 0 0 0 0 0 0 0 0 0 0 6 0 0 0 0 0 1 2 2 0 0 0 0 2 24 0 0 41 1 0 0 1 0 0 0 0 0 5849 0 0 0 0 0 0 0 0 1 0 0 0 0 0 0 0 3 0 0 0 0 0 0 2 0 0 0 0 0 0 8 0 1 0 4 0 24 0 4 1 0 0 
18 5988 0 0 0 1 5 0 16 0 0 0 1 0 0 0 0 0 0 0 0 0 12 0 0 0 0 7 0 0 0 0 0 0 2 0 0 0 0 0 0 0 0 0 0 0 0 1 0 32 0 0 0 0 0 1 1 0 0 0 1 0 1 1 0 0 0 0 0 0 1 0 0 0 0 0 0 0 2 4 0 1 0 0 0 0 2 19 1 9 0 0 0 0 0 4 6 0 1 0 0 0 0 0 0 0 0 0 0 0 0 0 0 0 0 0 0 0 0 0 0 4 1 1 16 0 0 0 0 0 0 0 0 0 0 8 1 1 0 0 0 0 3 0 0 0 0 0 0 0 5 0 0 0 0 0 5 0 0 0 2 21 0 0 0 0 0 0 0 0 0 0 1 0 0 0 0 0 0 0 0 0 0 0 5 2 0 0 0 1 0 0 0 0 0 0 0 2 27 0 0 39 0 0 0 0 0 0 0 0 0 5636 0 0 1 0 0 0 0 0 0 0 0 0 0 1 0 0 1 0 0 0 0 0 0 1 0 0 0 0 0 0 5 2 9 0 3 0 41 1 2 2 0 0 
19 5543 0 0 0 2 1 0 15 0 0 0 0 0 0 0 0 0 0 0 0 0 18 0 0 0 0 7 0 0 1 0 0 0 3 0 0 0 0 0 7 0 0 2 0 0 0 1 0 17 0 0 0 0 0 2 0 0 3 0 2 0 4 0 0 0 2 0 0 0 1 0 0 7 0 0 0 0 2 3 0 4 0 0 0 0 2 9 0 4 0 0 0 0 0 4 5 0 0 1 0 0 0 0 0 0 0 0 0 0 7 0 0 0 0 0 0 0 0 0 0 1 2 0 20 0 0 0 0 0 0 0 0 0 0 12 0 0 0 0 0 0 1 0 0 0 0 0 3 0 7 1 1 0 0 0 5 0 0 0 1 29 0 0 0 0 0 0 0 0 0 0 0 0 0 0 1 0 0 0 0 1 0 0 9 0 0 0 0 0 0 0 2 0 0 0 0 1 38 0 3 96 0 0 0 1 0 0 0 0 0 5095 0 0 0 0 0 0 0 0 0 0 0 0 0 0 0 0 6 0 0 0 0 0 0 2 0 0 0 0 0 0 2 2 9 0 0 0 51 0 2 1 0 0 
20 7633 0 0 0 1 7 0 16 0 0 0 0 1 0 0 0 0 0 0 0 0 21 0 0 0 0 1 0 0 0 0 0 0 4 0 0 0 0 0 13 0 0 0 0 0 0 0 0 40 0 0 0 0 0 0 0 1 2 0 0 0 3 0 1 0 0 0 0 0 1 0 0 10 0 0 0 0 0 0 0 4 0 0 0 0 1 11 0 12 0 0 0 0 0 6 3 0 0 0 0 0 1 0 0 0 0 0 0 0 3 0 3 0 0 0 0 0 0 0 0 0 0 0 22 0 0 0 0 1 0 0 0 0 0 8 0 0 0 0 0 0 1 0 0 0 0 0 1 0 21 0 1 0 1 0 5 0 0 0 3 27 0 0 0 0 0 0 0 0 0 0 0 0 0 0 0 0 0 0 0 0 0 0 5 1 0 0 0 1 0 0 2 0 0 0 0 0 50 0 0 36 0 0 0 1 0 0 0 0 0 7159 0 0 0 0 0 0 0 0 0 0 0 0 0 0 0 0 3 0 1 0 0 0 0 0 0 1 0 0 0 0 3 14 9 0 0 0 36 0 1 4 0 0 
21 4967 0 0 0 0 0 0 6 0 0 0 0 0 0 0 0 0 0 1 0 0 22 0 0 0 0 1 0 1 0 0 0 0 3 0 0 0 0 0 13 0 0 0 0 0 0 1 0 29 0 0 0 0 0 0 0 0 0 0 0 0 1 0 0 0 1 0 0 0 0 0 0 10 0 0 0 1 0 5 0 10 0 0 0 0 2 2 0 9 0 0 0 0 0 2 3 0 0 0 0 0 1 0 0 0 0 0 0 0 1 0 1 0 6 0 0 0 0 0 0 1 0 1 17 0 0 0 0 6 0 0 0 0 0 13 2 0 0 0 0 0 5 0 0 0 0 0 0 0 4 2 0 0 2 0 7 0 0 0 3 38 0 0 0 0 0 0 0 0 0 0 0 0 0 0 0 0 0 0 0 0 0 0 7 0 0 0 0 0 0 0 7 0 1 0 0 1 49 0 0 59 0 0 0 1 0 0 0 0 0 4554 0 0 0 0 0 0 0 0 0 0 0 0 0 0 0 0 3 0 0 0 0 0 0 0 0 1 0 0 0 0 3 0 14 0 0 0 26 0 0 1 0 0 
22 4419 0 0 0 2 0 0 6 0 0 0 1 1 0 0 0 1 0 0 0 0 34 0 0 0 0 0 0 1 0 0 0 0 6 0 0 0 0 0 0 0 0 1 0 0 0 0 0 30 0 0 0 0 0 0 0 0 0 0 0 0 0 0 0 0 3 0 0 0 1 0 0 1 0 0 0 0 0 1 0 4 0 0 0 1 7 5 0 2 0 0 0 0 0 5 2 0 0 0 0 0 0 0 0 0 0 0 0 0 1 0 0 0 0 0 0 0 0 0 0 1 0 0 12 0 0 0 0 0 0 0 0 0 0 7 1 0 0 0 0 0 2 0 0 0 0 0 0 0 1 0 0 0 0 0 7 0 0 0 11 31 0 0 0 0 0 0 0 0 0 0 0 0 0 0 0 0 0 0 1 0 0 0 1 0 0 0 0 0 0 0 2 0 1 0 0 4 11 0 0 36 0 0 0 1 0 0 0 0 0 4123 0 0 0 0 0 0 0 0 0 0 0 0 0 0 0 0 7 0 0 0 0 0 0 0 0 0 0 0 0 0 3 2 12 0 0 0 21 0 3 1 0 0 
23 2052 0 0 0 1 1 0 3 0 0 0 0 0 0 0 0 1 0 0 0 0 34 0 0 0 0 0 0 0 0 0 0 0 0 0 0 0 0 0 0 0 0 8 0 0 0 0 0 9 0 0 0 0 0 0 0 0 0 0 0 0 2 0 0 0 2 0 0 0 1 0 0 2 0 0 0 1 1 8 0 2 0 0 0 0 2 0 0 6 0 0 0 0 0 1 8 0 0 0 0 0 0 0 0 0 0 0 0 0 0 0 0 0 0 0 0 0 0 0 0 3 3 0 14 0 0 0 0 0 0 0 0 0 0 1 1 0 0 0 0 0 1 0 0 0 0 0 0 0 0 1 1 0 2 0 4 0 0 0 2 19 0 0 0 0 0 0 0 0 0 0 0 0 0 0 0 0 0 0 0 1 0 0 1 1 0 0 0 0 0 0 0 1 0 0 0 0 20 0 0 37 0 0 0 0 0 0 0 0 0 1825 1 0 0 0 0 0 0 0 0 0 0 0 0 0 0 0 1 0 0 0 0 0 0 0 0 0 0 0 0 0 6 2 4 0 1 0 2 0 4 0 0 0 
24 1024 0 0 0 0 0 0 3 0 0 0 0 0 0 0 0 0 0 0 0 0 35 0 0 0 0 0 1 1 0 0 0 0 1 0 0 0 0 0 0 0 1 0 0 0 0 0 0 7 0 0 0 0 0 1 0 0 0 0 0 0 0 0 0 0 1 0 0 0 0 0 0 1 0 0 0 0 0 9 0 1 0 0 0 0 0 1 0 0 0 0 0 0 0 2 2 0 0 0 0 0 0 0 0 0 0 0 0 0 3 0 0 0 0 0 0 0 0 0 0 6 4 0 8 0 0 0 0 0 0 0 0 0 0 5 0 0 0 0 0 0 0 0 1 0 0 0 0 0 0 3 1 0 1 0 6 0 0 0 1 9 0 0 1 0 0 0 0 0 0 0 0 0 0 0 0 0 0 0 0 0 0 0 1 0 0 0 0 0 0 0 1 0 0 0 0 0 4 0 0 40 0 0 0 0 0 0 0 0 0 850 0 0 0 0 0 0 0 0 0 0 0 0 0 0 0 0 0 0 0 0 0 0 1 0 0 0 0 0 0 0 3 2 0 0 0 0 2 0 3 0 0 0 
25 661 0 1 0 0 2 0 3 0 0 0 0 0 0 0 0 0 0 0 0 0 39 0 0 0 0 0 0 0 0 0 0 0 0 0 0 0 0 0 0 0 0 1 0 0 0 0 0 8 0 0 0 0 0 0 0 0 0 0 0 0 0 0 0 0 2 0 0 0 0 0 0 0 1 0 0 1 0 9 0 1 0 0 0 0 1 0 0 2 0 0 0 0 0 2 0 0 0 0 0 0 0 0 0 0 0 0 0 0 0 0 0 0 0 1 0 0 0 0 0 4 0 0 1 0 0 0 0 1 0 0 0 0 0 1 0 0 0 0 0 0 0 0 0 0 0 0 0 0 0 2 0 0 1 0 8 0 0 0 0 7 0 1 1 0 0 1 0 0 0 0 0 0 0 0 0 0 0 0 0 0 0 0 0 0 0 0 0 0 0 0 0 0 0 0 0 0 1 0 0 31 3 0 0 0 0 0 0 1 1 503 0 0 0 0 0 0 0 0 0 0 0 0 0 0 0 0 0 0 0 0 0 0 0 0 0 0 0 0 0 0 7 1 0 0 1 0 0 0 9 0 0 0 
26 556 0 0 0 0 0 0 0 0 0 0 0 1 0 0 0 0 0 0 0 0 21 0 0 0 0 2 0 0 0 0 0 0 1 0 0 0 0 0 0 0 0 3 0 0 0 0 0 4 0 0 0 0 0 0 0 0 0 0 0 0 0 0 0 0 2 0 0 0 0 0 0 1 0 0 0 2 0 7 0 1 0 0 0 0 0 2 1 1 0 0 0 0 0 1 3 0 0 0 0 0 0 0 0 0 0 0 0 0 0 0 0 0 0 0 0 0 0 0 0 5 4 0 3 0 0 0 0 0 0 0 0 0 0 1 0 0 0 0 0 0 0 0 0 0 0 0 0 0 0 1 0 0 4 0 1 0 0 0 2 1 0 0 2 0 0 0 0 0 0 0 0 0 0 0 0 0 0 0 0 1 0 0 0 0 0 0 0 0 0 0 0 0 1 0 0 0 3 0 0 33 0 0 0 0 0 0 0 0 0 419 0 0 0 0 0 0 0 0 1 0 0 0 0 0 0 0 1 0 1 0 0 0 0 1 0 0 0 0 0 0 5 0 1 0 2 0 0 0 5 0 0 0 
27 851 0 0 0 0 0 0 1 0 0 0 0 0 0 0 0 0 0 0 0 0 18 0 0 0 0 1 0 0 0 0 0 0 0 0 0 0 0 0 0 0 0 1 0 0 0 0 0 0 0 0 0 0 0 0 0 0 0 0 0 0 0 0 0 0 1 0 0 0 0 0 0 0 0 0 0 0 0 17 0 0 0 0 0 0 2 1 0 0 0 0 0 0 0 0 0 0 0 0 0 0 0 0 2 0 0 0 0 0 0 0 0 0 0 1 0 0 0 0 0 1 1 1 0 0 0 0 0 0 0 0 0 0 0 5 0 0 0 0 0 0 0 0 0 0 0 0 0 2 0 2 2 0 1 0 4 0 0 0 0 2 0 0 0 0 0 0 0 0 0 1 0 0 0 0 0 0 0 0 0 1 0 0 0 0 0 0 0 0 0 0 0 0 0 0 0 0 11 0 0 45 1 0 0 0 0 0 0 3 0 696 0 0 0 0 0 0 0 0 1 0 0 0 0 0 0 0 2 0 1 0 0 0 0 0 0 0 0 0 0 0 5 1 1 0 2 0 4 0 3 0 0 0 
28 1664 0 0 0 3 0 0 0 0 0 0 0 0 0 0 0 1 0 0 0 0 18 0 0 1 0 4 0 0 0 0 0 0 0 0 0 0 0 0 0 0 0 2 0 0 0 0 0 1 0 0 0 0 0 0 0 0 0 0 0 0 0 4 0 0 2 0 0 0 1 0 0 0 0 0 0 0 0 9 0 0 0 0 0 0 0 1 1 0 0 0 0 0 0 1 1 0 0 0 0 0 0 0 0 0 0 0 0 0 0 0 0 0 0 0 0 0 0 0 0 9 3 0 2 0 0 0 0 0 0 0 0 0 0 8 0 0 0 0 0 0 1 0 0 0 0 0 1 0 1 2 0 0 0 0 3 0 0 0 0 8 0 1 0 0 0 0 0 0 0 0 0 0 0 0 0 1 0 0 0 0 0 0 1 0 0 0 0 0 0 0 6 0 0 0 0 0 9 0 0 32 2 0 0 0 0 0 0 5 0 1476 0 0 0 0 0 0 0 0 2 0 0 0 0 0 0 0 1 0 0 0 0 0 0 0 0 0 0 0 0 0 3 4 3 0 8 0 7 0 2 1 0 0 
29 2837 0 1 0 4 0 0 3 0 0 0 0 0 0 0 0 0 0 1 0 0 5 0 0 0 0 1 0 0 0 0 0 0 0 0 0 0 0 0 2 0 0 1 0 0 0 1 0 1 0 0 0 0 0 0 0 0 0 0 0 0 2 1 0 0 1 0 0 0 1 0 0 0 0 0 0 0 1 14 0 0 0 0 0 0 1 5 0 1 0 0 0 0 0 0 1 0 0 0 0 0 0 0 0 0 0 0 0 0 2 0 0 0 0 0 0 0 0 0 0 5 1 0 1 0 0 0 0 1 0 0 0 0 0 7 0 1 0 0 0 0 0 0 0 0 0 0 1 0 1 1 0 0 0 0 3 0 0 0 0 26 0 0 0 0 0 0 0 0 0 1 2 0 0 0 0 0 0 0 0 0 0 0 0 0 0 0 0 0 0 2 7 0 0 0 0 2 25 0 0 38 0 0 0 2 0 0 0 0 0 2619 0 0 0 0 0 0 0 0 0 0 0 0 0 0 0 0 2 0 0 0 0 0 0 0 0 0 0 0 0 0 0 6 0 0 5 0 11 0 10 2 0 0 
30 4209 0 0 0 0 0 0 6 0 0 0 0 1 0 0 0 0 0 0 0 0 5 0 0 0 0 1 0 0 1 0 0 0 1 0 0 0 0 0 3 0 0 12 0 0 0 0 0 4 0 0 0 0 0 0 0 0 2 0 1 0 1 1 0 0 0 0 0 0 0 0 0 1 0 0 0 3 0 13 0 0 0 0 0 0 0 5 0 6 0 0 0 0 0 1 2 0 0 0 0 0 0 0 1 0 0 0 0 0 1 0 0 0 1 0 0 0 0 0 0 13 0 0 16 0 0 0 0 4 0 0 0 0 0 9 0 0 0 0 0 0 1 0 1 0 0 0 0 0 3 0 2 0 0 0 8 0 0 0 0 24 0 0 0 0 0 0 0 0 0 0 0 0 0 0 0 0 0 0 0 2 0 0 0 0 0 0 0 6 0 0 10 1 0 0 0 0 28 0 0 29 0 0 0 1 0 0 0 0 0 3930 1 0 0 0 0 0 0 0 1 0 0 0 0 0 0 0 2 0 0 0 0 0 0 0 0 0 0 0 0 1 1 5 4 0 2 0 9 0 12 1 1 0 
31 3839 0 0 0 3 0 0 15 0 0 1 0 1 0 0 0 1 0 0 0 0 2 0 0 0 0 2 1 0 0 0 0 0 0 0 0 0 0 0 9 0 0 14 0 0 0 1 0 11 0 0 0 0 0 0 0 0 0 0 0 0 3 6 0 0 0 0 0 0 0 0 0 0 0 0 0 0 2 7 0 0 0 0 0 0 1 9 0 6 0 0 0 0 0 1 5 0 0 0 0 0 0 0 0 0 0 0 0 0 0 0 2 0 0 0 0 0 0 0 0 7 1 0 20 0 0 0 0 0 0 0 0 0 0 6 1 1 0 0 0 0 1 2 0 0 0 0 1 0 7 0 1 1 0 0 0 0 0 0 1 28 0 0 0 0 0 0 0 0 0 0 3 0 0 0 0 0 0 0 0 1 0 0 0 0 0 0 0 5 0 1 2 0 0 0 0 0 20 0 0 22 0 0 0 1 0 0 0 1 0 3545 1 0 0 0 0 0 0 0 1 0 0 0 0 0 0 0 3 0 0 0 0 0 0 1 0 0 0 0 0 0 0 3 4 0 1 1 29 0 7 1 0 0 
32 4216 0 0 0 0 2 0 7 0 0 0 0 0 0 0 0 0 0 0 0 0 4 0 0 0 0 2 0 0 0 0 0 0 0 0 0 0 0 0 3 0 0 0 0 0 0 1 0 18 0 0 0 0 0 0 0 0 0 0 0 0 1 0 0 0 0 0 0 0 2 0 0 29 0 0 0 0 0 12 0 0 0 0 0 2 2 4 0 5 0 0 1 1 0 3 1 0 0 0 0 0 0 0 0 0 0 0 1 0 2 0 3 0 2 0 0 0 0 0 1 4 0 2 35 0 0 0 0 0 0 0 0 0 0 3 0 0 0 0 0 0 3 0 0 0 0 0 0 0 6 0 2 0 0 0 0 0 0 0 3 32 0 0 0 0 0 0 0 1 0 0 0 0 0 0 0 0 0 0 0 0 0 0 3 0 0 0 0 2 0 0 1 0 0 0 0 0 20 0 0 33 0 0 0 3 0 0 0 0 0 3899 1 0 0 0 0 0 0 0 0 0 0 0 0 0 0 0 7 0 0 0 0 0 0 0 0 0 0 0 0 0 0 7 5 0 4 0 16 0 10 1 0 0 
33 4372 0 0 0 0 3 0 7 0 0 0 0 0 0 0 0 1 0 0 0 0 14 0 0 0 0 1 0 0 0 0 0 0 3 0 0 0 0 0 3 0 0 5 0 0 0 0 0 21 0 0 0 0 0 0 0 0 0 0 0 0 0 0 0 0 0 0 0 0 1 0 0 8 0 0 0 0 1 18 0 2 0 0 0 0 0 9 0 10 0 0 0 0 0 0 11 0 0 3 0 0 0 0 0 0 0 0 0 0 1 0 6 0 0 0 0 0 0 0 0 5 1 0 34 0 0 0 0 0 0 0 0 0 0 7 1 0 0 0 0 0 3 0 0 0 0 0 1 0 2 0 2 0 0 0 1 0 0 0 2 31 0 0 0 0 1 0 0 2 0 0 1 0 0 0 0 0 0 0 0 0 0 0 4 0 0 0 0 1 0 0 3 0 0 0 0 0 30 0 0 28 0 0 0 0 0 0 0 1 0 4012 0 0 0 0 0 0 0 0 0 0 0 0 0 0 0 0 5 0 0 0 0 0 0 1 0 0 0 0 0 0 0 1 6 0 4 1 35 1 11 0 0 0 
34 3946 0 0 0 0 2 0 3 0 0 0 0 0 0 0 0 0 0 0 0 0 10 0 0 0 0 2 0 0 1 0 0 1 1 0 0 0 0 0 1 0 0 0 0 0 0 1 0 5 0 0 1 0 0 0 0 0 0 0 0 0 0 1 0 0 0 0 0 0 3 0 0 1 0 0 0 0 1 24 0 0 0 0 0 0 0 6 0 7 0 0 0 0 0 1 7 0 0 1 0 0 0 0 0 0 0 0 0 0 0 0 1 0 4 0 0 0 0 0 0 16 0 0 24 0 0 0 0 0 0 0 0 0 0 8 5 0 0 0 0 0 4 0 0 0 0 0 0 0 1 0 0 0 0 0 4 1 0 0 2 32 0 0 0 0 0 0 0 0 0 0 0 0 0 0 0 0 0 0 1 2 1 0 3 1 0 0 0 1 0 0 2 0 0 0 0 1 29 0 1 18 0 0 0 1 0 0 0 0 0 3640 0 0 0 0 0 0 0 0 2 0 0 0 0 0 0 0 2 0 0 0 0 0 1 8 0 0 0 0 0 0 1 7 5 0 5 0 22 1 1 0 1 0 
35 4339 0 0 0 1 0 0 11 0 0 0 0 0 0 0 0 0 0 0 0 0 14 0 0 0 0 1 0 0 0 0 1 0 0 0 0 0 0 0 5 0 0 2 0 0 0 1 0 10 0 0 0 0 0 1 0 0 0 0 1 0 1 0 0 0 1 0 0 0 2 0 0 2 0 0 0 0 2 30 0 1 0 0 0 0 0 7 0 4 0 0 0 0 0 2 4 0 0 1 0 0 0 0 0 0 0 0 0 0 0 0 0 0 0 0 0 0 0 0 0 12 0 0 11 0 0 0 0 0 0 0 0 0 0 8 1 0 0 0 0 0 0 1 0 0 0 0 0 0 15 0 1 0 0 0 1 0 0 0 0 17 0 0 1 0 0 0 0 0 0 1 2 0 0 0 0 0 0 0 0 0 0 0 2 0 0 0 0 0 0 2 1 0 0 1 0 1 31 0 1 16 0 0 0 1 0 0 0 0 0 4049 0 0 0 0 0 0 0 0 0 0 0 0 0 0 0 0 4 0 0 0 0 0 0 1 0 0 0 0 0 0 2 1 3 0 2 1 11 2 8 1 1 0 
36 5536 0 0 0 0 0 0 14 0 0 0 0 0 0 0 0 0 0 0 0 0 14 0 0 0 0 4 0 0 0 0 0 0 0 0 0 0 1 0 5 0 0 1 0 0 0 0 0 18 0 0 0 0 0 0 0 1 1 0 1 0 1 0 0 0 0 0 0 0 4 0 0 2 0 0 0 1 1 19 0 3 0 0 0 5 7 4 0 3 0 0 0 0 0 1 10 0 0 0 0 0 1 0 0 0 1 0 0 0 1 0 0 0 0 0 0 0 0 0 0 6 2 2 6 0 0 0 0 0 0 0 0 0 0 8 0 0 0 0 0 0 2 0 0 0 0 0 0 0 4 0 1 0 4 0 3 0 0 0 0 22 0 0 0 0 0 0 0 0 0 0 0 0 0 0 0 0 0 0 1 1 0 0 4 2 0 0 0 0 0 3 4 0 2 0 0 2 20 0 0 29 0 0 0 0 0 0 0 0 0 5204 0 0 0 0 0 0 0 0 1 0 0 0 0 0 0 0 2 0 0 0 0 1 0 1 0 0 0 0 0 0 2 6 1 0 5 0 19 2 7 0 0 0 
37 6349 0 0 0 2 0 0 0 0 0 0 0 0 0 0 0 0 0 0 0 0 26 0 0 0 0 0 0 0 0 0 0 0 3 0 0 0 0 0 1 0 0 1 0 0 0 0 0 10 0 0 0 0 0 0 0 0 1 0 0 0 3 1 0 0 0 0 0 0 2 0 0 13 0 0 0 0 1 19 0 3 0 0 0 0 0 2 0 6 0 0 0 0 0 4 22 0 0 0 0 0 0 0 2 0 0 0 0 0 1 0 0 0 0 0 0 0 0 0 0 9 2 2 10 0 0 0 0 0 0 0 0 0 0 9 0 0 0 0 0 0 1 0 0 0 0 0 0 0 6 0 3 0 0 0 4 0 0 0 0 6 0 0 0 0 0 0 0 0 0 0 3 0 0 0 0 0 0 0 0 0 0 0 5 2 0 0 0 1 0 1 3 0 0 0 0 0 17 0 0 22 0 0 0 1 0 0 0 0 0 6010 0 0 0 0 0 0 0 0 1 0 0 0 0 0 0 0 3 0 0 0 0 0 0 2 0 0 0 0 0 0 0 3 1 0 2 0 13 4 11 0 1 0 
38 4266 0 0 0 0 1 0 6 0 0 0 0 0 0 0 0 0 0 0 0 0 16 0 0 0 0 1 0 0 0 0 0 0 0 0 0 0 0 0 0 0 0 0 0 0 0 1 0 4 0 0 0 0 0 0 0 0 1 0 0 0 3 0 1 0 0 0 0 0 0 0 0 2 0 0 0 0 0 24 0 1 0 0 0 1 1 6 0 5 0 0 0 0 1 3 28 0 0 0 0 0 0 0 2 0 0 0 0 0 0 0 2 0 0 0 0 0 0 0 0 3 7 0 10 0 0 0 0 0 0 0 0 0 0 18 0 0 0 0 0 0 7 0 0 0 0 0 0 0 1 0 2 0 1 0 1 0 0 0 0 22 0 0 0 0 0 0 0 0 0 0 0 0 0 0 0 0 0 0 0 0 0 0 1 1 0 0 0 0 0 0 1 0 0 0 0 4 22 0 0 31 0 0 0 0 0 0 0 0 0 3982 1 0 0 0 0 0 0 0 0 0 0 0 0 0 0 0 1 0 0 0 0 0 1 1 0 0 0 0 0 0 1 2 7 0 3 0 13 0 4 0 0 0 
39 3630 0 0 0 0 1 0 2 0 0 0 0 0 0 0 0 1 0 0 0 0 28 0 0 0 1 3 0 1 0 0 0 0 1 0 0 0 0 0 5 0 0 1 0 0 0 1 0 15 0 0 0 0 0 0 0 0 0 0 1 0 2 6 0 0 0 0 0 0 1 0 0 1 0 0 0 2 3 13 0 0 0 0 0 0 1 4 0 3 0 0 0 0 0 8 13 0 0 2 0 0 0 0 0 0 0 0 0 0 1 0 0 1 0 0 0 0 0 0 0 10 1 0 11 0 0 0 0 0 0 0 0 0 0 15 0 1 0 0 0 0 4 0 0 0 0 0 3 0 3 2 0 0 0 0 3 0 0 0 0 27 0 0 0 0 0 0 0 0 0 0 1 0 0 0 0 0 0 0 0 0 0 0 6 1 0 0 0 1 0 0 1 0 0 0 0 2 25 0 1 23 0 0 0 0 0 0 0 0 0 3326 1 0 0 0 0 0 0 0 0 0 0 0 0 0 0 0 1 0 0 0 0 0 0 0 0 1 0 0 0 0 1 1 3 0 4 0 23 0 2 0 1 0 
40 6325 0 0 0 3 0 0 7 0 0 0 1 1 0 0 0 0 0 0 0 0 19 0 0 2 0 2 0 3 0 0 0 0 0 0 0 0 0 0 4 0 0 1 0 0 0 2 0 7 0 0 0 0 0 1 0 0 0 0 0 1 0 1 0 0 0 0 0 0 1 0 0 1 0 0 0 0 1 9 0 0 0 0 0 1 2 1 0 9 0 0 0 0 0 6 7 0 0 0 0 0 0 0 0 0 0 0 0 0 3 0 0 0 0 0 0 0 0 0 0 8 0 0 15 0 0 0 0 0 0 0 0 0 0 9 0 0 0 0 0 0 0 0 0 0 0 0 0 0 3 1 0 0 2 0 1 0 0 0 0 22 0 0 0 0 0 0 0 0 0 0 0 0 0 0 0 0 0 0 0 0 0 0 2 0 0 0 0 1 0 0 3 0 1 0 0 1 13 0 1 43 0 0 0 1 0 0 0 0 0 5991 0 0 0 0 0 0 0 0 0 0 0 0 0 1 0 0 5 0 0 0 0 0 0 0 0 0 0 0 0 0 2 0 5 0 0 0 29 1 9 1 0 0 
41 6563 0 0 0 3 2 0 3 0 0 0 0 2 0 0 0 0 0 0 0 0 20 0 0 1 0 6 0 0 0 0 1 0 1 0 0 0 0 0 6 0 0 0 0 0 0 2 0 15 0 0 0 0 0 0 0 0 1 0 0 0 5 0 0 0 0 0 0 0 1 0 0 7 0 0 0 1 1 6 0 1 0 0 0 0 1 10 0 9 0 0 0 0 0 6 8 0 0 1 0 0 0 0 0 0 0 0 0 0 2 0 0 0 0 0 0 0 0 0 0 6 2 0 18 0 0 0 0 1 0 0 0 0 0 25 0 0 0 0 0 0 1 0 0 0 0 0 0 0 2 1 1 0 0 0 8 0 0 0 2 31 0 0 0 0 0 0 0 0 0 0 0 0 0 0 0 0 0 0 0 1 0 0 3 2 0 0 0 0 0 0 2 1 0 0 0 1 19 0 0 48 0 0 0 0 0 0 0 1 0 6157 0 0 0 0 0 0 0 1 0 0 0 0 0 0 0 0 4 0 0 0 0 0 0 1 0 0 0 0 0 0 1 3 4 0 4 0 34 0 5 0 1 0 
42 7932 0 0 0 2 0 0 2 0 0 0 0 1 0 0 0 0 0 0 0 0 18 0 0 1 0 3 0 1 1 0 0 0 0 0 0 0 0 0 7 0 0 0 0 0 0 0 0 12 0 0 0 0 0 3 0 0 2 0 0 0 4 0 1 0 0 0 0 0 0 0 0 11 0 0 0 0 2 4 0 2 0 0 0 0 0 3 0 3 0 0 0 0 0 5 9 0 0 0 0 0 1 0 1 0 0 0 0 0 0 0 0 0 0 0 0 0 0 0 0 2 0 0 14 0 0 0 0 0 0 0 0 0 0 14 1 1 0 0 0 0 6 0 0 0 0 0 0 0 2 1 3 0 0 0 5 0 0 0 2 28 0 0 0 0 0 2 0 0 0 0 0 0 0 0 0 0 0 0 0 1 0 0 6 1 0 0 0 1 0 0 0 0 0 0 0 0 36 0 0 31 0 0 0 2 0 0 0 0 0 7529 0 0 0 0 0 0 0 0 0 0 0 0 0 0 0 0 6 0 0 0 0 0 1 0 0 0 0 0 0 0 6 3 8 0 5 1 40 0 1 1 2 0 
43 7400 0 0 0 4 0 0 7 0 0 0 0 0 0 0 0 0 0 1 0 0 27 0 0 0 0 4 0 1 1 0 0 0 0 0 0 0 1 0 5 0 0 12 0 0 0 0 0 18 0 0 0 0 0 0 0 2 1 0 0 1 2 0 0 0 1 0 0 0 1 0 0 6 1 0 0 0 3 2 0 0 0 0 0 0 1 8 0 11 0 0 0 0 0 5 9 0 0 0 0 0 0 0 0 0 0 0 0 0 5 0 0 0 0 0 0 0 0 0 0 1 1 0 27 0 0 0 0 0 0 0 0 0 0 9 1 0 0 0 0 0 1 0 0 0 0 0 1 0 0 1 0 0 0 0 5 0 0 0 0 41 0 0 0 0 0 0 0 0 0 2 1 0 0 0 0 0 0 0 0 3 0 0 7 2 0 0 0 1 0 0 2 0 0 0 0 2 25 0 0 47 0 0 0 2 0 0 0 0 0 6942 0 0 0 0 0 0 0 0 0 0 0 0 0 0 0 0 5 0 0 0 0 0 0 0 0 0 0 0 0 0 3 1 21 0 1 0 48 0 0 1 1 0 
44 9453 0 0 0 3 5 0 12 0 0 0 0 0 0 0 0 0 0 0 0 0 17 0 0 0 0 3 0 3 0 0 0 0 2 0 0 0 0 0 6 0 0 0 0 0 0 0 0 14 0 0 0 0 0 0 0 2 2 0 2 0 3 0 0 0 0 0 0 0 4 0 0 6 0 0 0 0 1 1 0 4 0 0 0 0 2 11 0 9 0 0 0 0 0 5 7 0 0 0 0 0 0 0 0 0 0 0 0 0 3 0 0 0 0 0 0 0 0 0 1 2 2 0 14 0 0 0 0 1 0 0 0 0 0 10 0 0 0 0 0 0 3 0 0 0 0 0 0 0 5 0 0 0 1 0 6 0 0 0 4 32 0 0 0 0 0 0 0 1 0 0 0 0 0 0 0 0 0 0 0 1 0 0 9 1 0 0 0 1 0 0 12 1 0 0 0 1 35 0 0 30 0 0 0 0 0 0 0 0 0 8985 1 0 0 0 0 0 0 0 0 0 0 0 0 0 0 0 4 0 0 0 0 0 0 1 0 1 0 0 0 0 2 0 17 0 0 1 57 1 1 0 0 0 
45 7076 0 0 0 5 2 0 19 0 0 0 0 0 0 0 0 0 0 0 0 0 23 0 0 0 0 9 0 0 0 0 0 0 2 0 0 0 0 0 10 0 0 0 0 0 0 0 0 7 0 0 0 0 0 0 0 0 0 0 1 0 1 0 0 0 2 0 0 0 0 0 0 3 0 0 0 2 2 1 0 4 0 0 0 4 1 29 1 4 0 0 0 0 0 3 9 0 0 0 0 0 0 0 0 0 0 0 0 0 2 0 0 0 0 0 0 0 0 0 0 0 0 0 20 0 0 0 0 0 0 0 0 0 1 6 0 0 0 0 0 0 4 0 0 0 0 0 0 0 3 1 0 0 2 0 2 0 0 0 2 50 0 0 0 0 0 0 0 1 0 0 0 0 0 0 0 0 0 0 0 3 0 0 5 0 0 0 0 7 0 0 3 0 0 0 0 0 27 0 1 32 0 0 0 0 0 0 0 0 0 6667 0 0 0 0 0 0 0 0 0 0 0 0 0 0 0 0 5 0 0 0 0 0 0 0 0 0 0 0 0 0 4 1 8 0 0 0 41 0 0 2 0 0 
46 4031 0 0 0 3 0 0 6 0 0 0 0 0 0 0 0 0 0 0 0 0 26 0 0 0 0 1 0 1 0 0 1 0 2 0 0 0 0 0 2 0 0 1 0 0 0 1 0 20 0 0 0 0 0 0 0 0 1 0 0 0 1 0 0 0 0 0 0 0 0 0 0 1 0 0 0 0 0 3 0 3 0 0 0 0 2 1 0 3 0 0 0 0 0 6 8 0 0 0 0 0 0 0 0 0 0 0 0 0 1 0 0 0 0 0 0 0 0 0 0 1 3 0 19 1 0 0 0 0 0 0 0 0 0 7 2 0 0 0 0 0 1 0 0 0 0 0 1 1 6 1 0 0 0 0 1 0 0 0 1 43 0 0 0 0 0 0 0 0 0 0 1 0 0 0 0 0 0 0 0 1 0 0 5 1 0 0 0 0 0 0 1 0 0 0 0 0 18 0 0 37 0 0 0 0 0 0 0 0 0 3760 0 0 0 0 0 0 0 0 0 0 0 0 0 0 0 0 5 0 0 0 0 0 0 1 0 0 0 0 0 0 3 1 1 0 0 0 10 0 2 1 0 0 
47 2324 0 0 0 1 0 0 10 0 0 0 0 1 0 0 0 0 0 0 0 0 22 0 0 0 0 0 0 0 1 0 0 0 0 0 0 0 0 0 2 0 0 1 0 0 0 1 0 8 0 0 0 0 0 0 0 0 0 0 0 0 2 0 0 0 0 0 0 0 1 0 0 3 0 0 0 1 0 5 0 6 0 0 0 2 3 2 0 9 0 0 0 0 0 1 2 0 0 0 0 0 0 0 0 0 0 0 0 0 3 0 0 0 0 0 0 0 0 0 0 2 1 0 11 0 0 0 0 0 0 0 0 0 0 4 0 0 0 0 0 0 1 0 0 0 0 0 0 0 2 1 0 0 2 0 5 0 0 0 2 26 0 0 0 0 0 0 0 0 0 0 0 0 0 0 0 0 0 0 0 0 0 0 3 1 0 0 0 0 0 2 1 0 0 0 0 4 22 0 0 30 1 0 0 0 0 0 0 0 0 2095 0 0 0 0 0 0 0 0 0 0 0 0 0 0 0 0 1 0 0 0 0 0 0 0 0 0 0 0 0 0 7 4 4 0 0 0 2 1 0 0 0 0 
48 1206 0 0 0 0 0 0 1 0 0 0 0 0 0 0 0 0 0 0 0 0 26 0 0 0 0 0 0 0 1 0 0 0 0 0 0 0 0 0 0 0 0 1 0 0 0 0 0 6 0 0 0 0 0 0 0 0 1 0 0 1 1 0 0 0 0 0 0 0 3 0 0 2 0 0 0 1 0 9 0 0 0 0 0 0 1 1 0 3 0 0 0 0 0 0 5 0 0 0 0 0 0 0 0 0 0 0 0 0 1 0 0 0 0 0 0 0 0 0 0 1 1 0 7 0 0 0 0 0 0 0 0 0 0 2 0 0 0 0 0 0 0 0 0 0 0 0 0 0 1 0 0 0 0 0 6 0 0 0 1 11 0 0 1 0 0 1 0 0 0 0 0 0 0 0 0 0 0 0 0 0 0 0 0 1 0 0 0 0 0 0 0 0 0 0 0 0 12 0 1 28 1 0 0 0 0 0 0 0 0 1043 0 0 0 0 0 0 0 0 0 0 0 0 0 0 0 0 4 0 0 0 0 0 0 0 0 0 0 0 0 0 6 3 6 0 1 0 2 0 2 0 0 0 
49 787 0 0 0 1 0 0 2 0 0 0 0 1 0 0 0 3 0 0 0 0 27 0 0 0 0 1 0 0 1 0 0 0 0 0 0 0 0 0 0 0 0 1 0 0 0 0 0 1 0 0 0 0 0 0 0 0 0 0 0 1 0 0 0 0 1 0 0 0 2 0 0 1 0 0 0 0 1 8 0 2 0 0 0 0 1 0 0 2 0 0 0 0 0 0 3 0 0 0 0 0 0 0 0 0 0 0 0 0 1 0 0 0 0 0 0 0 0 0 0 1 0 0 2 0 0 0 0 0 0 0 0 0 0 0 0 0 0 0 0 0 2 0 0 0 0 0 0 0 0 1 3 0 1 0 7 0 0 0 2 9 0 0 1 0 0 0 0 0 0 0 1 0 0 0 0 0 0 0 0 0 0 0 0 1 0 0 0 0 0 0 0 0 0 0 0 0 2 0 0 40 0 0 0 0 0 0 0 1 0 633 0 0 0 0 0 0 0 0 1 0 0 0 0 0 0 0 3 0 0 0 0 0 0 0 0 0 0 0 0 0 2 3 0 0 0 0 2 0 6 0 0 0 
50 583 0 0 0 0 0 0 1 0 0 0 0 0 0 0 0 1 0 0 0 0 20 0 0 0 0 0 0 1 0 0 0 0 0 0 0 0 0 0 0 0 0 2 0 0 0 0 0 15 0 0 0 0 0 0 1 0 0 0 0 1 0 0 0 0 4 0 0 0 2 0 0 1 0 0 0 0 1 11 0 1 0 0 0 0 0 0 0 9 0 0 0 0 0 0 0 0 0 0 0 0 0 0 0 0 0 0 0 0 1 0 0 0 0 0 0 0 0 0 0 2 4 0 3 0 0 0 0 0 0 0 0 0 1 1 0 0 0 0 0 0 2 0 0 0 0 0 0 0 1 3 2 0 2 0 0 0 0 0 0 4 0 1 0 0 0 0 0 0 0 0 0 0 0 0 0 0 0 0 0 0 0 0 0 0 0 0 0 1 0 0 0 0 0 0 0 0 1 0 0 44 1 0 0 0 0 0 0 0 0 410 0 0 0 0 0 0 0 0 0 0 0 0 0 0 0 0 0 0 0 0 0 0 0 0 0 0 0 0 0 0 1 4 1 0 2 0 8 0 7 0 1 0 
51 721 0 0 0 0 0 0 2 0 0 0 0 0 0 0 0 0 0 0 0 0 30 0 0 0 0 0 0 0 0 0 0 0 0 0 0 0 0 0 0 0 0 2 0 0 0 0 0 10 0 0 0 0 0 1 0 0 0 0 0 0 0 0 0 0 0 0 0 0 0 0 0 6 0 0 0 0 1 12 0 0 0 0 0 0 0 1 0 1 0 0 0 0 0 0 0 0 0 0 0 0 0 0 0 0 0 0 0 0 0 0 0 0 0 0 0 0 0 0 0 2 2 0 3 0 0 0 0 0 0 0 0 0 0 2 0 0 0 0 0 0 1 0 0 0 0 0 0 0 0 0 0 0 2 0 2 0 0 0 0 5 0 0 0 0 0 0 0 0 0 0 0 0 0 0 0 0 0 0 0 0 0 0 0 0 0 0 0 1 0 1 2 0 0 0 0 0 9 0 0 46 1 0 0 0 0 0 0 0 0 546 0 0 0 0 0 0 0 0 0 0 0 0 0 0 0 0 3 0 0 0 0 0 0 0 0 0 0 0 0 0 5 3 1 0 2 1 2 0 8 0 4 0 
52 1138 0 0 0 0 0 0 2 0 0 0 0 0 0 0 0 0 0 0 0 0 17 0 0 0 0 2 0 0 0 0 0 0 0 0 0 0 0 0 0 0 0 1 0 0 0 0 0 1 0 0 0 0 0 0 0 0 0 0 0 0 0 0 1 0 4 0 0 0 0 0 0 4 0 0 0 0 0 12 0 0 0 0 0 0 2 4 1 0 0 0 1 0 0 1 1 0 0 0 0 0 0 0 0 0 0 0 0 0 0 0 0 0 0 0 0 0 0 0 0 8 4 0 0 0 0 0 0 0 0 0 0 0 0 4 0 0 0 0 0 0 0 0 0 0 0 0 0 0 0 0 3 0 0 0 2 0 0 0 0 1 0 0 0 0 0 0 0 0 0 0 0 0 0 0 0 0 0 0 0 0 0 0 1 0 0 0 0 0 0 0 0 0 0 0 0 1 7 0 0 37 0 0 0 0 0 0 0 0 0 991 0 0 0 0 0 0 0 0 2 0 0 0 0 0 0 0 1 0 0 0 0 0 0 0 0 0 0 0 0 0 2 0 0 0 5 0 2 0 7 1 0 0 
53 2089 0 0 0 0 1 0 1 0 0 0 0 1 0 0 0 0 0 1 0 0 9 0 0 0 0 0 0 1 1 0 0 0 3 0 0 0 0 0 0 0 0 2 0 0 0 0 0 4 0 0 0 0 0 0 0 0 0 0 0 1 0 0 1 0 0 0 0 0 0 0 0 9 0 0 0 0 1 19 0 0 0 0 0 0 0 6 0 0 0 0 0 0 0 0 2 0 0 0 0 0 0 0 0 1 0 0 0 0 0 0 0 0 0 0 0 0 0 0 0 9 2 0 2 0 0 0 0 0 0 0 0 0 0 12 0 0 0 0 0 0 0 0 0 0 0 0 0 0 2 0 2 0 1 0 3 0 0 0 0 10 0 0 0 0 0 0 0 0 0 0 0 0 0 0 0 0 0 0 0 1 0 0 1 0 0 0 0 0 0 0 1 0 0 0 0 0 11 0 0 38 0 0 0 0 0 0 0 0 0 1897 0 0 0 0 0 0 0 0 2 0 0 0 0 0 0 0 4 0 0 0 0 0 0 0 0 0 0 0 0 0 4 1 0 0 3 0 8 0 3 0 3 0 
54 2952 0 0 0 1 0 0 1 0 0 0 0 0 0 0 0 0 0 1 0 0 5 0 0 0 0 4 0 0 0 0 0 0 0 0 0 2 0 0 1 0 0 0 0 0 0 0 0 1 0 0 0 0 0 0 1 0 0 0 0 0 0 2 0 0 0 0 0 0 0 0 0 2 0 0 0 0 0 11 0 1 0 0 0 0 0 9 0 2 0 0 0 0 0 1 0 0 0 0 0 0 0 0 0 0 0 0 0 0 1 0 0 0 0 0 0 0 0 0 0 8 1 1 7 0 0 0 0 0 0 0 0 0 0 4 0 0 0 0 0 0 2 1 0 0 0 0 0 0 2 0 4 0 0 0 2 0 0 0 2 15 0 0 0 0 0 0 0 0 0 0 0 0 0 0 0 0 0 0 0 0 0 0 1 0 0 0 0 1 0 0 0 0 0 0 0 4 10 0 0 31 0 0 0 1 0 0 0 0 0 2761 0 0 0 0 0 0 0 0 3 0 0 0 0 0 0 0 4 0 0 0 0 0 0 0 0 0 0 0 0 0 1 6 5 0 6 0 12 0 5 0 1 0 
55 7408 0 2 0 4 2 0 8 0 0 0 0 3 0 0 0 0 0 0 0 0 9 0 0 0 0 2 0 1 0 0 1 0 2 0 0 0 0 0 7 0 0 1 0 0 0 0 0 24 0 0 0 0 0 0 0 1 0 0 0 0 2 3 0 0 0 0 0 0 0 0 0 5 0 0 0 0 3 26 0 3 0 0 0 1 0 16 0 7 0 0 0 0 0 3 2 0 0 0 0 0 1 0 2 0 0 0 0 0 2 0 0 1 1 0 0 0 0 0 0 14 1 2 19 0 0 0 0 1 0 0 0 0 0 12 0 0 0 0 0 0 3 1 1 0 0 0 1 0 5 0 4 0 0 0 13 0 0 0 0 38 0 0 0 0 0 0 0 0 0 0 3 0 0 0 0 0 0 0 0 0 0 0 4 0 0 0 0 1 0 0 4 0 0 0 0 0 41 0 0 43 1 0 0 9 0 0 0 0 0 6939 0 0 0 0 0 0 0 0 1 0 0 0 0 0 0 0 5 0 0 0 0 0 0 0 0 0 0 0 0 0 0 11 6 0 9 1 39 1 13 1 1 0 
56 8289 0 0 0 2 2 0 14 0 0 0 0 1 0 0 0 0 0 2 0 0 6 0 0 1 0 15 1 1 0 0 0 0 1 0 0 0 0 0 12 0 0 7 0 0 0 2 0 22 0 0 0 0 0 0 1 1 0 0 1 0 3 0 0 0 0 0 0 0 1 0 0 4 0 0 0 1 4 26 0 1 0 1 0 1 6 20 0 6 0 0 0 0 0 4 6 0 0 1 1 0 0 0 0 0 0 0 0 0 0 0 2 0 2 0 0 0 0 0 0 10 0 0 43 0 0 0 0 0 0 0 0 0 0 33 1 0 0 0 0 0 5 0 0 0 0 0 2 0 4 0 5 0 0 0 0 0 0 0 3 56 0 0 1 0 0 2 0 0 0 0 2 0 0 0 0 0 0 0 0 1 1 0 5 0 0 0 0 0 0 0 4 0 0 0 0 0 60 0 0 42 0 0 0 0 0 0 0 1 0 7679 2 0 0 0 0 0 0 0 2 0 0 0 0 0 0 0 8 0 0 0 0 0 0 1 0 0 0 0 0 0 4 15 12 0 10 1 57 1 16 3 2 1 
57 9653 0 0 0 3 4 0 18 0 0 0 0 1 0 0 0 1 0 1 0 0 9 0 0 0 0 8 0 3 0 0 0 0 5 0 0 0 0 0 14 0 0 10 0 0 0 0 0 33 0 0 0 0 0 2 2 0 0 0 0 0 6 0 0 0 0 0 0 0 2 0 0 0 0 0 0 0 2 41 0 4 0 0 0 0 3 15 0 12 0 0 0 0 0 4 20 0 1 0 0 0 0 0 0 1 0 0 0 0 3 0 1 0 1 0 0 0 0 0 0 19 1 0 44 0 0 0 0 3 0 0 0 0 0 21 3 0 0 0 0 0 10 0 0 0 0 0 0 0 6 0 5 0 0 0 3 0 0 0 6 52 0 0 0 0 0 0 0 3 0 2 4 0 0 0 0 0 0 0 0 2 0 0 4 0 0 0 0 3 0 1 5 0 0 0 0 1 73 0 0 23 0 0 0 2 0 0 0 0 0 8973 0 0 0 0 0 0 0 0 9 0 0 0 0 0 0 0 7 0 0 0 0 0 0 0 0 0 0 0 0 0 1 8 14 0 10 0 59 2 14 3 1 0 
58 9434 1 0 1 7 0 0 16 0 0 1 0 0 0 0 0 1 0 1 0 0 18 0 0 0 0 4 0 1 1 0 0 0 1 0 0 0 0 0 16 0 0 2 0 0 0 4 0 27 0 0 0 0 0 0 1 2 2 0 0 0 8 0 0 0 0 0 0 0 3 0 0 1 0 0 0 0 2 37 0 4 0 0 0 1 3 19 0 13 0 0 0 0 0 4 14 0 1 0 2 0 0 0 0 0 0 0 0 0 1 0 1 0 0 0 0 0 0 0 0 16 1 0 37 0 0 0 0 1 0 0 0 0 0 32 1 0 0 0 0 0 6 1 0 0 0 0 3 0 3 0 5 0 1 0 5 0 0 0 5 62 0 0 0 0 0 0 0 0 0 1 3 0 0 0 0 0 0 0 1 2 0 0 5 5 0 0 0 0 0 4 8 0 0 0 0 9 86 0 0 68 0 0 0 2 0 0 0 1 0 8702 0 0 0 0 0 0 0 0 1 0 0 0 0 1 0 0 8 0 0 0 0 0 0 0 0 0 0 0 0 0 0 5 9 0 7 2 53 2 20 7 1 2 
59 9606 0 0 0 2 0 0 18 0 0 1 0 2 0 0 0 0 0 1 0 0 23 0 0 0 0 14 0 0 0 0 2 0 2 0 0 1 0 0 9 0 0 5 0 0 0 6 0 22 0 0 0 0 0 1 0 0 0 0 1 0 8 0 0 0 0 0 0 0 0 0 0 2 0 0 0 1 1 39 0 1 0 0 0 0 4 10 0 14 0 0 0 0 0 3 16 0 0 0 0 0 0 0 0 0 0 0 0 0 2 0 0 0 0 0 0 0 0 0 0 11 1 0 63 0 0 0 0 4 0 0 1 0 0 33 4 0 0 0 0 0 4 0 1 0 0 0 1 0 4 0 0 0 3 0 7 0 0 0 7 60 0 0 0 0 0 0 0 0 0 1 0 0 0 0 0 0 0 0 0 1 2 0 4 17 0 0 0 0 0 6 4 0 0 0 0 3 74 0 0 46 0 0 0 1 0 0 0 0 0 8932 2 0 0 0 0 1 0 0 0 0 0 0 0 0 0 0 8 0 0 0 0 0 0 3 0 0 0 0 0 0 2 2 5 0 4 2 37 1 16 2 0 1 
60 9530 0 0 0 2 1 0 16 0 0 0 0 2 0 0 0 0 0 0 0 0 28 0 0 1 0 7 0 4 2 0 0 1 0 0 0 0 0 0 5 0 0 5 0 0 0 0 0 24 0 0 0 0 0 3 2 0 1 0 0 0 5 1 0 0 0 0 0 0 3 0 0 4 0 0 0 1 1 44 0 10 0 0 0 0 4 10 0 12 0 0 0 0 0 3 18 0 0 0 0 0 0 0 2 0 0 0 0 0 0 0 1 0 0 0 0 0 0 0 0 18 1 2 44 0 0 0 0 1 0 0 0 0 0 36 2 0 0 0 0 0 6 0 0 0 0 0 0 0 11 1 4 0 0 0 4 0 0 0 5 43 0 0 0 0 0 0 0 1 0 0 1 0 0 0 0 0 0 0 0 3 0 0 3 3 0 0 0 1 0 1 4 0 0 0 0 4 40 0 0 46 0 0 0 0 0 0 0 0 1 8893 0 0 0 0 0 0 0 0 2 0 0 0 0 0 0 0 10 0 0 0 0 0 0 3 0 1 0 0 0 0 0 3 9 0 5 0 45 0 21 0 2 2 
61 11037 0 0 0 3 2 0 14 0 0 0 0 0 0 0 0 0 0 1 0 0 43 0 0 0 0 9 0 1 0 0 0 0 3 0 0 0 0 0 6 0 0 3 0 0 0 3 0 44 0 0 0 0 1 2 1 0 0 0 0 0 3 0 0 0 0 0 0 0 1 0 0 4 0 0 0 0 3 48 0 3 0 1 0 0 8 20 0 7 0 0 0 1 1 4 19 0 0 0 0 0 0 0 0 0 0 0 0 0 0 0 1 0 0 0 0 0 0 0 0 21 2 0 33 0 0 0 0 5 0 0 0 0 0 12 1 0 0 0 0 0 12 0 1 0 0 0 2 0 1 1 1 0 2 0 8 0 0 0 2 42 0 0 1 0 0 0 0 0 0 1 2 0 0 0 0 0 0 0 0 4 1 0 7 0 0 0 0 1 0 5 3 0 0 0 0 4 36 0 1 42 0 0 0 0 0 0 0 0 1 10337 0 0 0 0 0 0 0 0 3 0 0 0 0 0 0 0 7 0 0 0 0 0 0 1 0 0 0 0 0 0 0 6 10 0 4 1 54 2 23 2 0 0 
62 9502 0 0 0 2 4 1 10 0 0 0 0 0 0 0 0 0 0 1 0 0 29 1 0 0 0 6 0 0 0 0 0 0 0 0 0 0 0 0 3 0 0 5 0 0 0 0 0 24 0 0 2 0 0 5 0 0 0 0 0 0 2 3 0 0 1 0 0 0 7 0 0 7 0 0 0 1 2 43 0 7 0 2 0 0 6 11 0 11 0 0 2 1 0 7 17 0 0 0 1 0 0 0 1 0 0 0 0 0 5 0 0 0 0 0 0 0 0 0 0 25 1 1 37 0 0 0 0 0 0 0 0 0 0 11 2 0 0 0 0 0 5 0 0 0 0 0 10 1 3 2 1 0 4 0 10 0 0 0 0 47 0 0 0 0 0 0 0 0 0 0 4 0 0 0 0 0 0 0 0 0 0 0 7 7 0 0 0 3 0 0 4 0 1 0 0 3 38 0 0 57 0 0 0 1 1 0 0 0 0 8818 2 0 1 0 0 0 0 0 1 0 0 0 0 0 0 0 10 0 0 0 0 0 0 1 0 0 0 0 0 0 3 2 13 0 11 6 30 0 20 6 1 0 
63 10277 1 0 0 1 2 0 8 0 0 0 0 0 0 0 0 2 0 1 0 0 35 1 0 0 0 12 0 2 0 0 0 0 4 0 0 0 0 0 2 0 0 1 0 0 0 1 0 21 0 0 0 0 0 5 0 1 1 0 2 0 5 2 0 0 0 0 0 0 2 0 0 6 0 0 0 0 3 35 0 4 0 0 0 0 3 16 1 7 0 0 0 1 0 7 13 0 0 0 0 0 0 0 0 0 0 0 0 0 5 0 2 0 0 0 0 0 0 0 1 23 1 3 22 0 0 0 0 1 0 0 0 0 0 15 1 0 0 0 0 0 8 0 0 0 0 0 4 0 12 1 3 0 4 0 5 0 0 0 2 43 0 0 0 0 0 0 0 0 0 0 3 0 0 0 0 0 0 0 1 2 0 0 4 4 0 0 0 2 0 0 0 1 1 0 0 2 38 0 0 65 0 0 0 0 0 0 0 0 0 9629 0 0 0 0 0 0 0 0 1 0 0 0 0 0 0 0 10 0 0 0 0 0 0 0 0 0 0 0 0 0 5 3 3 0 9 0 35 0 15 2 0 0 
64 8048 0 0 0 6 0 0 8 0 0 0 0 0 0 0 0 0 0 0 0 0 17 0 0 0 0 11 0 1 0 0 1 0 1 0 0 0 0 0 4 0 0 0 0 0 0 0 0 28 0 0 0 0 1 1 2 0 2 0 0 0 2 0 0 0 2 0 0 0 1 0 0 3 0 0 0 1 0 7 0 2 0 0 0 0 3 9 0 5 0 0 0 0 0 3 6 0 0 0 0 0 3 0 1 0 0 0 0 0 1 0 0 0 0 0 0 0 0 0 0 15 1 0 18 0 0 0 0 1 0 0 0 0 0 14 0 0 0 0 0 0 3 0 0 0 0 0 0 2 4 0 2 0 1 0 5 0 0 0 0 35 0 0 0 0 0 0 0 0 0 0 0 0 0 0 0 0 0 0 2 1 0 0 9 2 0 0 0 3 0 1 3 0 0 0 0 1 29 0 1 47 0 0 0 0 0 0 0 0 1 7642 0 0 0 0 0 2 0 0 0 0 0 0 0 0 0 0 3 0 0 1 0 0 0 1 0 0 0 0 0 0 3 1 4 0 5 0 35 0 9 0 2 0 
65 18927 0 0 0 4 2 0 14 0 0 0 0 1 0 0 0 0 0 0 0 0 16 0 0 0 0 2 0 3 0 0 0 0 1 0 0 0 0 0 3 0 0 0 0 0 0 2 0 33 0 0 0 0 0 0 2 0 1 0 0 0 6 1 0 0 2 0 0 0 4 0 1 12 0 0 0 1 3 10 0 2 0 0 0 0 6 14 0 10 0 0 1 0 0 3 14 0 0 1 0 0 0 0 0 0 0 0 0 0 2 0 0 0 0 0 0 0 0 0 0 15 4 0 18 0 0 0 0 0 0 0 0 0 0 15 1 0 0 0 0 0 2 0 0 0 0 0 1 0 7 1 9 0 1 0 10 0 0 0 1 64 0 0 0 0 0 0 0 0 0 3 2 0 0 0 0 0 0 0 0 0 1 0 8 0 0 0 0 4 0 7 3 0 0 0 0 5 69 0 2 93 0 0 0 1 0 0 0 0 0 18058 0 0 0 0 0 0 0 0 1 0 0 0 0 0 0 0 7 0 0 0 0 0 0 1 0 0 0 0 0 0 6 0 13 0 14 1 71 2 14 4 4 0 
66 19616 0 0 1 2 1 0 35 0 0 0 0 0 0 0 0 0 0 0 0 0 26 1 0 1 0 9 0 7 3 0 0 0 1 0 0 0 0 0 6 0 0 2 0 0 0 2 0 33 0 0 0 0 0 1 1 2 2 0 2 0 4 4 1 0 15 0 0 0 2 0 0 15 0 0 0 0 4 5 0 7 0 0 0 0 4 11 0 14 0 0 0 1 0 12 16 0 1 0 0 0 0 0 0 0 0 0 0 0 4 0 1 0 1 0 0 0 0 0 0 9 7 1 33 0 0 0 0 0 0 0 0 0 1 44 2 1 0 0 0 0 1 0 0 0 0 0 2 0 12 1 1 0 2 0 15 0 0 0 10 79 0 0 0 0 0 1 0 2 0 0 1 0 0 0 0 0 0 0 2 1 0 0 14 1 0 0 0 3 0 8 1 0 0 0 0 4 110 0 2 73 1 0 0 1 0 0 0 2 0 18589 0 0 0 0 0 0 0 0 1 0 0 0 0 0 0 0 10 0 0 0 0 0 0 0 0 0 0 0 0 0 5 3 16 0 11 1 85 1 2 1 3 0 
67 12681 0 0 0 5 1 0 32 0 0 0 0 1 0 0 0 0 0 1 0 0 37 0 0 0 0 4 0 3 0 0 0 0 6 0 0 0 0 0 7 0 0 1 0 0 0 2 0 46 0 0 0 0 0 1 0 0 0 0 0 0 4 0 1 0 3 0 0 0 3 0 0 14 0 0 0 0 4 3 0 3 0 0 0 0 6 16 0 19 0 0 2 2 1 12 22 0 0 0 0 0 1 0 0 0 0 0 0 0 2 1 0 0 2 0 0 0 0 0 0 4 6 2 49 0 0 0 0 3 0 0 0 0 0 20 0 0 0 0 1 0 3 0 0 0 0 0 1 0 4 1 0 0 4 0 7 0 0 0 1 91 0 1 0 0 0 1 0 0 0 0 0 0 0 0 0 0 0 0 0 1 2 0 12 6 0 0 0 4 0 4 13 1 1 0 0 0 58 0 0 176 0 0 0 0 0 0 0 1 0 11760 0 1 0 0 0 0 0 0 2 0 0 0 0 0 0 0 10 0 0 0 0 0 0 1 0 0 0 0 2 0 4 0 24 0 3 0 92 3 4 5 1 6 
68 11985 0 0 0 7 1 0 46 0 0 0 0 1 0 0 0 0 0 0 0 0 45 0 0 0 0 7 0 1 1 0 0 0 4 0 0 0 0 0 4 0 0 1 0 0 0 5 0 24 0 0 0 0 1 0 1 0 2 0 0 0 3 1 0 0 1 0 0 0 4 0 0 8 1 0 0 2 6 6 0 2 0 0 0 0 3 13 0 19 0 0 0 0 0 7 15 0 4 0 0 0 2 0 0 0 0 0 0 0 5 0 0 0 0 0 0 0 0 0 0 3 3 1 43 0 0 0 0 1 0 0 0 0 1 37 1 0 0 0 0 0 5 0 0 0 0 0 6 0 12 0 1 0 2 0 8 0 0 0 1 75 0 0 0 0 0 0 0 0 0 2 0 0 0 0 0 0 0 0 1 0 0 0 8 1 0 0 0 1 0 1 5 0 0 0 0 5 85 0 3 101 0 0 0 2 0 0 0 0 0 11189 0 0 1 0 0 0 0 0 0 0 0 0 0 0 0 0 9 0 0 0 0 0 0 2 0 0 0 0 0 0 1 1 16 0 0 0 81 1 2 1 1 0 
69 13273 0 0 0 10 1 0 32 0 0 0 0 1 0 0 0 0 0 0 0 0 36 0 0 0 0 4 0 5 0 0 0 0 3 0 0 0 0 0 5 0 0 5 0 0 0 2 0 45 0 0 0 0 0 1 0 0 2 0 0 0 3 0 0 0 4 0 0 0 6 0 0 8 0 0 0 1 2 5 0 2 0 0 0 0 4 10 0 13 0 0 0 2 0 5 16 0 1 0 0 0 1 0 0 0 0 0 0 0 2 0 0 0 0 0 0 0 0 0 0 1 4 1 41 0 0 0 0 0 0 0 0 0 0 23 2 0 0 0 0 0 5 0 0 0 0 0 2 0 10 2 0 1 2 0 13 0 0 0 0 49 0 0 1 0 0 0 0 3 0 1 2 0 0 0 0 0 0 0 0 0 0 0 8 5 0 0 0 0 0 2 0 0 0 0 0 7 87 0 2 82 0 0 0 1 0 0 0 0 0 12561 0 0 0 0 0 0 0 0 0 0 0 0 0 0 0 0 10 0 0 0 0 0 0 1 0 1 0 0 0 0 0 2 16 0 2 0 56 5 2 2 1 2 
70 9078 0 0 0 1 1 0 22 0 0 0 0 1 0 0 0 0 0 0 0 0 38 0 0 0 0 12 0 2 1 0 0 0 2 0 0 0 0 0 6 0 0 0 0 0 0 0 0 40 0 0 0 0 0 1 1 0 3 0 1 0 4 0 1 0 2 0 0 0 3 0 0 7 0 0 0 0 4 7 0 4 0 0 0 0 9 17 0 3 0 0 0 0 1 3 9 0 1 0 0 0 0 0 0 0 0 0 0 0 10 0 2 0 0 0 0 0 0 0 0 3 6 1 34 0 0 0 0 3 0 0 0 0 0 13 1 0 0 0 0 0 5 0 0 0 0 0 2 0 12 4 0 0 2 0 8 0 0 0 4 65 0 0 0 0 0 1 0 0 0 0 0 0 0 0 0 0 0 0 0 1 1 0 6 1 0 0 0 1 0 3 3 0 0 0 0 3 72 0 2 91 0 0 0 3 0 0 0 0 0 8399 0 0 0 0 0 0 0 0 0 0 0 0 0 0 0 0 1 0 0 0 0 0 0 0 0 0 0 0 0 0 4 3 12 0 0 1 66 1 5 2 2 3 
71 5546 0 0 0 4 4 0 24 0 0 0 1 0 0 0 0 1 0 0 0 0 69 0 0 0 0 0 0 0 0 0 0 0 1 0 0 0 0 0 2 0 0 2 0 0 0 1 0 31 0 0 0 0 0 0 0 0 2 0 0 0 4 0 0 0 4 0 0 0 8 0 0 0 0 0 0 1 0 12 0 9 0 0 0 0 3 5 1 4 0 0 0 0 0 4 6 0 1 0 0 0 0 0 0 0 0 0 0 0 9 0 1 0 0 0 0 0 0 0 0 6 2 0 31 0 0 0 0 0 0 0 0 0 1 10 5 0 0 0 0 0 3 1 0 0 0 0 0 0 4 5 0 0 4 0 10 0 0 0 1 35 0 0 0 0 0 0 0 1 0 0 0 0 0 0 0 0 0 0 0 0 0 0 3 1 0 0 0 0 0 0 1 0 0 0 0 0 51 0 0 126 0 0 0 2 0 0 0 0 0 4946 0 0 0 0 0 0 0 0 1 0 0 0 0 0 0 0 1 0 1 0 0 0 0 1 0 0 1 0 0 0 6 4 9 0 2 0 34 0 12 7 1 0 
72 3532 0 0 0 1 0 0 8 0 0 1 0 1 0 0 0 0 0 0 0 0 53 0 0 0 0 0 0 0 0 0 0 0 0 0 0 0 0 0 1 0 0 2 0 0 0 1 0 18 0 0 0 0 0 0 0 0 0 0 0 0 1 0 0 0 4 0 0 0 3 0 0 1 1 0 0 1 0 8 0 4 0 0 0 0 0 4 0 14 0 0 0 0 0 5 7 0 0 0 0 0 0 0 0 0 0 0 0 0 0 0 0 0 0 0 0 0 0 0 0 8 7 0 15 0 0 0 0 0 0 0 0 0 0 6 2 0 0 0 0 0 0 0 0 0 0 0 0 0 6 2 0 0 5 0 12 0 0 0 0 35 0 0 1 0 0 0 0 0 0 0 0 0 0 0 0 0 0 0 0 2 0 0 2 3 0 0 0 1 0 1 0 0 1 0 0 1 16 0 1 83 0 0 0 0 0 0 0 0 0 3142 2 0 0 0 0 0 0 0 1 0 0 0 0 0 0 0 1 0 1 0 0 0 0 0 0 0 0 0 0 0 6 4 6 0 2 0 7 0 7 2 0 0 
73 1907 0 0 0 1 0 0 5 0 0 0 0 0 0 0 0 0 0 0 0 0 31 0 0 0 0 0 0 0 0 0 0 0 0 0 0 0 0 0 1 0 1 2 0 0 0 1 0 16 0 0 0 0 0 0 0 0 0 0 0 0 1 0 0 0 3 0 0 0 2 0 0 5 0 0 0 1 1 23 0 3 0 0 0 0 3 0 1 5 0 0 0 0 0 4 7 0 0 0 0 0 1 0 0 0 0 0 1 0 9 0 0 0 0 0 0 0 0 0 0 3 5 1 8 0 0 0 0 0 0 0 0 0 0 3 1 0 0 0 0 0 0 0 0 0 0 0 0 0 0 3 3 0 2 0 9 0 0 0 4 22 0 1 1 0 0 0 0 0 0 0 1 0 1 0 0 1 0 0 0 1 0 0 1 9 0 0 0 0 0 2 1 0 0 0 0 2 12 0 0 98 1 0 0 3 0 0 0 0 0 1538 1 0 0 0 0 0 0 0 1 0 0 0 0 0 0 0 1 0 0 0 0 0 1 0 0 0 0 0 0 0 8 11 3 0 3 0 1 1 7 1 0 0 
74 1277 0 0 0 0 0 1 2 0 0 0 0 0 0 0 0 1 0 0 0 0 46 0 0 0 0 0 0 1 1 0 0 0 0 0 0 0 0 0 2 0 0 1 0 0 0 0 0 9 0 0 0 0 0 0 0 2 0 0 0 0 1 0 0 0 5 0 0 0 0 0 0 1 0 0 0 1 0 15 0 0 0 0 0 0 1 0 1 0 1 0 0 0 0 3 0 0 1 0 0 0 0 0 3 0 0 0 1 0 0 0 0 0 0 0 0 0 0 0 0 16 10 0 14 0 0 0 0 0 0 0 0 0 0 5 0 0 0 0 0 0 0 0 0 0 0 0 0 0 0 3 2 0 1 0 4 0 0 0 3 14 0 1 1 0 0 0 0 0 0 1 1 0 0 0 0 1 0 0 0 0 0 0 0 0 0 0 0 2 0 1 2 0 0 0 0 0 6 0 0 67 0 0 0 0 0 0 0 0 1 985 0 0 0 0 0 0 0 0 0 0 0 0 0 0 0 0 6 0 0 0 0 0 0 0 0 0 0 0 0 0 7 5 1 0 1 0 1 1 8 0 0 0 
75 1271 0 2 0 2 0 0 5 0 0 0 0 1 0 0 0 1 0 0 0 0 45 0 0 0 0 0 0 0 0 0 0 0 0 0 0 0 0 0 0 0 0 5 0 0 0 0 0 15 0 0 0 0 0 0 1 0 0 0 0 0 0 1 0 0 3 0 0 0 0 0 0 2 0 0 0 0 1 27 0 0 0 0 0 0 3 3 1 1 0 0 0 0 0 3 2 0 0 0 0 0 0 0 0 0 0 0 0 0 0 0 0 0 0 0 0 0 0 0 0 8 20 0 2 0 0 0 0 0 0 0 0 0 0 4 0 0 0 0 0 0 0 0 0 0 0 0 0 0 0 3 2 0 1 0 8 0 0 0 0 10 0 0 1 0 0 0 0 0 0 0 0 0 0 0 0 0 0 0 0 0 0 0 2 0 0 0 0 1 0 2 0 0 1 0 0 0 4 0 0 85 1 0 0 0 0 0 0 0 0 954 0 0 0 0 0 0 0 0 1 0 0 0 0 0 0 0 3 0 0 0 0 0 0 0 0 0 0 0 0 0 9 1 2 0 5 0 2 0 10 0 0 0 
76 2041 0 1 0 1 0 0 1 0 0 0 0 0 0 0 0 0 0 0 0 0 36 0 0 0 0 4 0 1 0 0 0 0 2 0 0 0 0 0 0 0 0 3 0 0 0 1 0 11 0 0 0 0 0 0 0 0 2 0 0 0 1 0 0 0 5 0 0 0 0 0 0 3 0 0 0 2 1 25 0 3 0 0 0 0 3 7 0 0 0 0 0 0 0 1 1 0 0 0 0 0 0 0 2 0 0 0 0 0 0 0 1 0 1 0 0 0 0 0 0 13 2 0 4 0 0 0 0 0 0 0 0 0 0 4 0 0 0 0 0 0 0 0 0 0 0 0 0 0 1 3 4 0 0 0 5 0 0 0 0 8 0 1 0 0 0 0 0 0 0 0 1 0 0 0 0 0 0 0 0 0 0 0 2 0 0 0 0 0 0 1 3 0 0 0 0 1 7 0 0 61 0 0 0 0 0 0 0 1 0 1744 0 0 0 0 0 0 1 0 1 0 0 0 0 0 0 0 6 0 0 0 0 0 0 1 0 0 0 0 0 0 7 9 3 0 4 0 10 0 6 1 0 0 
77 3538 0 0 0 1 0 0 3 0 0 0 0 1 0 0 0 0 0 0 0 0 23 0 0 1 0 3 0 0 0 0 0 0 1 0 0 0 0 0 3 0 0 9 0 0 0 1 0 4 0 0 0 0 0 1 2 0 1 0 0 0 1 0 0 0 1 0 0 0 1 0 0 1 0 0 0 1 2 36 0 1 0 0 0 0 0 10 0 2 2 0 1 0 0 6 1 0 0 0 0 0 0 0 1 0 0 0 0 0 2 0 0 0 0 0 0 0 0 0 0 20 7 0 4 0 0 0 0 0 0 0 0 0 0 10 1 0 0 0 0 0 1 0 1 0 0 0 0 0 1 0 2 0 0 0 8 0 0 0 4 14 0 0 0 0 0 0 0 0 0 0 0 0 0 0 0 0 0 0 0 0 0 0 1 1 0 0 0 3 0 0 1 0 1 0 0 0 31 0 0 56 0 0 0 2 0 0 0 0 0 3163 0 0 0 0 0 0 0 0 4 0 0 0 0 0 0 0 5 0 0 0 0 0 0 0 0 0 0 0 0 0 8 5 10 0 4 1 19 0 17 0 1 0 
78 6098 0 1 0 4 0 0 9 0 0 0 0 0 0 0 0 0 0 0 0 0 9 0 0 0 0 5 0 0 0 0 0 0 3 0 0 0 0 0 5 0 0 4 0 0 0 2 0 6 0 0 0 0 0 2 1 3 0 0 0 0 1 1 0 0 2 0 0 0 6 0 0 2 0 0 0 1 1 27 0 3 0 0 0 0 2 6 0 1 0 0 0 0 0 11 9 0 0 0 0 0 0 0 1 0 0 0 0 0 0 0 0 0 1 0 0 0 0 0 0 21 3 0 17 0 0 0 0 0 0 0 0 0 0 18 1 0 0 0 0 0 5 0 0 0 0 0 2 0 7 0 3 0 1 0 4 0 0 0 4 38 0 0 0 0 0 0 0 0 0 0 1 0 0 0 0 0 0 0 1 1 0 0 3 2 0 0 0 0 0 0 4 0 4 0 0 0 51 0 0 54 0 0 0 0 0 0 0 1 0 5626 2 0 0 0 0 0 0 0 2 0 0 0 0 0 0 0 7 0 0 0 0 0 0 0 0 0 0 0 0 0 4 8 7 0 4 1 40 0 10 2 0 0 
79 8614 0 0 0 4 1 0 10 0 0 0 0 0 0 0 0 0 0 1 0 0 10 0 0 0 0 5 0 2 0 0 1 1 7 0 0 0 0 0 15 0 0 8 0 0 0 1 0 13 0 0 0 0 0 1 2 0 1 0 0 0 1 0 0 0 4 0 0 0 2 0 0 0 0 0 0 1 1 26 0 2 0 0 0 0 2 23 0 8 0 0 1 1 0 2 11 0 2 0 0 0 0 0 1 0 0 0 1 0 3 0 0 0 0 0 0 0 0 0 0 18 1 0 24 0 0 0 0 0 0 0 0 0 0 12 0 0 0 0 0 0 6 1 0 0 0 0 0 0 6 1 0 0 1 0 6 0 0 0 0 55 0 0 0 0 0 0 0 0 0 2 1 0 0 0 0 0 0 0 0 0 1 0 2 1 0 0 0 3 0 0 3 3 2 0 0 5 74 0 3 37 0 0 0 1 0 0 0 0 1 8054 0 0 0 0 0 0 0 0 1 0 0 0 0 0 0 0 8 0 0 0 0 0 0 1 0 0 0 0 0 0 6 6 10 0 8 0 38 0 19 8 0 0 
80 10192 0 1 0 0 1 0 18 0 0 0 0 0 0 0 0 0 0 0 0 0 12 0 0 0 0 3 0 3 0 0 0 0 2 0 0 0 0 0 29 0 0 0 0 0 0 3 0 37 0 0 0 0 0 0 1 3 0 0 0 0 2 0 0 0 0 0 0 0 1 0 0 2 0 0 0 0 2 27 0 4 0 0 0 1 2 26 1 14 1 0 0 0 0 4 10 0 0 1 0 0 1 0 3 0 0 0 0 0 0 0 1 0 0 0 0 0 0 0 0 19 5 0 48 0 0 0 0 0 0 0 0 0 0 26 3 2 0 0 0 0 8 0 0 0 0 0 1 0 8 0 0 0 1 0 4 0 0 0 7 66 0 0 0 0 0 0 0 0 0 1 2 0 0 0 0 0 0 0 0 0 0 0 1 0 0 0 0 0 0 0 4 0 3 0 0 2 92 0 1 51 1 0 0 2 0 0 0 0 0 9481 0 0 0 0 0 0 0 0 3 0 0 0 0 0 0 0 5 0 0 0 0 0 0 0 1 1 0 0 0 0 0 9 23 0 3 1 54 0 10 3 0 0 
81 11417 0 0 0 2 0 0 27 0 0 0 0 1 0 0 0 0 0 0 0 0 3 0 0 0 0 2 0 1 0 0 0 2 4 0 0 0 0 0 13 0 0 1 0 0 0 2 0 26 0 0 0 0 0 1 2 1 0 0 0 0 1 2 0 0 0 0 0 0 2 0 0 2 1 0 0 0 7 30 0 3 0 0 0 0 2 12 0 34 0 0 0 0 1 5 15 0 0 0 3 0 1 0 0 0 0 0 0 0 3 0 1 0 0 0 1 0 0 0 0 21 0 1 45 0 0 0 0 2 0 0 0 0 0 22 1 0 0 0 0 0 4 0 0 0 0 0 0 0 7 1 1 0 0 0 5 0 0 0 1 61 0 0 0 0 0 5 0 3 0 0 0 0 0 0 0 0 0 0 0 1 0 0 4 0 0 0 0 1 0 1 8 0 3 0 0 1 85 0 1 44 0 0 0 1 0 0 0 0 0 10717 0 0 2 0 0 0 0 0 2 0 0 0 0 0 0 0 3 0 0 0 0 0 0 1 0 0 0 0 0 0 4 1 14 0 7 2 73 2 21 3 0 0 
82 14729 1 1 0 3 2 0 17 0 0 0 0 0 0 0 0 0 0 0 0 0 10 0 0 0 0 10 0 0 1 0 0 0 2 0 0 0 0 0 24 0 0 8 0 0 0 2 0 36 0 0 0 0 0 0 0 1 1 0 0 0 7 0 0 0 0 0 0 0 5 0 0 4 0 0 0 0 1 30 0 7 0 0 0 2 4 11 0 14 1 0 0 1 0 6 20 0 1 0 3 0 1 0 1 0 0 0 0 0 9 0 0 0 0 0 0 0 0 0 0 14 0 0 52 0 0 0 0 0 0 0 0 0 0 24 2 0 0 0 0 0 6 0 0 0 0 0 2 0 11 0 7 0 0 0 4 0 0 0 5 61 0 0 0 0 0 0 0 0 0 0 1 0 0 0 0 0 0 0 0 1 2 0 3 1 0 0 0 2 0 1 14 1 3 0 0 2 104 0 1 34 1 0 0 0 0 0 0 0 0 13937 5 0 0 0 0 0 0 0 2 0 0 0 0 1 0 0 1 0 0 0 0 0 0 0 0 2 0 0 0 0 4 8 19 0 11 1 44 1 13 3 0 1 
83 12785 0 0 0 1 4 0 19 0 0 2 0 0 0 0 0 0 0 0 0 0 12 0 0 1 0 5 0 2 0 0 2 0 0 0 0 0 0 0 20 0 0 8 0 0 0 2 0 37 0 0 0 0 0 1 2 1 2 0 0 0 3 0 0 0 0 0 0 0 5 0 0 4 0 0 0 0 2 49 0 6 0 0 0 0 2 23 1 16 0 0 0 0 0 2 18 0 0 0 0 0 0 0 2 0 0 0 0 0 1 0 3 0 0 0 0 0 0 0 0 16 1 0 56 0 0 0 0 2 0 0 0 0 0 47 2 0 0 0 0 0 18 0 0 0 0 0 1 0 19 1 4 1 0 0 7 0 0 0 0 61 0 0 0 0 0 0 0 0 0 2 0 0 0 0 0 0 0 0 0 1 3 0 11 6 0 0 0 3 0 2 7 0 1 0 0 2 101 0 2 39 0 0 0 4 0 0 0 0 0 11943 3 0 3 0 0 0 0 0 2 0 0 0 0 0 0 0 2 0 0 0 0 0 0 2 0 2 0 0 0 0 1 8 9 0 8 0 40 3 18 6 2 0 
84 10317 0 0 0 7 2 0 9 0 0 0 0 0 0 0 0 0 0 0 0 0 26 0 0 4 0 2 0 0 0 0 0 0 3 0 0 0 0 0 8 0 0 1 0 0 0 1 0 45 0 0 0 0 0 0 0 1 1 0 0 1 0 1 0 0 0 0 0 0 5 0 0 6 0 0 0 0 3 34 0 7 0 0 0 0 2 10 1 14 0 0 0 0 0 4 14 0 0 0 0 0 0 0 0 0 0 0 0 0 1 0 1 0 0 0 0 0 0 0 0 20 2 0 48 0 0 0 0 3 0 0 0 0 0 28 5 1 0 0 0 0 4 1 0 0 0 0 4 0 21 0 1 0 3 0 3 0 0 0 0 50 0 0 0 0 0 0 0 1 0 1 2 0 0 0 0 0 0 0 0 1 6 1 3 2 0 0 0 2 0 0 2 0 0 0 0 5 65 0 0 34 0 0 0 1 0 0 0 1 0 9673 1 0 0 0 0 0 0 0 1 0 0 0 0 0 0 0 3 0 0 0 0 0 0 1 0 1 0 0 0 0 0 6 8 0 9 1 48 2 13 2 1 0 
85 10010 0 1 0 2 0 0 24 0 0 0 0 1 0 0 0 0 0 1 0 0 25 0 0 0 0 7 0 3 0 0 0 0 0 0 0 0 0 0 5 0 0 4 0 0 0 1 0 37 0 0 0 0 0 1 0 1 2 0 1 0 4 0 0 0 1 0 0 0 9 0 0 1 0 0 0 0 2 48 0 11 0 0 0 0 3 18 0 18 0 0 0 0 1 3 18 0 2 0 0 0 1 0 5 0 0 0 0 0 2 0 0 0 0 0 0 0 0 0 0 22 0 0 36 0 0 0 0 2 0 0 0 0 0 28 1 0 0 0 0 0 5 0 0 0 0 0 5 0 6 2 3 0 2 0 9 0 0 1 3 49 0 1 0 0 0 1 0 0 0 0 0 0 0 0 1 0 0 0 0 2 2 0 9 1 0 0 0 0 0 1 11 0 1 0 0 4 56 0 1 56 0 0 0 5 0 0 0 1 0 9286 1 0 0 0 0 0 0 0 1 0 0 0 0 0 0 0 3 0 1 0 0 0 0 2 0 0 0 0 0 0 6 7 7 0 8 0 28 4 23 2 0 0 
86 11594 0 0 0 3 0 0 27 0 0 0 0 0 0 0 0 0 0 0 0 0 32 0 0 0 0 8 0 1 0 0 0 0 3 0 0 0 0 0 2 0 0 1 0 0 0 2 0 46 0 0 0 0 0 1 0 0 2 0 1 0 6 2 0 0 2 0 0 0 5 0 1 5 1 0 0 1 5 48 0 4 0 0 0 1 7 37 0 20 0 0 0 0 0 2 14 0 1 1 0 0 0 0 1 0 0 0 0 0 4 0 0 0 0 1 0 0 0 0 1 21 1 1 24 0 0 0 0 0 0 0 0 0 0 30 3 0 0 0 0 0 6 0 0 0 0 0 1 0 17 1 5 1 3 0 4 0 0 0 4 60 0 0 1 0 0 2 0 0 0 0 2 0 0 0 0 0 0 0 0 2 1 0 4 2 0 0 0 1 0 3 6 2 0 0 0 0 73 0 0 54 0 0 0 2 0 0 0 0 0 10803 2 0 0 0 0 1 0 0 1 0 0 0 0 0 0 0 5 0 0 0 0 0 0 0 0 0 0 0 0 0 6 4 7 0 9 1 42 2 16 4 0 0 
87 8742 0 0 0 3 1 0 26 0 0 1 0 0 0 0 0 0 0 0 0 0 28 1 0 0 0 2 0 0 0 0 0 1 0 0 0 0 0 0 4 0 0 0 0 0 0 1 0 19 0 0 0 0 0 0 1 0 0 0 0 0 3 2 0 0 1 0 0 0 4 0 0 0 0 0 0 0 3 20 0 4 0 0 0 0 1 13 0 9 0 0 0 0 0 2 8 0 0 0 0 0 0 0 1 0 0 0 0 0 3 0 0 0 0 0 0 0 0 0 0 15 2 1 28 0 0 0 0 0 0 0 0 0 0 20 1 0 0 0 0 0 4 0 1 0 0 0 1 1 3 1 3 0 2 0 8 0 0 0 0 31 0 0 0 0 0 0 0 1 0 0 2 0 0 0 0 0 0 0 0 2 1 0 4 0 0 0 0 0 0 1 2 0 0 0 0 0 42 0 0 39 0 0 0 1 0 0 0 0 0 8222 1 0 0 0 0 0 0 0 0 0 0 0 0 0 0 0 2 0 0 0 0 0 1 1 0 0 1 0 0 0 2 1 13 0 3 1 24 0 6 2 0 0 
88 7948 0 0 0 0 0 0 11 0 0 0 0 0 0 0 0 1 0 0 0 0 19 0 0 0 0 1 0 0 0 0 0 1 6 0 0 0 0 0 8 0 0 2 0 0 0 1 0 25 0 0 0 0 0 0 0 0 0 0 0 0 1 0 0 0 5 0 0 0 6 0 0 3 1 0 0 0 4 21 0 8 0 0 0 0 1 15 0 6 0 0 0 0 1 3 5 0 1 0 0 0 2 0 0 0 0 0 1 0 1 0 0 0 0 0 0 0 0 0 0 13 5 0 21 0 0 1 0 0 0 0 0 0 0 4 2 0 0 0 0 0 3 0 0 0 0 0 1 0 3 2 6 0 0 0 5 0 0 0 2 26 0 0 0 0 0 0 1 0 0 1 1 0 0 0 0 0 0 0 0 1 0 0 2 0 0 0 0 1 0 0 3 0 0 0 0 3 37 1 0 41 0 0 0 2 0 0 0 0 0 7492 1 0 0 0 0 0 0 0 0 0 0 0 0 0 0 0 0 0 0 0 0 0 0 1 0 0 0 0 0 0 5 3 9 0 6 0 26 2 4 3 1 0 
89 14955 0 0 1 11 2 0 27 0 0 0 0 2 0 0 0 0 0 2 0 0 40 0 0 0 0 17 0 4 1 0 1 0 3 0 0 0 0 0 12 0 0 7 0 0 0 0 0 69 0 0 0 0 0 1 0 4 0 0 2 1 0 0 0 0 0 0 0 0 5 0 0 14 0 0 0 0 5 15 0 33 0 0 0 1 2 12 0 17 0 0 0 0 0 9 15 0 0 0 0 0 0 0 0 0 0 0 0 0 1 0 2 1 0 0 0 0 0 0 0 7 4 2 73 1 0 0 0 1 0 0 0 0 0 49 4 1 0 0 0 0 7 0 0 0 0 0 1 0 25 1 0 0 1 0 24 0 0 0 5 74 0 0 0 0 0 0 0 4 0 0 3 0 0 0 0 1 0 0 0 1 5 0 11 2 0 0 0 0 0 0 3 0 0 0 0 10 146 0 0 97 1 0 0 3 0 0 0 0 0 13861 4 0 0 0 0 0 0 0 1 0 0 0 0 0 0 0 22 0 1 0 0 0 0 3 0 0 0 0 0 0 3 8 20 0 9 0 64 1 7 7 1 1 
90 19310 0 0 0 5 2 0 53 0 0 0 0 2 0 0 0 0 0 0 0 0 24 0 0 0 0 27 0 6 0 0 0 0 3 0 0 0 0 0 15 0 1 1 0 0 0 4 0 99 0 0 0 0 0 0 1 0 2 0 3 0 0 3 0 0 0 0 0 0 6 0 0 15 1 0 0 3 4 8 0 27 0 0 0 0 3 33 0 19 0 0 2 0 0 10 23 0 0 0 0 0 0 0 1 0 0 0 0 0 0 0 0 0 0 0 0 0 0 0 0 8 0 0 84 0 0 0 0 0 0 0 0 0 0 56 6 0 0 0 0 0 7 0 0 0 0 0 2 0 17 4 0 0 1 0 30 0 0 0 9 110 0 0 0 0 0 1 0 0 0 1 0 0 0 0 0 0 0 0 0 0 1 0 8 1 0 0 0 2 0 1 3 1 1 0 0 8 221 0 1 109 0 0 0 3 0 0 0 1 0 17968 0 0 0 0 0 0 0 0 1 0 0 0 0 0 0 0 8 0 0 0 0 0 0 3 0 0 1 0 0 0 9 6 41 0 4 0 104 0 5 8 2 1 
91 12694 0 0 0 10 3 0 30 0 0 0 0 1 0 0 0 1 0 0 0 0 53 0 0 0 0 20 0 7 0 0 0 0 2 0 0 0 0 0 13 0 1 0 0 0 0 5 0 61 0 0 0 0 0 0 0 0 0 0 0 0 6 0 0 0 0 0 0 0 3 0 0 3 0 0 0 1 1 3 0 19 0 0 0 0 3 18 0 9 0 0 2 0 0 15 14 0 0 0 0 0 0 0 0 0 0 0 0 0 2 0 1 0 0 0 0 0 0 0 0 2 3 4 58 0 0 0 0 2 0 0 0 0 0 52 5 0 0 0 0 0 3 0 0 0 0 0 3 0 8 0 0 0 4 0 13 0 0 0 1 66 0 0 0 0 0 0 0 0 0 0 0 0 0 0 0 0 0 0 0 0 6 0 5 2 0 0 0 1 0 0 7 0 1 0 0 2 125 1 5 66 1 0 0 4 0 0 0 0 0 11782 0 0 0 0 0 1 0 0 0 0 0 0 0 0 0 0 3 0 0 0 0 0 1 1 0 1 0 0 0 0 7 5 27 0 4 0 80 1 1 4 2 0 
92 11281 0 0 0 2 1 0 24 0 0 0 0 0 0 0 0 0 0 0 0 0 86 0 0 0 0 10 0 3 1 0 0 0 3 0 0 0 0 0 6 0 0 1 0 0 0 1 0 54 0 0 0 0 1 2 0 0 0 0 1 1 3 0 0 0 4 0 0 0 6 0 0 4 0 0 0 2 1 2 0 10 0 0 0 0 1 22 0 33 0 0 0 1 0 21 11 0 1 0 0 0 0 0 0 0 0 0 0 0 4 0 0 0 0 0 0 0 0 0 0 2 2 1 53 0 0 0 0 2 0 0 0 0 0 45 6 0 0 0 0 0 1 0 0 0 0 0 1 0 11 2 1 0 5 0 20 0 0 0 2 70 0 0 1 0 0 0 0 2 0 1 1 0 0 0 0 0 0 0 1 0 6 0 6 1 0 0 0 1 0 0 8 0 0 0 0 1 77 0 6 95 0 0 0 5 0 0 0 0 0 10416 0 0 0 0 0 0 0 0 0 0 0 0 0 0 0 0 3 0 0 0 0 0 0 2 1 1 0 0 0 0 4 10 26 0 1 0 48 2 2 2 0 0 
93 10140 0 0 0 3 2 0 16 0 0 0 0 0 0 0 0 0 0 0 0 0 44 0 0 0 0 9 0 1 5 0 0 0 1 0 0 0 0 0 10 0 0 2 0 0 0 6 0 35 0 0 0 0 0 0 0 0 0 0 1 0 3 0 0 0 1 0 0 0 3 0 0 4 1 0 0 0 0 1 0 5 0 0 0 0 3 11 0 17 0 0 0 1 0 3 9 0 0 0 0 0 1 0 0 0 0 0 0 0 2 0 2 0 0 0 0 0 0 0 0 3 5 1 54 0 0 0 0 3 0 0 0 0 0 31 2 0 0 0 0 0 7 2 0 0 0 0 0 0 7 2 1 0 0 0 17 0 0 0 3 73 0 0 0 0 0 1 0 2 0 0 0 0 0 0 0 0 0 0 1 0 0 0 3 1 0 0 0 0 0 0 12 0 1 0 0 12 95 0 2 93 2 0 0 0 0 0 0 0 0 9422 0 0 0 0 0 0 0 0 0 0 0 0 0 0 0 0 1 0 0 0 0 0 0 0 0 0 0 0 0 0 3 3 19 0 0 0 40 5 5 0 0 0 
94 8942 0 0 0 2 2 0 13 0 0 0 0 2 0 0 0 1 0 0 0 0 58 0 0 0 0 2 0 0 1 0 0 0 1 0 0 1 0 0 5 0 0 1 0 0 0 1 0 36 0 0 0 0 0 2 0 0 0 0 0 0 0 0 0 0 7 0 0 0 4 0 0 1 0 0 0 2 0 10 0 3 0 0 0 0 4 2 0 14 0 0 0 0 0 0 11 0 0 0 0 0 0 0 0 0 0 0 0 0 1 0 1 0 0 0 0 0 0 0 0 1 6 0 52 0 0 0 0 1 0 0 0 0 0 36 0 0 0 0 0 0 7 1 0 0 0 0 5 0 4 2 3 0 2 0 7 0 0 0 6 81 0 0 0 0 0 0 0 0 0 0 0 0 0 0 0 0 0 0 0 0 2 0 3 4 0 0 0 0 0 6 6 0 1 0 0 4 50 3 1 83 0 0 0 1 0 0 0 1 0 8315 0 0 0 0 0 0 0 0 0 0 0 0 0 0 0 0 0 0 0 0 0 0 0 0 0 0 0 0 0 0 12 6 7 0 0 0 21 3 4 0 2 0 
95 3754 0 0 2 2 0 0 11 0 0 0 0 2 0 0 0 0 0 0 0 0 61 0 0 0 0 4 0 2 0 0 0 0 0 0 0 0 0 0 2 0 0 0 0 0 0 2 0 36 0 0 0 0 0 0 0 0 0 0 0 0 4 0 0 0 0 0 0 0 2 0 0 3 0 0 0 2 0 13 0 5 0 0 0 0 2 4 0 12 0 0 0 0 0 3 5 0 0 0 0 0 0 0 0 0 0 0 0 0 2 0 0 0 0 0 0 0 0 0 0 4 4 1 16 0 0 0 0 1 0 0 0 0 0 16 0 0 0 0 0 0 3 0 0 0 0 0 1 0 1 4 4 0 2 0 8 0 0 0 5 37 0 0 0 0 0 0 0 0 0 0 0 0 0 0 0 0 0 0 1 0 0 0 3 3 0 0 0 0 0 0 8 0 0 0 0 1 37 0 1 87 1 0 0 0 0 0 0 0 0 3288 1 0 1 0 0 0 0 0 0 0 0 0 0 0 0 0 2 0 0 0 0 0 0 0 0 0 0 0 0 0 5 4 4 0 0 0 4 1 5 3 0 0 
96 2181 0 0 0 1 0 1 3 0 0 0 0 0 0 0 0 1 0 0 0 0 69 0 0 0 0 1 0 1 1 0 0 1 0 0 0 0 0 0 1 0 0 0 0 0 0 0 0 25 0 0 0 0 0 0 0 0 0 0 0 0 4 0 0 0 2 0 0 0 2 0 0 2 0 1 0 1 1 10 0 10 0 0 0 0 0 2 0 3 1 0 0 0 0 0 5 0 0 0 0 0 0 0 0 0 0 0 0 0 7 0 2 0 0 0 0 0 0 0 0 6 5 0 18 0 0 0 0 0 0 0 0 0 0 5 0 0 0 0 0 0 0 0 0 0 0 0 3 0 4 2 0 0 4 0 7 0 0 0 0 26 0 0 2 0 0 0 0 0 0 0 0 0 0 0 0 0 0 0 0 0 0 0 1 2 0 0 0 0 0 1 6 0 1 0 0 2 17 0 1 87 0 0 0 0 0 0 0 0 0 1789 1 1 0 0 0 0 0 0 1 0 0 0 0 0 0 0 0 0 0 0 0 0 0 0 0 0 0 0 0 0 8 2 0 0 0 0 7 3 7 0 0 0 
97 1227 0 0 0 0 0 0 3 0 0 0 0 0 0 0 0 1 0 0 0 0 53 0 0 0 0 0 0 1 1 0 0 0 0 0 0 0 0 0 1 0 0 3 0 0 0 0 0 10 0 0 0 0 0 1 0 0 0 0 0 0 1 0 0 0 9 0 0 0 0 0 0 11 0 0 0 1 2 13 0 0 0 0 0 0 0 0 0 6 0 0 0 0 0 0 1 0 0 0 0 0 0 0 0 0 0 0 0 0 1 0 1 0 0 0 0 0 0 0 0 6 4 1 16 0 0 0 0 0 0 0 0 0 0 0 1 0 0 0 0 0 2 0 0 0 0 0 0 0 0 3 1 0 2 0 2 0 0 0 1 17 0 1 1 0 0 0 0 0 0 1 0 0 0 0 0 0 0 0 0 1 0 0 1 1 0 0 0 0 0 0 2 0 1 0 0 0 19 0 0 88 0 0 0 1 0 0 0 0 0 903 1 0 0 0 0 0 0 0 0 0 0 0 0 0 0 0 0 0 0 0 0 0 0 0 0 0 0 0 0 0 8 5 0 0 2 0 3 1 10 0 0 0 
98 983 0 0 0 1 0 0 1 0 0 0 0 0 0 0 0 1 0 0 0 0 54 0 0 0 0 0 0 0 0 0 0 0 0 0 0 0 0 0 0 0 0 1 0 0 0 1 0 4 0 0 0 0 0 0 0 0 0 0 0 0 1 0 0 0 5 0 0 0 1 0 0 1 2 0 0 1 0 18 0 3 0 0 0 0 0 0 0 6 0 0 0 0 0 0 0 0 0 0 0 0 1 0 1 0 0 0 0 0 2 0 0 0 0 0 0 0 0 0 0 10 3 0 2 0 0 0 0 0 0 0 0 0 0 1 0 0 0 0 0 0 0 0 0 0 0 0 0 1 0 3 1 0 3 0 12 0 0 0 0 10 0 0 0 0 0 0 0 0 0 0 0 0 0 0 0 1 0 0 0 0 0 0 0 0 0 0 0 1 0 0 1 0 0 0 0 0 6 0 0 109 2 0 0 0 0 0 0 0 0 664 1 0 0 0 0 0 0 0 0 0 0 0 0 0 0 0 1 0 0 0 0 0 0 1 0 0 0 0 0 0 7 10 0 0 3 0 0 0 17 0 0 0 
99 1424 0 0 0 1 0 0 1 0 0 0 0 0 0 0 0 0 0 0 0 0 49 1 0 0 0 2 0 0 0 0 0 0 0 0 0 0 1 0 1 0 0 1 0 0 1 0 0 3 0 0 0 0 0 0 0 0 0 0 0 0 0 0 0 0 7 0 0 0 1 0 1 1 0 0 0 1 3 18 0 2 0 0 0 0 0 1 0 2 0 0 0 0 0 2 2 0 0 0 0 0 0 0 0 0 0 0 0 0 0 0 0 0 0 0 0 0 0 0 0 10 8 2 0 0 0 0 0 0 0 0 0 0 0 0 0 0 0 0 0 0 0 0 1 0 0 0 0 0 0 1 2 0 8 0 7 0 0 0 0 11 0 1 0 0 0 0 0 0 0 0 2 0 0 0 0 0 0 0 0 0 0 0 2 0 0 0 0 1 0 0 0 0 2 0 0 0 4 0 0 101 2 0 0 0 0 0 0 0 0 1118 0 0 0 0 0 0 0 0 1 0 0 0 0 0 0 0 2 0 0 0 0 0 0 1 0 0 0 0 0 0 6 3 2 0 3 0 2 0 9 0 0 1 
100 4039 0 0 0 0 0 0 2 0 0 0 0 0 0 0 0 0 0 0 0 0 29 0 0 0 0 1 0 0 0 0 0 0 0 0 0 0 1 0 8 0 0 0 0 0 0 0 0 11 0 0 0 0 0 0 0 0 0 0 0 0 2 0 0 0 2 0 0 0 1 0 0 2 1 0 0 0 1 34 0 0 0 1 0 0 1 10 1 1 0 0 0 0 0 1 0 0 0 0 0 0 0 0 0 0 0 0 0 0 1 0 0 0 0 0 0 0 0 0 0 20 7 0 3 0 0 0 0 0 0 0 0 0 0 8 0 0 0 0 0 0 1 0 0 0 0 0 0 0 2 4 0 0 0 0 5 0 0 0 0 22 0 0 0 0 0 0 0 1 0 0 1 0 0 0 0 0 0 0 0 0 0 0 2 0 0 0 0 3 0 0 1 0 0 0 0 0 5 0 0 72 2 0 0 0 0 0 0 0 0 3712 0 0 0 0 0 0 0 0 2 0 0 0 0 0 0 0 3 0 0 0 0 0 0 0 0 0 0 0 0 0 5 3 1 0 5 3 13 0 7 0 0 0 
101 5424 0 0 0 3 0 0 8 0 0 0 0 0 0 0 0 0 0 0 0 0 14 0 0 0 0 1 0 1 0 0 0 0 0 0 0 0 0 0 11 0 0 15 0 0 0 0 0 6 0 0 0 0 0 0 0 0 0 0 1 0 3 0 0 0 1 0 0 0 0 0 1 2 2 0 0 2 0 24 0 0 0 0 0 0 1 20 0 2 0 0 1 0 0 2 4 0 1 0 0 0 0 0 0 0 0 0 0 0 0 0 0 0 1 0 0 0 0 0 0 9 6 0 6 0 0 0 0 0 0 0 0 0 0 5 0 1 0 0 0 0 1 0 0 0 0 0 0 0 4 1 4 0 1 0 4 0 0 0 0 31 0 0 0 0 0 0 0 0 0 1 0 0 0 0 0 0 0 0 0 0 1 0 0 1 0 0 0 0 0 2 2 0 0 0 0 1 22 1 0 89 0 0 0 0 0 0 0 0 0 5025 0 0 0 0 0 0 0 0 1 0 0 0 0 0 0 0 7 0 1 0 0 0 0 0 0 0 0 0 0 0 7 19 6 0 6 0 14 1 7 1 0 0 
102 8173 0 0 0 0 0 0 10 0 0 0 1 2 0 0 0 0 0 0 0 0 6 0 0 0 0 2 0 0 0 0 0 0 2 0 0 0 0 0 9 0 0 4 0 0 0 1 0 12 0 0 0 0 0 0 2 0 0 0 1 0 2 0 0 0 3 0 0 0 0 0 0 5 0 0 0 0 1 25 0 3 0 0 0 0 1 14 0 17 0 0 0 0 0 3 8 0 0 0 0 0 0 0 3 0 0 0 0 0 1 0 0 0 2 0 0 0 0 0 1 13 2 2 11 0 0 0 0 1 0 0 0 0 0 16 0 0 0 0 0 0 2 1 1 0 0 0 0 0 4 0 3 0 0 0 2 0 0 0 3 46 0 0 0 0 0 0 0 0 0 1 1 0 0 0 0 0 0 0 0 1 3 0 2 0 0 0 0 1 0 1 6 0 0 0 0 0 29 0 0 70 0 0 0 1 0 0 0 0 0 7712 0 0 0 0 0 0 0 0 2 0 0 0 0 0 0 0 5 0 0 0 0 0 0 0 0 0 1 0 0 0 0 8 6 0 11 1 30 0 14 1 0 0 
103 8311 0 0 0 2 2 0 9 0 0 0 0 0 0 0 0 1 0 0 0 0 5 0 0 0 0 6 0 0 1 0 0 0 0 0 0 0 0 0 8 0 0 3 0 0 0 3 0 29 0 0 0 0 0 0 2 0 0 0 0 0 0 1 0 0 0 0 0 0 1 0 0 3 0 0 0 0 0 19 0 1 0 0 0 0 1 17 0 4 0 0 0 1 0 5 10 0 0 0 0 0 0 0 1 0 0 0 0 0 0 0 0 0 0 0 0 0 0 0 0 8 0 0 24 0 0 0 0 0 0 0 0 0 0 12 1 2 0 0 0 0 6 0 0 0 0 0 2 0 4 1 6 0 0 0 1 0 0 0 3 55 0 0 0 0 0 0 0 1 0 2 11 0 0 0 0 0 0 0 0 3 0 0 3 1 0 0 0 1 0 3 11 0 0 0 0 0 37 0 0 52 0 0 0 4 0 0 0 0 0 7808 1 0 0 0 0 0 0 0 7 0 0 0 0 0 0 0 4 0 0 0 0 0 0 0 0 0 0 0 0 0 0 9 14 0 11 2 49 1 8 0 0 0 
104 10360 0 0 0 3 0 0 11 0 0 0 0 0 0 0 0 0 0 1 0 0 10 0 0 0 0 4 0 2 0 0 0 0 0 0 0 0 0 0 13 0 0 6 0 0 0 3 0 27 0 0 0 0 0 1 0 0 1 0 3 0 5 0 0 0 0 0 0 0 2 0 0 5 0 0 0 0 1 29 0 4 0 0 0 0 3 20 0 17 1 0 0 1 0 0 3 0 0 0 0 0 0 0 0 0 0 0 1 0 0 0 0 0 0 0 0 0 0 0 0 18 0 0 42 0 0 0 0 1 0 0 0 0 0 11 3 0 0 0 0 0 2 1 0 0 0 0 2 0 12 0 4 1 0 0 2 0 0 0 1 55 0 0 0 0 1 0 0 0 0 0 1 0 0 0 0 0 0 0 3 0 1 0 4 3 0 0 0 0 0 0 12 0 0 0 0 0 35 0 0 33 0 0 0 3 0 0 0 1 0 9832 0 0 0 0 0 0 0 0 3 0 0 0 0 0 0 0 4 0 0 0 0 0 0 2 0 1 1 0 0 0 0 6 13 0 6 1 40 1 9 1 0 0 
105 9544 1 0 0 4 1 0 26 0 0 0 0 1 0 0 0 0 0 1 0 0 19 0 0 3 0 3 1 0 0 0 0 0 0 0 0 0 0 0 13 1 0 2 0 0 0 1 0 30 0 0 0 0 1 1 0 1 0 0 0 0 2 2 0 0 3 0 0 0 2 0 0 1 0 0 0 0 1 41 0 6 0 1 0 1 4 19 1 15 0 0 0 2 1 3 5 0 0 0 0 0 0 0 0 0 0 0 1 0 0 0 0 0 0 0 0 0 0 0 0 18 0 0 34 0 0 0 0 0 0 0 0 0 0 15 1 0 0 0 0 0 11 1 1 0 0 0 2 0 7 0 2 0 1 0 0 0 0 0 1 44 0 0 0 0 0 0 0 0 0 0 1 0 0 0 0 0 0 0 3 3 1 0 1 1 0 0 0 4 0 4 9 0 0 0 0 1 58 0 0 35 0 0 0 2 0 0 0 0 0 8907 3 0 1 0 0 0 0 0 2 0 0 0 0 0 0 0 2 0 0 0 0 0 0 3 0 0 0 0 0 0 9 23 12 0 12 1 41 0 26 2 0 0 
106 12279 0 0 0 4 0 0 12 0 0 0 0 3 0 0 0 0 0 0 0 0 18 0 0 0 0 6 0 2 0 0 0 0 1 0 0 0 0 0 15 0 0 3 0 0 0 2 0 20 0 0 0 0 0 1 0 0 1 0 0 1 0 0 0 0 0 0 0 0 2 0 0 6 0 0 0 0 6 40 0 7 0 0 0 0 3 18 0 16 0 0 0 0 0 3 15 0 0 1 0 0 1 0 1 0 0 0 0 0 0 0 0 0 0 0 0 0 0 0 0 16 2 1 43 0 0 0 0 1 0 0 0 0 0 25 1 0 0 0 0 0 4 0 1 0 0 0 1 0 5 0 3 0 2 0 1 0 0 0 5 48 0 0 0 0 0 0 0 1 0 1 0 0 0 0 0 0 0 0 0 2 1 0 5 0 0 0 0 3 0 3 7 0 0 0 0 0 75 0 1 49 0 0 0 0 0 0 0 0 0 11600 0 0 0 0 0 0 0 0 4 0 0 0 0 0 0 0 13 0 0 0 0 0 0 3 0 0 0 0 0 0 1 17 10 0 10 0 72 2 6 2 0 5 
107 7870 0 1 0 1 3 0 20 0 0 0 0 0 0 0 0 0 0 0 0 0 16 0 0 0 0 3 0 2 1 0 0 0 0 0 0 0 0 0 11 0 0 3 0 0 0 1 0 27 0 0 0 0 0 0 0 0 3 0 0 0 4 0 0 0 0 0 0 0 3 0 0 0 0 0 0 0 1 55 0 5 0 0 0 0 0 18 0 10 0 0 0 0 0 2 8 0 0 1 0 0 2 0 3 0 0 0 0 0 0 0 0 0 0 0 0 0 0 0 0 18 0 1 28 0 0 0 0 0 0 0 0 0 0 30 8 0 0 0 0 0 4 1 0 0 0 0 0 0 6 0 2 0 1 0 1 0 0 0 3 51 0 0 0 0 0 0 1 0 0 0 2 0 0 0 0 0 0 0 1 1 0 0 9 1 0 0 0 1 0 1 1 0 0 0 0 3 55 2 0 70 0 0 0 1 0 0 0 0 0 7228 1 0 0 0 0 0 0 0 3 0 0 0 0 0 0 0 8 0 0 0 0 0 0 4 0 0 0 0 0 0 2 6 10 0 7 0 61 0 7 5 9 0 
108 8787 0 0 0 0 1 0 12 0 0 1 0 1 0 0 0 0 0 0 0 0 19 0 0 0 0 19 0 2 0 0 0 0 4 0 0 0 0 0 5 0 0 8 0 0 0 1 0 31 0 0 0 0 1 1 3 0 0 0 0 1 1 1 0 0 1 0 0 0 1 0 0 3 0 0 0 1 3 41 0 7 0 1 0 1 4 22 0 26 0 0 0 0 0 2 5 0 0 0 0 0 1 0 0 0 0 0 0 0 2 0 2 0 0 0 0 0 0 0 0 16 1 3 37 0 0 0 0 0 0 0 0 0 0 8 1 0 0 0 0 0 5 1 0 0 0 0 1 0 10 1 4 0 2 0 9 0 0 0 1 72 0 0 2 0 0 0 0 2 0 0 1 0 0 0 0 0 0 0 0 1 0 0 7 0 0 0 0 1 0 0 9 1 1 0 0 4 49 0 5 56 0 0 0 2 0 0 0 0 0 8146 1 0 0 0 0 0 0 0 4 0 0 0 0 0 0 0 3 0 0 0 0 0 0 0 0 1 0 0 0 0 2 10 8 0 9 0 19 1 11 1 0 0 
109 9836 0 0 0 1 6 0 12 0 0 0 0 0 0 1 0 0 0 0 0 0 32 0 0 1 0 14 0 3 1 0 0 0 2 0 0 0 0 0 6 0 0 0 0 0 0 7 0 35 0 0 0 0 0 0 1 0 0 0 0 0 0 2 0 0 1 0 0 0 3 0 0 2 0 0 0 0 2 47 0 4 0 0 0 1 2 11 0 27 0 0 0 0 0 0 4 0 0 0 0 0 1 0 2 0 0 0 0 0 6 0 1 0 0 0 0 0 0 0 0 14 0 0 40 0 0 0 0 0 0 0 0 0 0 14 1 0 0 0 0 0 6 0 0 0 0 0 1 0 5 0 1 0 3 0 2 0 0 0 0 31 0 0 2 0 0 0 0 1 0 0 3 0 0 0 0 0 0 0 0 1 0 0 3 14 0 0 0 1 0 3 8 0 0 0 0 2 45 0 2 63 0 0 0 1 0 0 0 0 0 9231 1 0 0 0 0 0 0 0 3 0 0 0 0 0 0 0 4 0 0 0 0 0 0 3 0 1 0 0 0 0 1 7 6 0 12 0 31 1 8 2 2 1 
110 7532 0 1 0 1 0 1 17 0 0 0 0 0 0 0 0 0 0 1 0 0 34 0 0 0 0 2 0 1 0 0 0 0 2 0 0 0 0 0 9 0 0 1 0 0 0 5 0 28 0 0 0 0 0 2 0 1 1 0 0 0 3 2 0 0 1 0 0 0 2 0 0 4 0 0 1 0 1 43 0 4 0 0 0 0 4 10 0 17 0 0 0 1 0 4 5 0 0 2 0 0 0 0 0 0 0 0 0 0 4 0 1 0 1 0 0 0 0 0 0 13 2 2 24 0 0 0 0 2 0 0 0 0 0 28 1 0 0 0 0 0 2 0 1 0 0 0 1 0 3 0 2 0 3 0 7 0 0 0 0 50 0 0 0 0 0 1 0 0 0 0 3 0 0 0 0 0 0 0 0 1 0 0 12 6 0 0 0 0 0 1 5 0 0 0 0 0 54 0 0 85 0 0 0 0 0 0 0 2 0 6890 2 0 0 0 0 0 0 0 2 0 0 0 0 0 0 0 3 0 0 0 0 0 0 1 0 0 0 0 0 0 0 9 10 0 7 1 44 0 14 4 2 0 
111 8380 0 0 0 2 1 0 16 0 0 0 1 0 0 0 0 0 0 0 0 0 28 0 0 1 0 2 0 1 0 0 0 0 0 0 0 0 0 0 6 0 0 4 0 0 0 0 0 18 0 0 0 0 0 2 0 0 1 0 0 0 3 2 0 0 1 0 0 0 1 0 0 2 0 0 0 1 1 36 0 2 0 0 0 1 3 9 0 5 0 0 0 0 0 4 9 0 0 0 0 0 2 0 0 0 0 0 0 0 0 0 1 0 0 0 0 0 0 0 0 9 2 3 28 0 0 0 0 2 0 0 0 0 0 19 4 0 0 0 0 0 7 0 0 0 0 0 3 0 3 0 3 0 0 0 10 0 0 0 3 59 0 0 2 0 0 0 0 0 0 0 1 0 0 0 0 0 0 0 0 1 2 0 14 1 0 0 0 0 0 1 3 0 0 0 0 5 69 0 0 64 0 0 0 0 0 0 0 0 0 7784 1 0 0 0 0 1 0 0 1 0 0 0 0 0 0 0 3 0 0 0 0 0 0 1 0 1 0 0 0 0 4 6 13 0 5 0 46 3 8 5 1 0 
112 11452 0 0 0 1 3 0 14 0 0 0 0 0 0 0 0 0 0 0 0 0 33 0 0 1 0 9 0 4 1 0 0 0 13 0 0 0 2 0 12 0 0 6 0 0 0 0 0 41 0 0 0 0 0 0 2 0 1 0 1 0 5 1 0 0 3 0 0 0 2 0 0 3 0 0 0 0 3 19 0 4 0 0 0 1 4 19 1 11 0 0 0 0 0 3 9 0 1 1 0 0 1 0 3 1 0 0 0 0 3 0 0 0 0 0 0 0 0 0 0 12 5 0 38 0 0 0 0 0 0 0 0 0 1 30 3 0 0 0 0 0 5 0 0 0 0 0 3 0 7 2 10 0 2 0 7 1 0 3 3 70 0 2 0 0 0 0 0 0 0 0 1 0 0 0 0 0 0 0 1 2 0 0 4 2 0 0 0 10 0 2 8 1 0 0 0 5 45 0 1 77 1 0 0 1 0 0 0 2 0 10666 1 0 0 0 0 0 0 0 0 0 0 0 0 0 0 0 13 0 0 0 0 0 0 2 0 0 1 0 0 0 5 1 14 0 10 1 67 2 18 0 2 0 
113 14955 0 0 0 1 1 0 25 0 0 0 0 0 0 0 0 0 0 0 0 0 33 0 0 0 0 16 0 0 2 0 0 0 6 0 0 0 0 0 5 0 0 2 0 0 0 0 0 33 0 0 0 0 0 0 0 0 1 0 0 0 4 1 0 0 1 0 0 0 10 0 0 22 0 0 0 1 1 8 0 11 0 0 0 0 4 17 1 15 0 0 0 0 0 6 13 0 0 0 0 0 0 0 5 0 0 0 0 0 2 0 0 0 0 0 0 0 0 0 0 8 1 0 42 0 0 0 0 2 0 0 0 0 1 32 12 1 0 0 0 0 4 0 0 0 0 0 2 0 8 1 6 0 9 0 12 0 0 0 6 80 0 1 1 0 0 0 0 2 0 0 1 0 0 0 0 0 0 0 1 1 0 0 9 1 0 0 0 4 0 2 11 0 1 0 0 6 104 0 2 102 0 0 0 2 0 0 0 0 0 14063 4 0 0 0 0 0 0 0 1 0 0 0 0 0 0 0 6 0 0 0 0 0 0 2 0 1 0 0 0 0 2 3 18 0 9 0 65 1 9 2 1 0 
114 16791 0 1 0 3 3 0 24 0 0 0 0 0 0 0 0 0 0 0 0 0 41 0 0 0 0 28 1 8 1 0 0 0 3 0 0 0 0 0 12 0 0 0 0 0 0 3 0 45 0 0 0 0 0 2 2 0 2 0 0 1 5 0 0 0 1 0 0 0 3 0 0 15 0 0 0 0 4 5 0 13 0 0 0 1 6 20 0 16 0 0 1 0 0 7 16 0 0 1 0 0 4 0 1 0 0 0 0 0 7 0 0 0 0 0 0 0 0 0 1 10 3 1 68 0 0 0 0 0 0 0 0 0 0 39 6 1 0 0 0 0 4 0 0 0 0 0 4 1 9 0 3 0 5 0 15 0 0 1 8 85 0 0 1 0 0 0 0 0 0 3 1 0 0 0 0 0 0 0 0 0 0 0 10 1 0 0 0 2 0 0 12 0 0 0 0 5 118 0 6 73 0 0 0 3 0 0 0 0 0 15847 2 0 0 0 0 1 0 0 2 0 0 0 0 0 0 0 3 0 0 0 0 0 0 0 0 0 0 0 0 0 2 0 42 0 3 0 67 0 8 1 0 0 
115 18524 0 0 0 6 1 0 21 0 0 0 0 0 0 0 0 1 0 1 0 0 42 0 0 0 0 22 0 2 2 0 0 0 4 0 0 0 0 0 16 0 0 1 0 0 0 2 0 48 0 0 0 0 0 1 0 0 0 0 1 0 4 1 0 0 4 0 0 0 7 0 0 9 1 0 0 1 3 4 0 13 0 1 0 1 7 20 0 23 0 0 1 1 0 9 16 0 1 0 0 0 3 0 0 0 0 0 0 0 4 0 0 0 0 0 0 0 0 0 0 2 4 0 65 0 0 0 0 1 0 0 0 0 0 45 4 0 0 0 0 0 5 0 0 0 0 0 3 0 17 1 2 1 8 0 29 0 0 0 3 114 0 0 1 0 0 0 0 0 0 0 1 0 0 0 0 0 0 0 0 0 0 0 18 5 0 0 0 0 0 1 17 1 0 0 0 5 130 1 0 79 1 0 0 2 0 0 0 0 0 17474 1 0 0 0 0 0 0 0 0 0 0 0 0 0 0 0 5 0 0 0 0 0 0 1 0 0 1 0 0 0 4 3 43 0 1 0 86 1 0 4 1 2 
116 13944 0 0 0 9 5 0 21 0 0 0 0 0 0 0 0 1 0 0 0 0 31 0 0 0 0 6 0 2 0 0 0 0 1 0 0 0 0 0 5 0 0 0 0 0 0 2 0 36 0 0 0 0 0 0 1 1 0 0 2 0 3 0 0 0 4 0 0 0 4 0 0 2 0 0 0 1 1 3 0 5 0 1 0 0 6 18 0 20 0 0 1 0 0 4 17 0 0 0 0 0 0 0 0 0 0 0 0 0 3 0 1 0 1 0 0 0 0 0 0 1 1 2 71 0 0 0 0 4 0 0 0 0 0 37 3 0 0 0 0 0 7 0 0 0 0 0 2 0 3 0 0 0 3 0 14 0 0 1 4 75 0 1 0 0 0 0 1 0 0 0 2 0 0 0 0 0 0 0 1 0 0 0 6 1 0 0 0 0 0 1 17 0 1 0 0 1 125 1 0 69 2 0 0 2 0 0 0 0 0 13140 0 0 0 0 0 1 0 0 0 0 0 0 0 0 0 0 1 0 0 0 0 0 0 1 0 0 0 0 0 0 4 5 25 0 0 0 62 5 3 1 0 0 
117 9773 0 0 0 1 1 0 21 0 0 0 0 0 0 0 0 1 0 0 0 0 45 0 0 2 0 8 0 2 1 0 0 0 0 0 0 0 0 0 8 0 0 2 0 0 0 0 0 44 0 0 0 0 0 0 0 0 1 0 2 0 5 0 1 0 2 0 0 0 4 0 0 5 0 0 0 2 0 5 0 2 0 0 0 1 5 14 3 17 0 0 0 2 0 4 19 0 0 1 0 0 1 0 0 0 0 0 0 0 6 0 0 1 0 0 0 0 0 0 1 1 1 2 56 0 0 0 0 0 0 0 0 0 0 30 2 0 0 0 0 0 2 0 0 0 0 0 1 0 11 2 0 0 0 0 10 0 0 0 3 73 0 0 0 0 0 0 0 1 0 1 0 0 0 0 0 0 0 0 0 1 1 0 4 1 0 0 0 0 0 0 3 0 0 0 0 1 82 0 0 66 0 0 0 1 0 0 0 0 0 9092 1 0 0 0 0 2 0 0 0 0 0 0 0 0 0 0 1 0 0 0 0 0 0 2 0 1 0 0 0 0 6 4 13 0 1 0 39 0 2 1 0 2 
118 7024 0 0 0 6 0 0 19 0 0 0 0 1 0 0 0 1 0 0 0 0 59 0 0 0 0 1 0 2 0 0 0 0 1 0 0 0 0 0 3 0 0 2 0 0 0 3 0 35 0 0 0 0 0 3 0 0 0 0 0 0 3 0 0 0 4 0 0 0 5 0 0 7 0 0 0 2 1 6 0 15 0 0 0 1 4 7 0 11 0 0 0 0 0 3 11 0 0 0 0 0 0 0 0 0 0 0 0 0 11 0 2 0 0 0 0 0 0 0 0 3 6 0 49 0 0 0 0 2 0 0 0 0 1 19 1 0 0 0 0 0 2 0 0 0 0 0 2 0 9 1 3 0 5 0 15 0 0 0 2 62 0 0 0 0 0 0 0 0 0 0 0 0 0 0 0 0 0 0 1 2 0 0 2 4 0 0 0 0 0 0 5 0 0 0 0 1 71 0 0 73 2 0 0 2 0 0 0 0 0 6359 0 0 0 0 0 0 0 0 0 0 0 0 0 0 0 0 2 0 0 0 0 0 0 0 0 1 0 0 0 0 4 1 17 0 1 0 31 5 5 3 0 1 
119 3521 0 0 0 1 1 0 10 0 0 0 1 0 0 0 0 0 0 0 0 0 81 0 0 0 0 4 0 2 0 0 0 0 1 0 0 0 0 0 1 0 0 0 0 0 0 0 0 18 0 0 0 0 0 1 0 0 0 0 0 0 2 0 0 0 3 0 0 0 3 0 0 3 0 0 0 5 0 9 0 4 0 0 0 3 1 6 0 8 0 0 0 2 0 1 6 0 0 0 0 0 0 0 0 0 0 0 0 0 0 0 0 0 0 0 0 0 0 0 0 10 2 0 37 0 0 0 0 0 0 0 0 0 0 5 0 0 0 0 0 0 2 0 0 0 0 0 1 0 3 3 1 0 3 0 12 0 0 0 3 28 0 0 0 0 0 0 0 0 0 0 0 0 0 0 0 0 0 0 0 0 1 0 1 0 0 0 0 0 0 2 1 0 0 0 0 1 34 0 5 75 0 0 0 1 0 0 0 0 0 3073 1 0 0 0 0 0 0 0 0 0 0 0 0 0 0 0 1 0 0 0 0 0 0 0 0 0 0 0 0 0 6 3 8 0 7 1 6 0 4 2 0 1 
120 1869 0 0 0 0 1 0 1 0 0 0 0 0 0 0 0 0 0 0 0 0 81 0 0 0 0 0 0 0 0 0 2 0 0 0 0 0 0 0 1 0 0 2 0 0 0 1 0 10 0 0 0 0 0 0 0 0 0 0 0 0 1 0 0 0 2 0 0 0 0 0 0 0 0 0 0 2 0 15 0 2 0 0 0 0 3 5 0 12 1 0 0 0 0 2 2 0 1 0 0 0 0 0 0 0 0 0 0 0 0 0 0 0 0 0 0 0 0 0 0 10 5 0 12 0 0 0 0 0 0 0 0 0 0 5 1 0 0 0 0 0 4 1 0 0 0 0 0 0 3 2 5 0 1 0 2 0 0 0 3 16 0 0 0 0 0 0 0 0 0 0 1 0 0 0 0 0 0 0 0 0 0 0 0 1 0 0 0 0 0 0 3 0 1 0 0 0 12 0 0 72 2 0 0 0 0 0 0 0 0 1532 1 0 0 0 0 0 0 0 1 0 0 0 0 0 0 0 0 0 0 0 0 0 0 0 0 0 0 0 0 0 4 2 1 0 3 0 10 0 4 1 1 0 
121 1988 1 0 0 0 0 0 4 0 0 1 1 0 0 0 0 0 0 0 0 0 63 1 0 0 0 0 0 0 0 0 0 0 0 0 0 0 0 0 0 0 0 2 0 0 1 0 0 7 0 0 0 0 0 0 0 0 0 0 0 0 0 0 1 0 2 0 0 0 0 0 0 6 1 0 0 2 1 16 0 1 0 0 0 0 2 3 0 0 0 0 0 0 0 3 3 0 0 0 0 0 0 0 0 0 0 0 0 0 0 0 0 0 0 0 0 0 0 0 0 6 6 0 2 0 0 0 0 0 0 0 0 0 0 2 0 0 0 0 0 0 1 0 0 0 0 0 0 0 1 1 4 0 2 0 7 0 0 0 0 16 0 0 0 0 0 0 0 0 0 1 0 0 0 0 0 0 0 0 0 3 0 0 0 1 0 0 0 0 0 1 1 0 0 0 0 0 4 0 0 80 0 0 0 2 1 0 0 0 0 1664 0 0 0 0 0 0 0 0 0 0 0 0 0 0 0 0 1 0 0 0 0 0 0 0 0 0 0 0 0 0 5 5 1 0 1 0 8 0 11 0 0 0 
122 924 0 0 0 0 0 0 4 0 0 0 0 0 0 0 0 0 0 0 0 0 50 1 0 0 0 1 0 0 0 0 0 2 0 0 0 0 0 0 0 0 0 0 0 0 0 0 0 4 0 0 0 0 0 0 0 0 0 0 0 0 1 0 0 0 5 0 0 0 0 0 0 1 1 0 0 1 0 21 0 0 0 0 0 0 2 1 1 2 0 0 0 0 0 0 1 0 0 0 0 0 1 0 0 0 0 0 0 0 1 0 0 0 0 0 0 0 0 0 0 8 6 0 3 0 0 0 0 0 1 0 0 0 0 0 0 0 0 0 1 0 0 1 0 0 0 0 0 1 0 4 2 0 5 0 9 0 0 0 0 6 0 2 0 0 0 0 0 0 0 1 0 0 0 0 0 0 0 0 0 0 0 0 1 0 0 0 0 1 0 0 0 0 2 0 0 2 12 0 0 79 1 0 0 0 0 0 0 0 1 625 1 0 0 0 0 0 0 0 0 0 0 0 0 0 0 0 1 0 1 0 0 0 0 0 0 0 1 0 0 0 10 3 0 0 5 0 2 1 14 0 4 0 
123 1501 0 0 0 0 0 0 1 0 0 0 0 1 0 0 0 1 0 0 0 0 31 0 0 0 0 1 0 0 0 0 0 0 0 0 0 0 0 0 0 0 0 3 0 0 0 1 0 3 0 0 0 0 0 0 0 0 0 0 0 0 0 0 0 0 3 0 0 0 0 0 0 1 1 0 0 0 2 28 0 0 0 0 0 0 0 6 1 2 0 0 0 0 0 3 0 0 0 0 0 0 0 0 1 0 0 0 0 0 1 0 0 0 0 0 0 0 0 0 0 11 8 0 3 0 0 0 0 0 0 0 0 0 0 0 0 0 0 0 0 0 0 0 0 0 0 0 0 0 0 2 2 0 0 0 7 0 0 0 0 7 0 0 0 0 0 0 0 0 0 1 3 0 0 0 0 0 0 0 0 1 0 0 0 0 0 0 0 2 0 0 1 0 2 0 0 0 2 0 0 89 1 0 0 0 0 0 0 0 0 1227 0 0 0 0 0 0 0 0 3 0 0 0 0 0 0 0 3 0 0 0 0 0 0 0 0 0 0 0 0 0 9 5 1 0 3 0 7 0 6 0 0 0 
124 3535 1 0 0 1 0 0 0 0 0 0 0 0 0 0 0 0 0 0 0 0 20 0 0 0 0 2 0 0 1 0 0 0 0 0 0 0 1 0 1 0 0 2 0 0 0 1 0 6 0 0 0 0 0 0 0 0 0 0 0 1 0 0 0 0 0 0 0 0 1 0 0 2 1 0 0 1 3 29 0 0 0 0 0 0 1 8 0 3 0 0 0 0 1 0 0 0 0 0 1 0 1 0 0 0 0 0 0 0 3 0 0 0 0 0 0 0 0 0 0 11 5 1 1 0 0 0 0 0 0 0 0 0 0 4 0 0 0 0 0 0 2 0 0 0 0 0 0 0 0 3 2 0 0 0 6 0 0 0 0 9 0 2 0 0 0 0 0 0 0 0 0 0 0 0 0 0 0 0 0 0 0 0 3 0 0 0 0 1 0 1 2 0 0 0 0 0 18 0 0 72 0 0 0 0 0 0 0 0 0 3230 0 0 0 0 0 0 0 0 0 0 0 0 0 0 0 0 1 0 0 0 0 0 0 0 0 0 0 0 0 0 6 14 1 0 2 1 14 1 16 0 1 0 
125 6042 1 0 0 1 2 0 2 0 0 0 0 0 0 0 0 0 0 0 0 0 16 0 0 0 0 6 2 3 0 0 0 0 2 0 0 0 1 0 5 0 0 4 0 0 0 0 0 10 0 0 0 0 0 0 0 0 0 0 0 0 3 0 1 0 0 0 0 0 2 0 0 0 0 0 0 1 2 37 0 0 0 0 0 0 2 8 1 8 0 0 0 0 0 6 2 0 0 0 0 0 0 0 0 0 0 0 0 0 2 0 0 0 0 0 0 0 0 0 0 13 8 0 8 0 0 0 0 0 0 0 0 0 1 7 1 0 0 0 0 0 1 0 0 0 0 0 0 0 3 1 3 0 0 0 5 0 0 1 0 30 0 0 0 0 0 0 0 1 0 1 1 0 0 0 0 0 0 0 0 0 0 0 3 3 0 0 0 3 0 1 7 0 0 0 0 0 19 0 0 74 1 0 0 0 0 0 0 0 0 5620 2 0 0 0 0 0 0 0 2 0 0 0 0 0 0 0 3 0 0 0 0 0 0 0 0 0 0 0 0 0 3 10 5 0 11 2 26 0 11 2 0 0 
126 7562 0 1 0 4 1 0 5 0 0 0 0 2 0 0 0 0 0 0 0 0 6 0 0 1 0 8 0 1 0 0 0 0 1 0 0 0 1 0 5 0 0 4 0 0 0 0 0 13 0 0 0 0 0 0 0 0 0 0 0 0 3 0 0 0 3 0 0 0 1 0 0 0 0 0 0 0 2 27 0 4 0 0 0 0 0 13 0 8 0 0 0 0 0 7 3 0 0 0 0 0 0 0 1 1 0 0 0 0 2 0 0 0 1 0 0 0 0 0 0 12 5 1 31 0 0 0 0 1 0 0 0 0 0 17 1 0 0 0 0 0 7 1 1 0 0 0 1 0 6 1 7 0 0 0 1 0 0 0 0 60 0 0 0 0 0 0 0 0 0 0 0 0 0 0 0 0 0 0 0 0 0 0 2 0 0 0 0 0 0 1 6 0 0 0 0 0 24 0 0 71 0 0 0 0 0 0 0 0 0 7064 2 0 0 0 0 0 0 0 2 0 0 0 0 0 0 0 3 0 0 0 0 0 0 0 0 1 0 0 0 0 2 12 15 0 10 1 33 0 12 0 0 0 
127 9072 0 0 0 15 0 0 12 0 0 0 0 0 0 0 0 0 0 0 0 0 5 0 0 0 2 2 0 3 0 0 0 0 2 0 0 0 0 0 12 0 0 2 0 0 0 1 0 22 0 0 0 0 0 1 0 0 2 0 0 0 2 0 0 0 0 0 0 0 0 0 0 2 0 0 0 0 2 24 0 1 0 0 0 0 1 18 0 11 0 0 0 0 0 3 8 0 0 0 0 0 2 0 0 1 0 0 0 0 1 0 0 0 0 0 0 0 0 0 0 19 0 0 23 0 0 0 0 1 0 0 0 0 0 21 3 1 0 0 0 0 4 1 0 0 0 0 0 0 8 1 7 0 1 0 1 0 0 0 1 47 0 0 0 0 0 0 0 0 0 0 0 0 0 0 0 0 0 0 0 1 1 0 3 0 0 0 0 1 0 2 5 0 0 0 0 1 52 0 0 43 0 0 0 0 0 0 0 0 0 8528 0 0 0 0 0 0 0 0 2 0 0 0 0 0 0 0 4 0 0 0 0 0 0 1 0 0 0 0 0 0 0 9 11 0 6 1 63 0 20 2 1 0 
128 9632 0 0 0 12 1 0 17 0 0 0 0 1 0 0 0 0 0 0 0 0 9 0 0 0 0 4 0 2 0 0 0 0 2 0 0 0 0 0 21 0 0 1 0 0 0 0 0 21 0 0 0 0 0 1 0 1 1 0 0 0 5 0 0 0 0 0 0 0 0 0 0 0 0 0 0 0 2 31 0 2 0 0 0 0 0 21 0 9 0 0 0 1 0 2 8 0 1 0 0 0 1 0 0 0 0 0 0 0 3 0 1 0 0 0 0 0 0 0 0 20 0 0 22 0 0 0 0 2 0 0 0 0 0 11 5 0 0 0 0 0 6 1 0 0 0 0 1 0 7 0 6 0 0 0 1 0 0 0 6 69 0 0 0 0 0 0 0 1 0 0 1 0 0 0 0 0 0 0 0 1 0 0 1 0 1 0 0 1 0 3 4 0 0 0 0 5 59 0 2 43 0 0 0 2 0 0 0 0 0 9042 1 0 2 0 0 0 0 0 3 0 0 0 0 0 0 0 9 0 0 0 0 0 0 2 0 0 0 0 0 0 0 14 16 0 9 1 37 3 13 0 2 5 
129 9589 0 0 0 6 4 1 11 0 0 0 0 0 0 0 0 0 0 0 0 0 13 0 0 0 0 0 1 3 1 0 0 0 0 0 0 0 0 0 6 0 0 3 0 0 0 0 0 31 0 0 0 0 0 0 0 1 0 0 0 0 1 1 0 0 0 0 0 0 1 0 0 2 0 0 0 0 5 27 0 5 0 0 0 1 1 16 0 7 0 0 0 0 0 6 8 0 0 0 0 0 1 0 0 0 0 0 0 0 2 0 0 0 0 0 0 0 0 0 0 14 0 0 27 0 0 0 0 1 0 0 0 0 0 9 6 0 0 0 0 0 3 0 0 0 0 0 2 0 11 0 2 1 1 0 5 0 0 0 2 66 0 0 0 0 1 0 0 0 0 0 0 0 0 0 0 0 0 0 1 2 1 0 3 0 0 0 0 3 0 1 10 1 1 0 0 4 73 0 1 25 0 0 0 0 0 0 0 0 0 8987 3 0 0 0 0 0 0 0 3 0 0 0 0 0 0 0 4 0 0 0 0 0 0 0 0 0 0 0 0 0 1 7 9 0 6 1 63 0 22 1 0 1 
130 15509 0 0 0 4 2 0 18 0 0 0 0 1 0 0 0 0 0 1 0 0 20 0 0 0 0 23 0 2 0 0 0 0 1 0 0 0 0 0 6 0 0 1 0 0 0 1 0 31 0 0 0 0 0 2 0 0 2 0 0 0 6 2 0 0 0 0 0 0 1 0 0 1 0 0 0 0 1 39 0 9 0 0 0 0 1 17 0 14 0 0 0 0 0 3 4 0 0 0 0 0 0 0 0 0 0 0 0 0 4 0 5 0 1 0 0 0 0 0 0 27 2 1 35 0 0 0 0 1 0 0 0 0 0 18 8 0 0 0 0 0 12 0 0 0 0 0 2 0 9 1 1 0 0 0 0 0 0 0 2 48 0 0 0 0 0 1 0 0 0 0 3 0 0 0 0 0 0 0 1 0 2 0 7 0 0 0 0 1 0 1 4 0 1 0 0 2 66 0 2 37 0 0 0 0 0 0 0 0 0 14848 3 0 1 0 0 0 0 0 2 0 0 0 0 0 1 0 6 0 0 0 0 0 0 1 0 0 0 0 0 0 3 13 4 0 12 0 38 0 11 4 1 0 
131 9175 0 0 0 2 1 0 6 0 0 1 0 0 0 0 0 1 0 0 0 0 37 0 0 0 0 16 0 2 2 0 0 0 0 0 0 1 0 0 9 0 0 7 0 0 0 11 0 34 0 0 0 0 0 0 0 2 0 0 1 0 9 1 0 0 0 0 0 0 4 0 0 6 0 0 0 2 4 41 0 8 0 0 0 1 1 7 0 15 0 0 0 0 0 12 7 0 1 0 0 0 0 0 1 0 0 0 0 0 0 0 0 0 0 0 0 0 0 0 1 31 1 0 29 0 0 0 0 0 0 0 0 0 0 21 6 0 0 0 1 0 6 0 0 0 0 0 0 0 3 1 1 0 3 0 8 0 0 0 1 38 0 1 1 0 0 1 0 0 0 0 0 0 0 0 0 0 0 0 0 1 0 0 4 3 0 0 0 0 0 0 5 0 1 0 0 0 67 0 1 34 0 0 0 1 0 0 0 0 0 8544 2 0 1 0 0 0 0 0 1 0 0 0 0 0 0 0 6 0 0 0 0 0 0 0 0 0 0 0 0 0 5 9 10 0 9 0 42 1 14 0 1 0 
132 7078 0 0 0 2 3 0 9 0 0 0 0 3 0 0 0 0 0 1 0 0 29 0 0 2 0 3 0 3 3 0 0 0 1 0 0 0 0 0 13 0 0 8 0 0 0 2 0 28 0 0 0 0 0 1 0 0 2 0 0 0 1 2 0 0 0 0 0 0 0 0 0 0 0 0 0 1 2 52 0 5 0 0 0 1 6 18 0 14 0 0 1 0 0 2 5 0 0 0 0 0 0 0 0 1 1 0 1 0 4 0 0 0 0 0 0 0 0 1 0 18 1 1 28 0 0 0 0 0 0 0 0 0 0 16 12 0 0 0 0 0 3 0 2 0 0 0 1 0 2 1 1 0 0 0 13 0 0 0 2 48 0 0 1 0 0 0 0 0 0 1 2 0 0 0 0 0 0 0 0 3 1 0 4 3 0 0 0 1 0 4 6 0 1 0 0 2 62 0 6 33 1 0 0 2 0 0 0 1 0 6462 0 0 0 0 0 0 0 0 1 0 0 0 0 0 0 0 8 0 0 0 0 0 0 1 0 0 0 0 1 0 0 5 16 0 4 0 33 3 9 0 1 2 
133 7772 0 1 0 3 1 0 12 0 0 0 0 0 0 0 0 0 0 0 0 0 40 0 0 0 0 11 0 2 1 0 0 1 4 0 0 0 0 0 4 0 0 3 0 0 0 2 0 17 0 0 0 0 0 1 0 1 0 0 0 0 1 0 0 0 3 0 0 0 5 0 0 2 0 0 0 1 1 40 0 3 0 0 0 2 1 15 1 14 0 0 0 0 0 1 3 0 0 0 0 0 1 0 0 0 0 0 0 0 2 0 1 0 0 0 0 0 0 0 0 20 1 1 30 0 0 0 0 0 0 0 0 0 0 14 6 0 0 0 0 0 4 0 0 0 0 0 2 0 3 1 3 1 2 0 7 0 0 1 1 44 0 1 1 0 0 1 0 0 0 0 2 0 0 0 0 0 0 0 0 1 0 0 3 0 0 0 0 0 0 5 2 0 0 0 0 2 59 0 1 62 0 0 0 1 1 0 0 0 0 7192 4 0 0 0 0 0 0 0 3 0 0 0 0 0 0 0 6 0 0 0 0 0 0 2 0 0 0 0 0 0 4 1 7 0 7 0 30 0 16 2 2 1 
134 8127 0 1 0 3 2 0 15 0 0 0 0 0 0 0 0 0 0 0 0 0 36 0 0 0 0 8 0 1 2 0 0 0 0 0 0 0 0 0 1 0 0 1 0 0 0 1 0 29 0 0 0 0 0 0 0 0 0 0 1 1 5 1 0 0 1 0 0 0 3 0 0 3 0 0 0 0 1 34 0 6 0 0 0 0 1 7 0 9 0 0 0 0 1 3 8 0 0 0 0 0 0 0 1 0 0 0 0 0 0 0 1 0 0 0 0 0 0 0 0 19 4 1 26 0 0 0 0 2 0 0 0 0 0 13 2 0 0 0 0 0 4 0 0 0 0 0 1 0 4 0 4 0 1 0 9 0 0 0 3 54 0 0 0 0 0 1 0 0 0 0 1 0 0 0 0 0 0 0 0 0 4 0 4 2 0 0 0 1 0 1 1 1 0 0 0 2 64 0 0 56 1 0 0 0 0 0 0 0 0 7522 1 0 0 0 0 0 0 0 2 0 0 0 0 0 0 0 1 0 0 0 0 0 1 1 0 0 0 0 0 0 4 2 13 0 8 1 45 0 17 0 0 1 
135 7361 0 0 0 3 0 1 12 0 0 0 1 1 0 0 0 0 0 0 0 0 35 0 0 0 0 11 0 1 2 0 0 0 2 0 0 0 0 0 11 0 0 7 0 0 0 2 0 45 0 0 0 0 0 1 1 0 0 0 0 0 5 0 0 0 1 0 0 0 0 0 0 3 0 0 0 0 2 42 0 2 0 0 0 2 6 17 1 12 1 0 1 0 1 1 6 0 1 0 0 0 1 0 0 0 0 0 0 0 2 0 0 0 0 0 0 0 0 0 1 18 5 0 15 0 0 0 0 2 0 0 0 0 0 8 1 0 0 0 0 0 1 0 0 0 0 0 0 0 5 3 1 0 1 0 7 0 0 1 2 52 0 0 1 0 0 0 0 0 0 0 0 0 0 0 0 1 0 0 0 0 0 0 7 2 0 0 0 0 0 2 3 0 0 0 0 3 51 0 2 60 2 0 0 0 1 0 0 1 0 6757 0 0 0 0 0 0 0 0 1 0 0 0 0 0 0 0 10 0 0 0 0 0 0 1 0 0 0 0 0 0 6 6 5 0 7 0 45 0 8 0 0 0 
136 13736 0 1 0 8 3 0 14 0 0 0 0 1 0 0 0 0 0 0 0 0 58 0 0 1 0 15 1 1 2 0 0 0 3 0 0 0 0 0 7 0 0 0 0 0 0 2 0 42 0 0 0 0 0 2 0 1 2 0 1 0 7 0 0 0 1 0 0 0 1 0 0 2 0 0 0 0 2 25 0 6 0 0 0 0 0 13 0 3 0 0 1 0 0 3 9 0 0 0 0 0 0 0 0 0 0 0 1 0 4 1 2 0 0 0 0 0 0 0 0 10 3 1 29 0 0 0 0 0 0 0 0 0 1 24 3 0 0 0 0 0 6 0 1 0 0 0 0 0 13 1 1 0 2 0 9 0 0 0 4 31 0 0 0 0 0 0 0 1 0 0 0 0 0 0 0 0 0 0 0 0 1 0 1 4 0 0 0 0 0 8 5 0 1 0 0 3 42 0 0 65 0 0 0 0 0 0 0 0 0 13033 2 0 0 0 0 0 0 0 1 0 0 0 0 0 0 0 9 0 0 0 0 0 0 2 1 0 0 0 0 0 3 4 9 0 8 1 53 0 9 0 2 0 
137 14528 0 0 0 4 1 0 17 0 0 0 0 0 0 0 0 0 0 0 0 0 38 0 0 2 0 23 0 0 1 0 1 0 7 0 0 0 0 0 12 0 0 2 0 0 0 0 0 35 0 0 0 0 0 1 0 1 0 0 0 0 1 0 0 0 1 0 0 0 0 0 0 3 0 0 0 0 2 6 0 5 0 0 0 0 2 17 0 8 0 0 0 0 0 4 13 0 0 0 0 0 1 0 0 0 0 0 0 0 3 0 0 0 0 0 0 0 0 0 0 8 4 0 28 0 0 0 0 2 0 0 0 0 0 28 4 0 0 0 0 0 3 0 0 0 0 0 0 0 19 4 1 0 1 0 4 0 0 0 6 52 0 0 0 0 0 1 0 1 0 0 2 0 0 0 1 1 0 0 1 1 0 0 3 1 0 0 0 0 0 0 1 0 0 0 0 7 63 0 0 63 0 0 0 1 0 0 0 0 0 13791 0 0 0 0 0 0 0 0 0 0 0 0 0 0 0 0 10 0 0 0 0 0 0 1 0 1 0 0 0 0 7 0 6 0 6 0 59 0 9 3 2 1 
138 17366 0 0 0 6 4 0 20 0 0 0 0 2 0 0 0 0 0 0 0 0 35 0 0 0 0 12 0 2 1 0 0 0 6 0 0 0 0 0 25 0 0 2 0 0 0 0 0 35 0 0 0 0 0 0 1 1 1 0 0 0 2 1 0 0 2 0 0 0 4 0 0 6 0 0 0 0 1 9 0 8 0 0 0 0 2 18 0 6 0 0 0 0 0 5 11 0 1 0 0 0 0 0 1 0 0 0 0 0 1 0 0 0 0 0 0 0 0 0 0 7 4 0 45 0 0 0 0 2 0 0 0 0 0 20 1 0 0 0 0 0 3 0 0 0 0 0 0 1 10 2 1 0 3 0 5 0 0 1 4 52 0 0 0 0 0 0 0 1 0 0 0 0 0 0 0 0 0 0 0 0 0 0 9 8 0 0 0 1 0 0 4 0 0 0 0 5 82 0 1 95 0 0 0 0 0 0 0 0 0 16508 0 0 0 0 0 0 0 0 2 0 0 0 0 0 0 0 7 0 0 0 0 0 0 1 0 0 0 0 0 0 5 4 9 0 6 1 60 2 2 1 1 0 
139 13046 0 0 0 3 2 0 20 0 0 0 0 1 0 0 0 0 0 0 0 0 44 0 0 1 0 12 0 2 0 0 0 0 5 0 0 0 0 0 25 0 0 0 0 0 0 1 0 31 0 0 0 0 0 1 0 0 0 0 0 0 3 0 0 0 0 0 0 0 3 0 0 5 1 0 0 0 0 2 0 8 0 1 0 0 7 16 0 14 0 0 0 0 0 9 8 0 0 1 0 0 0 0 0 0 0 0 0 0 3 0 1 0 1 0 0 0 0 0 0 2 2 1 33 0 0 0 0 0 0 0 0 0 0 22 2 0 0 0 0 0 1 2 0 0 0 0 1 0 28 0 0 0 2 0 8 0 0 0 2 76 0 1 0 0 0 0 0 0 0 0 1 0 0 0 0 0 0 0 0 1 2 0 9 3 0 0 0 0 0 0 4 0 0 0 0 7 77 0 1 87 1 0 0 2 0 0 0 0 0 12220 0 0 0 0 0 0 0 0 3 0 0 0 0 0 0 0 15 0 0 0 0 0 0 0 0 3 0 0 0 0 4 4 21 0 4 1 87 0 0 2 4 0 
140 10522 0 0 0 9 3 0 21 0 0 0 0 0 0 0 0 0 0 0 0 0 64 0 0 0 0 15 0 1 0 0 0 0 1 0 0 0 0 0 21 0 0 0 0 0 0 2 0 31 0 0 0 0 0 0 0 1 1 0 0 0 4 0 0 0 2 0 0 0 2 0 0 3 1 0 0 0 2 3 0 10 0 0 0 1 8 17 0 14 0 0 0 0 0 2 15 0 0 4 0 0 1 0 0 0 0 0 0 0 3 0 2 0 0 0 0 0 0 0 0 2 2 0 43 0 0 0 0 2 0 0 0 0 0 22 2 1 0 0 0 0 6 1 0 1 0 0 4 0 18 1 0 0 1 0 9 0 0 0 4 72 0 0 0 0 0 0 0 0 0 0 1 0 0 0 0 0 0 0 0 0 0 0 2 2 0 0 0 0 0 0 8 0 0 0 0 2 104 0 3 86 2 0 0 3 0 0 0 0 1 9649 0 0 0 0 0 0 0 0 0 0 0 0 0 0 0 0 5 0 0 0 0 0 0 1 0 0 0 0 0 0 5 4 28 0 1 0 137 0 1 6 1 0 
141 9189 0 0 0 2 2 0 36 0 0 0 0 0 0 0 0 0 0 0 0 0 78 0 0 0 0 19 0 4 0 0 0 0 2 0 0 0 0 0 10 0 0 2 0 0 0 2 0 40 0 0 0 0 0 2 0 0 4 0 0 0 6 0 0 0 2 0 0 0 3 0 0 2 0 0 0 1 0 8 0 14 0 0 0 0 13 11 1 11 0 0 0 1 0 2 10 0 0 0 0 0 0 0 0 0 1 0 0 0 2 0 0 0 0 0 0 0 0 0 0 4 4 2 62 0 0 0 0 1 0 0 0 0 0 27 2 0 0 0 1 0 9 1 0 0 0 0 4 0 4 2 0 0 1 0 5 0 0 0 7 73 0 0 0 0 0 0 0 0 0 0 3 0 0 0 0 0 0 0 0 3 1 0 10 3 0 0 0 0 0 0 2 0 0 0 0 6 74 0 1 68 1 0 0 1 0 0 0 0 0 8414 0 0 0 0 0 0 0 0 0 0 0 0 0 0 0 0 1 0 0 0 0 0 0 0 0 0 0 0 0 0 5 4 19 0 0 1 61 3 0 2 3 0 
142 6064 0 0 0 1 2 0 14 0 0 0 0 1 0 0 0 0 0 0 0 0 56 0 0 0 0 1 0 1 0 0 0 0 3 0 0 0 0 0 2 0 1 1 0 0 0 2 0 33 0 0 0 0 0 2 0 2 2 0 0 0 0 0 0 0 2 0 0 0 3 0 0 5 0 0 0 0 1 7 0 7 0 0 0 0 2 5 0 25 0 0 0 0 0 3 16 0 0 0 0 0 0 0 0 0 0 0 0 0 3 0 1 0 0 0 0 0 0 0 0 0 1 0 43 0 0 0 0 2 0 0 0 0 1 12 2 1 0 0 0 0 2 0 0 0 0 0 4 0 10 2 0 0 1 0 9 0 0 0 3 69 0 0 1 0 0 0 0 0 0 0 0 0 0 0 0 0 0 0 0 0 0 0 4 4 0 0 0 0 0 0 1 0 1 0 0 3 59 0 1 81 2 0 0 1 0 0 0 0 0 5479 0 0 0 0 0 0 0 0 0 0 0 0 0 0 0 0 1 0 0 0 0 0 0 0 0 0 1 0 0 0 3 4 10 0 1 0 30 2 1 1 0 0 
143 3632 0 0 0 2 0 0 11 0 0 0 1 0 0 0 0 0 0 0 0 0 90 0 0 0 0 4 0 0 1 0 0 0 2 0 0 0 0 0 2 0 0 1 0 0 0 0 0 21 0 0 0 0 0 0 0 1 0 0 0 0 0 0 0 0 3 0 0 0 3 0 0 5 0 0 0 0 1 9 0 3 0 0 0 0 4 2 1 11 2 0 0 0 0 1 9 0 0 0 0 0 1 0 0 0 0 0 0 0 5 0 0 0 0 0 0 0 0 0 0 4 3 1 32 0 0 0 0 0 0 0 0 0 1 7 0 0 0 0 0 0 1 1 0 0 0 0 0 0 9 0 5 0 2 0 9 0 0 0 7 40 0 0 0 0 0 0 0 0 0 0 0 0 0 0 0 0 0 0 0 0 0 0 0 2 0 0 0 0 0 1 6 0 2 0 0 3 26 0 2 110 0 0 0 2 0 0 0 0 0 3104 1 0 0 0 0 0 0 0 1 0 0 0 0 0 0 0 1 0 0 0 0 0 0 0 0 0 0 0 0 0 9 5 11 0 0 0 11 2 4 1 1 1 
144 1853 0 1 0 0 0 0 2 0 0 0 0 0 0 0 0 0 0 0 0 0 80 0 0 0 0 1 1 0 0 0 0 0 2 0 0 0 3 0 0 0 0 2 0 0 0 0 0 12 0 0 0 0 0 1 0 0 0 0 0 0 1 1 0 0 6 0 0 0 1 0 0 3 2 0 0 2 0 13 0 1 0 0 0 0 2 3 0 1 1 0 0 0 0 2 3 0 0 0 0 0 0 0 0 0 0 0 0 0 1 0 0 0 0 0 0 0 0 0 0 4 2 0 18 0 0 0 0 0 0 0 0 0 1 8 1 0 0 0 0 0 2 0 0 0 0 0 0 0 5 1 4 0 2 0 9 0 0 0 3 19 0 0 0 0 0 0 0 0 0 0 0 0 0 0 0 0 0 0 0 0 0 0 1 1 0 0 0 0 0 0 1 0 0 0 0 0 20 0 1 75 3 0 0 1 0 0 0 0 0 1490 1 0 0 0 0 0 0 0 0 0 0 0 0 0 0 0 0 0 0 0 0 0 1 0 0 0 0 0 0 0 9 2 2 0 2 0 6 0 5 0 1 0 
145 796 0 0 0 0 0 0 1 0 0 0 0 0 0 0 0 0 0 0 0 0 43 0 0 0 0 0 0 0 0 0 0 0 1 0 0 0 0 0 0 0 0 1 0 0 0 0 0 7 0 0 0 0 0 0 0 0 0 0 0 0 0 0 0 0 5 0 0 0 3 0 0 1 0 0 0 1 0 8 0 0 0 0 0 0 1 1 1 2 0 0 0 0 0 0 1 0 0 0 0 0 0 0 0 0 0 0 0 0 3 0 0 0 0 0 0 0 0 0 0 3 6 0 14 2 0 0 0 0 0 0 0 0 0 3 0 0 0 0 0 0 0 1 0 0 0 0 0 0 1 2 2 0 0 0 7 0 0 0 1 15 0 0 0 0 0 0 0 0 0 0 0 0 0 0 0 0 0 0 0 1 0 0 0 0 0 0 0 0 0 0 0 0 0 0 0 1 7 0 0 30 1 0 0 0 1 0 0 0 0 580 0 0 0 0 0 0 0 0 0 0 0 0 0 0 0 0 2 0 0 0 0 0 0 0 0 0 0 0 0 0 20 1 1 0 3 0 1 0 4 0 0 0 
146 932 0 0 0 0 0 0 2 0 0 0 0 0 0 0 0 1 0 0 0 0 80 0 0 0 0 0 0 0 0 0 0 0 0 0 0 0 2 0 0 0 0 0 0 0 0 0 0 4 0 0 0 0 0 0 0 0 0 0 0 0 1 0 0 0 4 0 0 0 0 0 0 2 1 0 0 0 0 17 0 0 0 0 0 0 0 0 0 1 0 0 0 0 0 1 2 0 0 0 0 0 1 0 0 0 0 0 0 0 0 0 0 0 0 0 0 0 0 0 0 10 6 0 1 0 0 0 0 0 0 0 0 0 0 0 0 0 0 0 0 0 0 1 0 0 0 0 0 0 0 11 0 0 6 0 6 0 0 0 0 5 0 0 0 0 0 0 0 0 0 0 0 0 0 0 0 0 0 0 0 0 0 0 0 0 0 0 0 0 0 0 0 0 1 0 0 0 2 0 0 69 0 0 0 0 0 0 0 0 0 635 1 0 0 0 0 0 0 0 0 0 0 0 0 0 0 0 1 0 0 0 0 0 0 0 0 0 0 0 0 0 17 4 0 0 2 0 3 0 24 0 1 0 
147 1403 1 0 0 1 0 0 1 0 0 0 0 0 0 0 0 0 0 0 0 0 37 0 0 0 0 1 0 0 1 0 0 0 0 0 0 0 0 0 0 0 0 1 0 0 0 0 0 9 0 0 0 0 0 1 1 0 1 0 0 0 1 2 0 0 1 0 0 0 0 0 0 0 0 0 0 2 0 24 0 1 0 0 0 0 2 5 1 1 3 0 0 0 0 5 3 0 0 0 0 0 0 0 0 0 0 0 0 0 0 0 0 0 0 0 0 0 0 0 0 8 9 0 3 0 0 0 0 1 0 0 0 0 0 2 0 0 0 0 0 0 0 0 1 0 0 0 0 0 1 3 2 0 2 0 7 0 0 0 0 7 0 1 2 0 0 0 0 0 0 0 1 0 0 0 0 0 0 0 0 2 0 0 0 1 0 0 0 1 0 1 0 0 0 0 0 0 3 0 0 88 2 0 0 0 0 0 0 0 0 1097 0 0 0 0 0 0 0 0 0 0 0 1 0 0 0 0 6 0 0 0 0 0 0 1 0 0 0 0 0 0 4 6 1 0 1 0 9 0 9 1 1 1 
148 2742 0 0 0 0 0 0 0 0 0 0 0 0 0 0 0 0 0 0 0 0 22 0 0 0 0 3 0 0 0 0 0 1 1 0 0 0 0 0 0 0 0 1 0 0 0 1 0 4 0 0 0 0 0 0 1 0 0 0 0 0 0 0 0 0 4 0 0 0 1 0 0 1 0 0 0 2 1 22 0 0 0 0 0 0 0 7 0 0 0 0 2 0 1 4 0 0 0 0 0 0 0 0 0 0 0 0 0 0 0 0 0 0 0 0 0 0 0 0 0 13 6 0 7 0 0 0 0 0 0 0 0 0 0 2 0 0 0 0 0 0 0 1 0 0 0 0 0 0 1 2 1 0 0 0 3 0 0 0 0 6 0 0 0 0 0 1 0 0 0 0 0 0 0 0 0 2 0 0 0 2 0 0 1 0 0 0 0 0 0 1 1 1 0 0 0 0 13 0 0 76 1 0 0 0 0 0 0 0 0 2474 2 0 0 0 0 0 0 0 1 0 0 0 0 0 0 0 1 0 0 0 0 0 0 0 0 0 0 0 0 0 3 5 2 0 3 0 13 0 6 0 5 0 
149 843 0 0 0 0 0 0 0 0 0 0 0 0 0 0 0 0 0 0 0 0 2 0 0 0 0 2 0 1 1 0 0 0 0 0 0 0 0 0 0 0 0 0 0 0 0 1 0 2 0 0 0 0 0 0 0 0 0 0 0 0 0 0 0 0 1 0 0 0 0 0 0 0 0 0 0 0 0 6 0 0 0 0 0 0 0 4 0 0 0 0 0 0 0 1 1 0 0 0 0 0 0 0 0 0 0 0 0 0 0 0 0 0 0 0 0 0 0 0 0 2 1 1 0 0 0 0 0 0 0 0 0 0 0 1 0 0 0 0 0 0 0 0 0 0 0 0 0 0 1 0 0 0 0 0 1 0 0 0 0 4 0 0 0 0 0 0 0 0 0 0 0 0 0 0 0 0 0 0 0 0 0 0 1 0 0 0 0 0 0 0 0 0 0 0 0 0 3 0 0 13 0 0 0 0 0 0 0 0 0 782 0 0 0 0 0 0 0 0 0 0 0 0 0 0 0 0 0 0 0 0 0 0 0 0 0 0 0 0 0 0 2 1 0 0 2 0 1 0 3 0 0 0 
150 3854 0 0 0 3 0 0 4 0 0 0 0 0 0 0 0 0 0 0 0 0 5 0 0 0 0 2 0 0 0 0 0 0 1 0 0 0 0 0 8 0 0 5 0 0 0 1 0 3 0 0 0 0 0 0 1 0 1 0 0 0 2 0 0 0 1 0 0 0 2 0 0 1 0 0 0 2 2 17 0 2 0 0 0 0 0 11 0 1 0 0 0 0 0 1 1 0 0 0 0 0 0 0 0 0 0 0 0 0 1 0 1 0 0 0 0 0 0 0 0 13 6 0 5 0 0 0 0 3 0 0 0 0 0 9 3 0 0 0 0 0 0 0 0 0 0 0 0 0 5 0 5 0 0 0 4 0 0 0 4 28 0 0 0 1 0 0 0 0 0 0 3 0 0 0 0 0 0 0 0 0 0 0 2 0 0 0 0 0 0 0 0 0 0 0 0 1 18 0 0 33 0 0 0 0 0 0 0 0 0 3564 1 0 0 0 0 0 0 0 4 0 0 0 0 0 0 0 0 0 0 0 0 0 0 0 0 0 0 0 0 0 0 12 1 0 3 0 40 0 4 0 0 0 
151 735 0 0 0 0 0 0 2 0 0 0 0 0 0 0 0 0 0 0 0 0 0 0 0 0 0 0 0 0 0 0 0 0 0 0 0 0 0 0 0 0 0 0 0 0 0 0 0 2 1 0 0 0 0 0 0 0 0 0 0 0 0 0 0 0 0 0 0 0 0 0 0 0 0 0 0 0 0 7 0 0 0 0 0 0 0 1 0 0 0 0 2 0 0 0 0 0 0 0 0 0 0 0 0 0 0 0 0 0 0 0 0 0 1 0 0 0 0 0 0 3 0 0 2 0 0 0 0 0 0 0 0 0 0 2 0 0 0 0 0 0 0 0 0 0 0 0 0 0 2 0 1 0 0 0 1 0 0 0 0 4 0 0 0 0 0 0 0 0 0 0 0 0 0 0 0 0 0 0 0 0 0 0 0 0 0 0 0 0 0 0 0 0 0 0 0 0 5 0 0 2 0 0 0 0 0 0 0 0 0 689 0 0 0 0 0 0 0 0 0 0 0 0 0 0 0 0 0 0 0 0 0 0 0 0 0 0 0 0 0 0 0 0 1 0 1 1 3 0 0 0 0 0 
152 4643 0 0 0 0 0 0 2 0 0 0 0 0 0 0 0 0 0 0 0 0 5 0 0 0 0 5 0 0 0 0 1 0 1 0 0 0 0 0 3 0 0 2 0 0 0 0 0 17 0 0 0 0 0 0 0 0 0 0 0 0 1 0 0 0 0 0 0 0 3 0 0 1 0 0 0 0 3 13 0 3 0 0 0 0 2 10 0 9 0 0 0 0 1 4 3 0 0 0 0 0 0 0 1 0 0 0 0 0 0 0 0 0 0 0 0 0 0 0 0 12 0 1 26 0 0 0 0 0 0 0 0 0 0 18 0 0 0 0 0 0 2 0 0 0 0 0 2 0 5 0 8 0 0 0 0 0 0 0 5 32 0 0 0 0 0 0 0 0 0 1 1 0 0 0 0 0 0 0 0 3 0 0 1 0 0 0 0 0 0 2 3 0 0 0 0 4 38 0 1 22 0 0 0 0 0 0 0 1 0 4301 3 0 0 0 0 0 0 0 2 0 0 0 0 0 0 0 0 0 0 0 0 0 0 0 0 1 0 0 0 0 0 2 10 0 4 0 26 0 8 1 1 0 
153 4586 0 0 0 2 0 0 13 0 0 0 0 0 0 0 0 0 0 0 0 0 12 0 0 0 0 3 0 1 0 0 1 0 4 0 0 0 0 0 16 0 0 0 0 0 0 2 0 7 0 0 0 0 0 0 0 0 1 0 0 0 2 0 0 0 1 0 0 0 1 0 0 1 0 0 0 1 2 14 0 0 0 0 0 0 1 1 0 14 0 0 0 0 0 1 6 0 0 0 0 0 0 0 0 0 0 0 0 0 6 0 0 0 0 0 0 0 0 0 0 8 0 0 17 0 0 0 0 0 0 0 0 0 0 12 0 0 0 0 0 0 3 0 0 0 0 0 0 0 4 0 3 0 0 0 1 0 0 0 2 48 0 0 0 0 0 0 0 0 0 0 1 0 0 0 0 0 0 0 0 0 0 0 1 0 0 0 0 0 0 0 1 0 0 0 0 1 28 0 0 19 0 0 0 0 0 0 0 0 0 4264 1 0 0 0 0 0 0 0 1 0 0 0 0 0 0 0 11 0 0 0 0 0 0 0 0 0 0 0 0 0 3 3 2 0 7 0 17 0 6 0 1 0 
154 4571 0 0 0 0 0 0 5 0 0 0 0 0 0 0 0 0 0 0 0 0 11 0 0 0 0 8 1 1 0 0 2 0 1 0 0 0 0 0 4 0 0 3 0 0 0 1 0 17 0 0 0 0 0 0 0 0 0 0 0 0 5 3 0 0 1 0 0 0 1 0 0 3 0 0 0 0 1 17 0 5 0 0 0 0 1 13 0 11 0 0 0 0 0 1 8 0 0 0 0 0 0 0 0 0 0 0 0 0 1 0 0 0 0 1 0 0 0 0 0 9 1 0 25 0 0 0 0 2 0 0 0 0 0 18 3 0 0 0 0 0 1 0 0 0 0 0 0 0 6 0 8 0 0 0 6 0 0 0 2 35 0 0 1 0 0 0 0 0 0 0 2 0 0 0 0 0 0 0 0 0 0 0 3 1 0 0 0 1 0 0 2 0 0 0 0 0 33 0 0 19 0 0 0 1 0 0 0 0 0 4198 0 0 0 0 0 0 0 0 1 0 0 0 0 0 0 0 1 0 0 0 0 0 0 0 0 0 0 0 0 0 1 4 3 0 6 0 31 0 11 4 0 0 
155 4390 0 0 0 1 6 0 8 0 0 0 0 0 0 0 0 0 0 0 0 0 5 0 0 0 0 6 0 1 0 0 1 0 0 0 0 0 0 0 1 0 0 3 0 0 0 0 0 13 0 0 0 0 0 0 0 0 1 0 0 0 2 1 0 0 1 0 0 0 1 0 0 0 0 0 0 0 1 15 0 10 0 0 0 0 0 7 0 7 0 0 0 0 0 8 5 0 0 0 0 0 1 0 1 0 0 0 0 0 0 0 0 0 0 0 0 0 0 0 0 11 0 0 21 0 0 0 0 0 0 0 0 0 0 13 3 0 0 0 0 0 1 0 0 0 0 0 1 0 2 0 6 0 1 0 2 0 0 0 0 19 0 0 0 0 0 0 1 0 0 1 0 0 0 0 0 0 0 0 0 0 0 0 2 4 0 0 0 0 0 0 9 0 0 0 0 5 19 0 1 47 0 0 0 0 0 0 0 0 0 4050 0 0 0 0 0 0 0 0 3 0 0 0 0 0 0 0 1 0 0 0 0 0 0 1 0 0 0 0 0 0 2 4 3 0 2 0 31 0 13 1 0 0 
156 4002 0 0 0 1 0 0 6 0 0 0 0 0 0 0 0 0 0 0 0 0 7 0 0 0 0 11 0 0 0 0 0 0 0 0 0 0 0 0 5 0 0 1 0 0 0 0 0 13 0 0 0 0 0 0 0 0 0 0 0 0 0 1 0 0 1 0 0 0 2 0 0 1 0 0 0 0 2 22 0 7 0 0 0 0 2 14 1 3 0 0 0 0 0 3 8 0 0 0 0 0 1 0 0 0 0 0 0 0 1 0 0 0 0 0 0 0 0 0 0 14 0 1 11 0 0 0 0 1 0 0 0 0 0 11 0 0 0 0 0 0 1 0 0 0 0 0 1 0 3 0 3 0 0 0 4 0 0 0 1 24 0 0 0 0 0 0 0 0 0 0 2 0 0 0 0 0 0 0 0 2 0 0 2 2 0 0 0 0 0 2 1 0 2 0 0 4 27 0 1 32 0 0 0 2 0 0 0 0 0 3684 1 0 0 0 0 0 0 0 2 0 0 0 0 0 0 0 1 0 0 0 0 0 0 0 0 0 0 0 0 0 1 2 3 0 5 0 18 1 5 0 2 0 
157 3829 0 1 0 2 0 0 10 0 0 0 0 0 0 0 0 0 0 0 0 0 21 0 0 0 0 6 0 2 0 0 0 0 5 0 0 0 0 0 9 0 0 2 0 0 0 0 0 17 0 0 0 0 0 0 0 0 0 0 0 0 7 2 0 0 0 0 0 0 0 0 0 2 0 0 0 0 0 26 0 1 0 0 0 0 1 5 0 10 0 0 0 1 0 1 5 0 1 0 0 0 5 1 0 0 0 0 0 0 0 0 0 0 0 0 0 0 0 0 0 11 2 0 8 0 0 0 0 0 0 0 0 0 0 9 1 0 0 0 0 0 1 0 0 0 0 0 0 0 2 0 3 0 2 0 1 0 0 0 0 23 0 0 0 0 0 0 0 0 0 0 0 0 0 0 0 0 0 0 0 2 0 0 5 0 0 0 0 1 0 1 2 0 0 0 0 0 43 0 1 28 0 0 0 1 0 0 0 0 0 3476 2 0 0 0 0 0 0 0 2 0 0 0 0 0 0 0 5 0 0 0 0 0 0 0 0 0 0 0 0 0 2 1 3 0 7 1 26 1 7 1 0 0 
158 5829 0 0 0 0 1 0 3 0 0 0 0 0 0 0 0 0 0 0 0 0 12 0 0 0 0 1 0 1 0 0 0 0 2 0 0 0 0 0 1 0 0 0 0 0 0 3 0 14 0 0 0 0 0 0 0 0 0 0 1 0 3 1 0 0 0 0 0 0 0 0 0 2 0 0 0 0 1 25 0 2 0 0 0 2 0 6 1 6 0 0 0 0 0 0 6 0 0 2 0 0 0 0 1 0 0 0 0 0 0 0 0 0 0 0 0 0 0 0 0 9 1 0 14 0 0 0 0 0 0 0 0 0 0 6 1 0 0 0 0 0 0 0 0 0 0 0 0 0 8 0 0 0 1 0 4 0 0 0 3 29 0 0 1 0 0 0 0 1 0 0 1 0 0 0 0 0 0 0 0 0 0 0 0 1 0 0 0 1 0 1 3 1 0 0 0 1 38 0 0 19 0 0 0 0 0 0 0 0 0 5505 0 0 0 0 0 0 0 0 0 0 0 0 0 0 0 0 1 0 0 0 0 0 0 0 0 0 0 0 0 0 1 4 4 0 3 0 8 0 4 0 3 0 
159 4066 0 0 0 5 0 0 3 0 0 0 0 1 0 0 0 0 0 0 0 0 23 0 0 0 0 5 0 1 0 0 0 0 1 0 0 0 0 0 2 0 0 3 0 0 0 7 0 13 0 0 0 0 0 1 0 1 0 0 0 0 1 0 0 0 2 0 0 0 0 0 0 3 0 0 0 0 0 25 0 0 0 0 0 1 3 13 0 2 0 0 0 0 0 2 4 0 0 1 0 0 0 0 0 0 0 0 0 0 0 0 2 0 0 0 0 0 0 0 0 11 0 0 12 0 0 0 0 0 0 0 0 0 0 9 0 0 0 0 0 0 2 0 0 0 0 0 1 0 3 1 1 0 0 0 0 0 0 0 0 34 0 0 0 0 0 0 0 0 0 0 1 0 0 0 0 0 0 0 0 0 0 0 3 2 0 0 0 1 0 1 6 0 1 0 0 1 39 0 0 19 0 0 0 1 0 0 0 0 0 3744 0 0 0 0 0 3 0 0 0 0 0 0 0 0 0 0 2 0 0 0 0 0 0 0 0 0 0 0 0 0 0 2 7 0 3 0 19 0 6 0 0 0 
160 6915 0 0 0 1 0 1 2 0 0 0 0 0 0 0 0 0 0 0 0 0 16 0 0 0 0 7 0 0 2 0 0 0 0 0 0 0 0 0 2 0 0 3 0 0 0 6 0 7 0 0 0 0 0 0 1 0 0 0 0 0 1 1 0 0 0 0 0 0 0 0 0 0 0 0 0 0 3 12 0 7 0 0 0 0 5 9 0 5 0 0 0 1 1 0 5 0 0 0 0 0 1 0 0 0 0 0 0 0 1 0 3 0 0 0 0 0 0 0 0 10 0 0 20 0 0 0 0 2 0 0 0 0 0 10 3 0 0 0 0 0 1 0 0 0 0 0 0 0 7 3 0 0 0 0 1 0 0 0 1 27 0 0 0 0 0 0 0 0 0 0 1 0 0 0 0 0 0 0 0 1 0 0 5 0 0 0 0 0 0 0 1 0 1 0 0 1 30 0 0 17 0 0 0 0 0 0 0 0 0 6550 1 0 0 0 0 0 0 0 1 0 0 0 0 0 0 0 6 0 0 0 0 0 0 0 0 2 0 0 0 0 3 1 6 0 6 1 20 0 3 1 1 0 
161 14520 0 0 0 1 2 0 10 0 0 0 0 1 0 0 0 0 0 0 0 0 20 0 0 0 0 5 0 1 0 0 0 0 1 0 0 0 1 0 2 0 0 0 0 0 0 0 0 8 0 0 0 0 0 1 0 0 1 0 0 0 1 0 0 0 3 0 0 0 2 0 0 0 1 0 0 0 0 5 0 4 0 0 0 2 3 6 0 9 0 0 0 0 0 3 5 0 0 5 0 0 0 0 1 0 0 0 0 0 4 0 0 0 0 0 0 0 0 0 0 34 1 0 10 0 0 0 0 0 0 0 0 0 0 16 2 0 0 0 0 0 0 0 0 0 0 0 0 0 11 0 0 0 1 0 6 0 0 0 0 38 0 0 1 0 0 0 0 0 0 0 0 0 0 0 0 0 0 0 0 0 0 0 5 1 0 0 0 0 0 0 5 0 0 0 0 1 32 0 0 28 0 0 0 0 0 0 0 1 0 13993 0 0 0 0 0 0 0 0 0 0 0 0 0 0 0 0 3 0 0 0 0 0 0 0 0 0 0 0 0 0 1 1 8 0 7 1 38 1 3 0 0 1 
162 12914 0 0 0 4 2 0 6 0 0 0 0 0 0 0 0 0 0 0 0 0 22 0 0 0 0 12 0 1 0 0 1 0 0 0 0 0 0 0 10 0 0 0 0 0 0 0 0 12 0 1 0 0 0 1 0 0 1 0 0 0 4 0 0 0 1 0 0 0 3 0 0 3 0 0 0 0 0 3 0 3 0 0 0 2 1 7 0 15 0 0 0 0 0 4 4 0 1 2 0 0 0 0 0 0 0 0 0 0 5 0 0 0 0 0 0 0 0 0 0 2 0 1 15 0 0 0 0 1 0 0 0 0 0 11 0 0 0 0 0 0 1 0 1 0 0 0 2 0 2 1 0 0 2 0 3 0 0 0 1 31 0 0 0 0 0 0 0 0 0 0 0 0 0 0 0 0 0 0 0 0 0 0 4 0 0 0 0 1 0 0 0 1 0 0 0 1 21 0 0 30 0 0 0 0 0 0 0 0 0 12485 0 0 0 0 0 0 0 0 0 0 0 0 0 0 0 0 5 0 0 0 0 0 0 2 0 0 0 0 0 0 3 1 5 0 4 0 44 0 3 1 0 0 
163 8201 0 0 0 2 1 0 12 0 0 0 0 0 0 0 0 0 0 0 0 0 21 0 0 1 0 8 0 0 0 0 1 0 3 0 0 0 0 0 9 0 0 0 0 0 0 0 0 18 0 1 0 0 0 1 1 0 1 0 0 0 3 0 0 0 2 0 0 0 3 0 0 3 1 0 0 2 1 3 0 5 0 0 0 1 5 14 0 13 0 0 0 0 0 2 4 0 0 2 0 0 1 0 0 0 0 0 0 0 2 0 0 0 0 0 0 0 0 0 1 3 1 0 23 0 0 0 0 2 0 0 0 0 0 18 0 0 0 0 0 0 6 0 0 0 0 0 0 0 8 1 1 0 1 0 3 0 0 0 2 30 0 0 1 0 0 0 0 0 0 1 2 0 0 0 0 0 0 0 0 0 0 0 3 0 0 0 1 7 0 0 5 0 0 0 0 3 30 0 1 50 1 0 0 1 0 0 0 0 0 7725 0 0 0 0 0 0 0 0 1 0 0 0 0 0 0 0 3 0 0 0 0 0 0 5 0 0 0 0 0 0 2 3 9 0 0 0 68 1 1 0 0 0 
164 5871 0 0 0 0 4 0 17 0 0 0 0 3 0 0 0 0 0 1 0 0 20 0 0 0 0 3 0 1 0 0 0 0 0 0 0 0 0 0 5 0 0 0 0 0 0 1 0 19 0 0 0 0 0 0 1 0 0 0 0 0 3 0 2 0 1 0 0 0 4 0 0 4 0 0 0 0 2 1 0 0 0 1 0 0 0 16 0 9 0 0 0 0 0 4 9 0 0 0 2 0 0 0 0 0 0 0 0 0 3 0 0 0 0 0 0 0 0 0 0 0 1 0 18 0 0 0 0 2 0 0 0 0 0 12 0 0 0 0 0 0 4 0 0 0 0 0 0 0 15 2 0 0 2 0 3 0 0 0 4 28 0 0 0 0 0 0 0 0 0 0 1 0 0 0 0 0 0 0 0 1 1 0 3 0 0 0 0 2 0 0 1 0 0 0 0 1 37 0 0 36 0 0 0 2 0 0 0 0 0 5492 0 0 0 0 0 1 0 0 0 0 0 0 0 0 0 0 5 0 0 0 0 0 0 0 0 0 0 0 0 0 4 0 6 0 0 0 34 2 1 3 0 0 
165 4949 0 0 0 1 1 0 15 0 0 0 0 0 0 0 0 0 0 0 0 0 27 0 0 0 0 5 0 0 0 0 0 0 1 0 0 1 0 0 1 0 0 0 0 0 0 0 0 19 0 0 0 0 0 0 1 0 1 0 0 0 4 0 0 0 1 0 0 0 3 0 0 3 0 0 0 1 1 6 0 5 0 0 0 0 0 7 0 11 0 0 0 0 0 5 6 0 1 2 0 0 1 0 0 0 0 0 0 0 0 0 1 0 0 0 0 0 0 0 0 0 2 0 26 0 0 0 0 0 0 0 0 0 0 5 0 0 0 0 0 0 1 1 0 0 0 0 1 0 8 2 1 0 0 0 2 0 0 0 4 28 0 0 1 0 0 0 0 0 0 0 1 0 0 0 0 0 0 0 0 0 1 0 0 0 0 0 0 0 0 0 0 0 0 0 0 3 33 0 0 33 0 0 0 0 0 0 0 0 0 4628 0 0 0 0 0 0 0 0 0 0 0 0 0 0 0 0 1 0 0 0 0 0 0 3 0 0 0 0 0 0 3 0 7 0 0 0 20 0 2 0 0 0 
166 3038 0 0 0 0 2 0 1 0 0 0 0 0 0 0 0 0 0 0 0 0 31 0 0 0 0 0 1 1 1 0 0 0 3 0 0 0 0 0 11 0 0 2 0 0 0 0 0 15 0 0 0 0 0 1 1 0 0 0 0 0 3 0 0 0 4 0 0 0 0 0 0 0 0 0 0 0 0 3 0 2 0 1 0 0 5 2 0 7 0 0 0 0 0 0 7 0 0 0 1 0 0 0 0 0 0 0 0 0 1 0 0 0 0 0 0 0 0 0 0 0 2 0 19 0 0 0 0 0 0 0 0 0 0 4 1 0 0 0 0 0 0 0 0 0 0 0 0 1 4 2 0 0 1 0 3 0 0 0 0 18 0 0 0 0 0 0 0 0 0 0 0 0 0 0 0 0 0 0 1 0 0 0 1 0 0 0 0 0 0 0 3 0 0 0 0 3 29 0 0 22 1 0 0 0 0 0 0 0 0 2787 0 0 0 0 0 0 0 0 0 0 0 0 0 0 0 0 0 0 0 0 0 0 0 1 0 0 0 0 0 0 2 5 2 0 1 0 17 0 1 0 0 0 
167 1771 0 0 0 0 2 0 4 0 0 0 0 1 0 0 0 0 0 0 0 0 37 0 0 0 0 1 0 0 2 0 0 0 1 0 0 0 0 0 0 1 0 2 0 0 0 0 0 5 0 0 0 0 0 1 0 0 1 0 0 0 0 0 0 0 1 0 0 0 2 0 0 0 0 0 0 0 2 5 0 6 0 0 0 0 1 3 1 5 0 0 0 1 0 1 6 0 0 0 0 0 0 0 0 0 0 0 0 0 3 0 0 0 0 0 0 0 0 0 0 2 1 0 12 0 0 0 0 0 0 0 0 0 0 7 0 0 0 0 0 0 1 1 0 0 0 0 0 0 2 1 0 0 1 0 2 0 0 0 1 12 0 0 1 0 0 0 0 0 0 0 0 0 0 0 0 0 0 0 0 1 0 0 3 1 0 0 0 0 0 1 1 1 1 0 0 1 12 0 0 34 1 0 0 0 0 0 0 0 0 1560 0 0 0 0 0 0 0 0 0 0 0 0 0 1 0 0 0 0 0 0 0 0 0 0 0 0 0 0 0 0 6 0 0 0 0 0 4 1 2 0 0 0 
168 900 0 0 0 0 0 0 2 0 0 0 0 0 0 0 0 0 0 0 0 0 50 0 0 0 0 1 0 1 0 0 0 0 0 0 0 0 0 0 0 0 0 2 0 0 0 1 0 8 0 0 0 0 0 0 0 0 0 0 0 0 1 0 0 0 1 0 0 0 0 0 0 1 0 0 0 0 1 4 0 0 0 0 0 0 0 2 0 1 0 0 0 0 0 1 1 0 0 0 0 0 0 0 0 0 0 0 0 0 0 0 0 0 0 0 0 0 0 0 0 1 7 0 7 0 0 0 0 0 0 0 0 0 1 1 1 0 0 0 0 0 2 0 0 0 0 0 0 0 0 4 0 0 2 0 5 0 0 0 0 5 0 0 0 0 0 0 0 0 0 0 0 0 0 0 0 0 0 0 0 0 0 0 2 1 0 0 0 0 0 0 0 0 0 0 0 1 3 0 0 36 0 0 0 0 0 0 0 0 0 709 0 0 0 0 0 0 0 0 1 0 0 0 0 0 0 0 2 0 0 0 0 0 0 0 0 0 0 0 0 0 3 1 6 0 0 0 17 0 4 0 0 0 
