day total gv gu gd ga gn gl lg lb la ln lo tt tr ts li lv to lt lu tk th ti tg te ta yi yo de da oj dz st dv qu kn el eo en zh ee za mh eu et es ru rw rm rn ro jv be bg ba wa wo bm bn bo bh bi br bs ja om ms ty oc und tw os or xh ch co ca ce cy cs cr cv cu ve ps pt unknown tl pa pi ak pl hz hy hr iu ht hu hi ho ha he mg uz ml mn mi ik mk ur mt uk mr ug my ki aa ab ae ss af tn vi is in am it iw an ii ia as ar su io av ay az ie id ig sk nl nn no na nb nd ne ng ny vo zu so nr nv sn fr sm fy fa ff fi fj sa fo ka kg ckb kk sr sq ko sv km kl ks kr si kj kw kv ku sl sc ky sg sw se sd 
0 158723 0 0 0 0 0 0 0 0 0 0 0 0 900 0 0 67 0 73 0 0 709 0 0 0 5 0 0 263 82 0 0 0 0 0 1 18 0 65050 130 0 0 0 94 216 19932 377 0 0 0 80 0 0 3 0 0 0 0 2 0 0 0 0 0 4824 0 0 0 0 10996 0 0 0 0 0 0 0 0 112 61 0 0 0 0 1 44149 0 2243 1 0 0 97 0 0 0 0 374 75 185 0 0 0 0 0 2 0 0 0 0 22 0 10 10 0 0 0 0 0 0 0 0 0 26 63 2686 0 520 4 0 0 0 0 1956 0 0 0 0 0 0 0 0 0 250 0 57 0 0 0 26 0 0 0 0 0 0 0 0 1366 0 0 29 0 143 0 0 0 0 0 0 0 0 0 340 72 0 0 0 0 4 0 0 0 0 17 0 0 0 0 0 0 
1 158912 0 3 0 0 0 0 0 0 0 0 1 0 547 0 0 64 0 74 0 0 862 0 0 3 27 0 0 202 62 0 0 0 0 0 6 5 0 65295 149 0 0 0 112 217 20848 348 0 0 0 82 0 0 3 0 0 0 0 4 0 0 0 0 0 5315 0 0 0 0 10963 0 0 0 0 0 0 0 0 97 61 0 0 0 0 0 43334 0 2470 0 0 0 112 0 0 0 0 385 68 282 0 0 0 0 0 3 0 0 0 0 68 0 10 8 0 0 0 0 0 0 0 0 0 41 30 2926 0 429 1 0 0 0 0 1496 0 0 0 0 0 0 0 0 0 217 0 58 0 0 0 53 0 0 0 0 0 0 0 0 1059 0 0 24 0 112 0 0 0 0 0 0 0 0 0 284 72 0 0 0 0 7 0 0 0 0 13 0 0 0 0 0 0 
2 157272 0 6 0 0 0 0 0 0 0 0 2 0 982 0 0 50 0 54 0 0 1192 0 0 4 30 0 0 209 79 0 0 0 0 0 4 6 0 71926 150 0 0 0 90 226 21748 505 0 0 0 48 0 0 4 0 0 0 0 12 0 0 0 0 0 6071 0 0 0 0 11520 0 0 3 0 0 0 0 0 99 45 0 0 0 0 0 30783 0 2886 2 0 0 100 0 0 0 0 403 52 463 0 0 0 0 0 3 0 0 0 0 53 0 9 16 0 5 0 0 0 0 0 0 0 55 40 3453 0 372 15 0 0 0 0 1628 0 0 0 0 0 0 0 0 0 205 0 57 0 0 0 40 0 0 0 0 0 0 0 0 849 0 0 37 0 136 0 0 0 0 0 0 0 1 0 407 79 0 0 0 0 30 0 0 0 0 28 0 0 0 0 0 0 
3 155308 0 14 0 0 0 0 0 0 0 0 1 0 700 0 0 59 0 84 0 0 1261 0 0 5 53 0 0 274 91 0 0 0 0 0 15 34 0 76934 169 0 0 0 115 232 20898 650 0 0 0 63 0 0 4 0 0 0 0 8 0 0 0 0 0 8931 0 0 0 0 12308 0 0 4 0 0 0 0 0 172 52 0 0 0 0 0 19335 0 2886 1 0 0 136 0 0 0 0 503 82 590 0 0 0 0 0 8 0 0 0 0 70 0 13 18 0 0 0 0 0 0 0 0 0 36 46 3476 0 342 27 0 0 0 0 2377 0 0 0 0 0 0 0 0 0 588 0 77 0 0 0 49 0 0 0 0 0 0 0 0 793 0 0 29 0 166 0 0 0 0 0 0 0 2 0 361 132 2 0 0 0 16 0 0 0 0 16 0 0 0 0 0 0 
4 151266 0 17 0 0 0 0 0 0 0 0 0 0 1487 0 0 52 0 52 0 0 1514 0 0 3 47 0 0 517 211 0 0 0 0 0 3 59 0 84208 178 0 0 0 88 266 15970 1147 0 0 0 59 0 0 7 0 0 0 0 18 0 0 0 0 0 7325 0 0 0 0 11805 0 0 1 0 0 0 0 0 88 71 0 0 0 0 2 11157 0 3335 1 0 0 168 0 0 0 0 422 79 629 0 0 0 0 0 11 0 0 0 0 73 0 21 14 0 2 0 0 0 0 0 0 0 43 25 3927 0 514 53 0 0 0 0 2953 0 0 0 0 0 0 0 0 0 443 0 206 0 0 0 57 0 0 0 0 0 0 0 0 987 0 0 23 0 234 0 0 0 0 0 1 0 6 0 457 176 0 0 0 0 24 0 0 0 0 30 0 0 0 0 0 0 
5 127820 0 29 0 0 0 0 0 0 0 0 0 0 2725 0 0 56 0 58 0 0 1858 0 0 3 50 0 0 670 117 0 0 0 0 0 7 117 0 64149 249 0 0 0 65 273 11040 1736 0 0 0 69 0 0 25 0 0 0 0 13 0 0 0 0 0 7780 0 0 0 0 10719 0 0 0 0 0 0 0 0 65 66 0 0 0 0 1 7260 0 3577 1 0 0 309 0 1 0 0 366 85 927 0 0 0 0 0 3 0 0 0 0 165 0 72 16 0 1 0 0 0 0 0 0 0 48 24 4711 0 837 65 0 0 0 0 3540 0 0 0 0 0 0 0 0 0 638 0 72 0 0 0 56 0 0 0 0 0 0 0 0 1915 0 0 79 0 322 0 0 0 0 0 1 0 9 0 497 233 0 0 0 0 9 0 0 0 0 41 0 0 0 0 0 0 
6 109747 0 19 0 0 0 0 0 0 0 0 3 0 3398 0 0 62 0 42 0 0 1919 0 0 6 62 0 0 857 114 0 0 0 1 0 9 195 0 49767 239 0 0 0 80 238 7457 2062 0 0 0 75 0 0 36 0 0 0 0 21 0 0 0 0 0 8657 0 0 0 0 8961 0 0 1 0 0 0 0 0 70 101 0 0 0 0 3 4427 0 3582 4 0 0 363 0 0 0 0 304 71 1024 0 0 0 0 0 12 0 0 0 0 204 0 85 24 0 2 0 0 0 0 0 0 0 84 20 4942 5 1048 78 0 0 0 0 4094 0 0 0 0 0 0 0 0 0 895 0 95 0 0 0 33 0 0 0 0 0 0 0 0 2599 0 0 68 0 344 0 0 0 2 0 2 0 13 0 520 285 0 0 0 0 3 0 0 0 0 60 0 0 0 0 0 0 
7 104974 0 39 0 0 0 0 0 0 0 0 0 0 3778 0 0 79 0 35 0 0 2103 0 0 5 39 0 0 1099 145 0 0 0 0 0 10 205 0 43273 225 0 0 0 61 270 6171 2299 0 0 0 79 0 0 61 0 0 0 0 20 0 0 0 0 0 9592 0 0 0 0 8368 0 0 0 0 0 0 0 0 78 130 0 0 0 0 1 4512 0 3579 1 0 0 461 0 0 0 0 271 97 971 0 0 0 0 0 5 0 0 0 0 158 0 158 11 0 2 0 0 0 0 0 0 0 62 27 4727 0 1371 90 0 0 0 0 4334 0 0 0 0 0 0 0 0 0 986 0 118 0 0 0 36 0 0 0 0 0 0 0 0 3391 0 0 101 0 335 0 0 0 0 0 1 0 19 0 563 361 0 0 0 0 7 0 0 0 0 54 0 0 0 0 0 0 
8 115295 0 28 0 0 0 0 0 0 0 0 2 0 3910 0 0 89 0 44 0 0 2221 0 0 2 49 0 0 1161 149 0 0 0 0 0 8 194 0 39233 214 0 0 0 81 276 5843 2221 0 0 0 83 0 0 39 0 0 0 0 15 0 0 0 0 0 17294 0 0 0 0 8529 0 0 3 0 0 0 0 0 72 115 0 0 0 0 0 10385 0 3766 1 0 0 561 0 1 0 0 284 81 660 0 0 0 0 0 15 0 0 0 0 119 0 137 22 0 4 0 0 0 0 0 0 0 97 36 4764 1 1356 95 0 0 0 0 4320 0 0 0 0 0 0 0 0 0 1028 0 123 0 0 0 38 0 0 0 0 0 0 0 0 4062 0 0 109 0 271 0 0 0 1 0 8 0 66 0 622 332 0 0 0 0 15 0 0 0 0 40 0 0 0 0 0 0 
9 120520 0 16 0 0 0 0 0 0 0 0 0 0 4147 0 0 93 0 42 0 0 2169 0 0 9 53 0 0 1201 156 0 0 0 0 0 15 144 0 39229 253 0 0 0 90 244 7319 2298 0 0 0 95 0 0 30 0 0 0 0 17 0 0 0 0 0 14921 0 0 0 0 8862 0 0 6 0 0 0 0 0 62 106 0 0 0 0 2 14139 0 4629 2 0 0 585 0 3 0 0 262 68 644 0 0 0 0 0 7 0 0 0 0 161 0 138 15 0 1 0 0 0 0 0 0 0 92 22 4720 0 1542 100 0 0 0 0 4656 0 0 0 0 0 0 0 0 0 1106 0 155 0 0 0 71 0 0 0 0 0 0 0 0 4347 0 0 91 0 249 0 0 0 2 0 4 0 52 0 642 377 2 0 0 0 10 0 0 0 0 46 0 0 0 0 0 1 
10 129941 0 24 0 0 0 0 0 0 0 0 0 0 4114 0 0 83 0 55 0 0 2089 0 0 11 87 0 0 1074 122 0 0 0 0 0 4 154 0 42199 250 0 0 0 97 264 10553 2266 0 0 0 60 0 0 36 0 0 0 0 12 0 0 0 0 0 14217 0 0 0 0 9979 0 0 3 0 0 0 0 0 79 121 0 0 0 0 4 15214 0 5488 2 0 0 489 0 3 0 0 289 78 699 0 0 0 0 0 11 0 0 0 0 185 0 118 19 0 0 0 0 0 0 0 0 0 84 44 5178 0 1617 82 0 0 0 0 5119 0 0 0 0 0 0 0 0 0 1098 0 116 0 0 0 54 0 0 0 0 0 0 0 0 4462 0 0 158 0 273 0 0 0 1 0 1 0 24 0 647 342 0 0 0 0 26 0 0 0 0 62 0 0 0 0 0 1 
11 142173 0 26 0 0 0 0 0 0 0 0 0 0 3824 0 0 63 0 65 0 0 2584 0 0 3 39 0 0 1158 151 0 0 0 0 0 7 158 0 49531 270 0 0 0 101 313 13512 2247 0 0 0 106 0 0 33 0 0 0 0 15 0 0 0 0 0 13776 0 0 0 0 10718 0 0 1 0 0 0 0 0 80 95 0 0 0 0 0 17028 0 5901 1 0 0 485 0 3 0 0 311 89 635 0 0 0 0 0 6 0 0 0 0 137 0 111 35 0 0 0 0 0 0 0 0 0 93 43 5417 0 1508 83 0 0 0 0 5018 0 0 0 0 0 0 0 0 0 996 0 106 0 0 0 54 0 0 0 0 0 0 0 0 3789 0 0 143 0 238 0 0 0 0 0 2 0 29 0 601 372 0 0 0 0 10 0 0 0 0 51 0 0 0 0 0 2 
12 151918 0 15 0 0 0 0 0 0 0 0 1 0 3556 0 0 78 0 57 0 0 2676 0 0 3 48 0 0 1360 131 0 0 0 0 0 4 171 0 57186 329 0 0 0 99 289 15500 2240 0 0 0 102 0 0 18 0 0 0 0 17 0 0 0 0 0 13325 0 0 0 0 11160 0 0 0 0 0 0 0 0 83 114 0 0 0 0 0 18466 0 6262 1 0 0 456 0 2 0 0 346 92 650 0 0 0 0 0 9 0 0 0 0 118 0 117 38 0 0 0 0 0 0 0 0 0 63 42 5262 0 1462 80 0 0 0 0 4154 0 0 0 0 0 0 0 0 0 821 0 114 0 0 0 50 0 0 0 0 0 0 0 0 3396 0 0 99 0 202 0 0 0 0 0 1 0 25 0 667 292 1 0 0 0 10 0 0 0 0 57 0 0 0 0 0 1 
13 156947 0 15 0 0 0 0 0 0 0 0 1 0 4052 0 0 87 0 65 0 0 2458 0 0 3 48 0 0 754 112 0 0 0 0 0 1 149 0 61764 210 0 0 0 104 297 15851 1978 0 0 0 103 0 0 16 0 0 0 0 16 0 0 0 0 0 12128 0 0 0 0 10985 0 0 9 0 0 0 0 0 77 99 0 0 0 0 0 21703 0 6320 0 0 0 419 0 3 0 0 389 105 604 0 0 0 0 0 22 0 0 0 0 140 0 71 25 0 3 0 0 0 0 0 0 0 60 35 4885 1 1248 69 0 0 0 0 4064 0 0 0 0 0 0 0 0 0 811 0 109 0 0 0 54 0 0 0 0 0 0 0 0 3122 0 0 111 0 248 0 0 0 0 0 2 0 17 0 553 291 1 0 0 0 17 0 0 0 0 63 0 0 0 0 0 0 
14 158682 0 9 0 0 0 0 0 0 0 0 0 0 5003 0 0 75 0 50 0 0 2696 0 0 6 45 0 0 755 122 0 0 0 0 0 7 149 0 65836 269 0 0 0 106 273 16117 2006 0 0 0 105 0 0 38 0 0 0 0 15 0 0 0 0 0 9881 0 0 0 0 11066 0 0 5 0 0 0 0 0 66 93 0 0 0 0 0 21501 0 5687 4 0 0 405 0 1 0 0 383 82 692 0 0 0 0 0 15 0 0 0 0 124 0 67 7 0 1 0 0 0 0 0 0 0 52 35 4529 0 1236 72 0 0 0 0 3765 0 0 0 0 0 0 0 0 0 858 0 104 0 0 0 52 0 0 0 0 0 0 0 0 2993 0 0 118 0 226 0 0 0 0 0 1 0 21 0 518 273 0 0 0 0 11 0 0 0 0 55 0 0 0 0 0 1 
15 158699 0 23 0 0 0 0 0 0 0 0 1 0 4246 0 0 65 0 48 0 0 2981 0 0 2 52 0 0 863 131 0 0 0 0 0 12 130 0 69030 197 0 0 0 116 268 17202 2036 0 0 0 78 0 0 23 0 0 0 0 20 0 0 0 0 0 7291 0 0 0 0 12002 0 0 3 0 0 0 0 0 89 99 0 0 0 0 0 20318 0 4525 6 0 0 457 0 0 0 0 360 104 653 0 0 0 0 0 21 0 0 0 0 143 0 95 19 0 1 0 0 0 0 0 0 0 36 45 4182 1 1145 76 0 0 0 0 4179 0 0 0 0 0 0 0 0 0 802 0 121 0 0 0 53 0 0 0 0 0 0 0 0 3170 0 0 147 0 210 0 0 0 2 0 1 0 44 0 434 271 0 0 0 0 18 0 0 0 0 49 0 0 0 0 0 3 
16 158527 0 13 0 0 0 0 0 0 0 0 1 0 6316 0 0 74 0 72 0 0 2411 0 0 6 57 0 0 871 121 0 0 0 0 0 18 114 0 73085 142 0 0 0 110 271 16935 2190 0 0 0 111 0 0 26 0 0 0 0 26 0 0 0 0 0 4036 0 0 0 0 11896 0 0 2 0 0 0 0 0 57 120 0 0 0 0 0 18322 0 3277 4 0 0 399 0 0 0 0 419 87 706 0 0 0 0 0 16 0 0 0 0 143 0 110 17 0 0 0 0 0 0 0 0 0 30 59 3401 0 1261 77 0 0 0 0 5494 0 0 0 0 0 0 0 0 0 887 0 133 0 0 0 47 0 0 0 0 0 0 0 0 3456 0 0 82 0 233 0 0 0 0 0 1 0 32 0 389 309 1 0 0 0 9 0 0 0 0 45 0 0 0 0 0 0 
17 157323 0 12 0 0 0 0 0 0 0 0 0 0 6208 0 0 66 0 60 0 0 1709 0 0 8 49 0 0 898 160 0 0 0 0 0 1 116 0 73168 108 0 0 0 103 252 17347 2321 0 0 0 100 0 0 20 0 0 0 0 15 0 0 0 0 0 2475 0 0 0 0 11608 0 0 0 0 0 0 0 0 74 115 0 0 0 0 1 18172 0 2120 2 0 0 470 0 2 0 0 380 90 690 0 0 0 0 0 8 0 0 0 0 152 0 114 24 0 2 0 0 0 0 0 0 0 45 40 2603 1 1347 69 0 0 0 0 7944 0 0 0 0 0 0 0 0 0 914 0 118 0 0 0 25 0 0 0 0 0 0 0 0 3902 0 0 106 0 222 0 0 0 0 0 4 0 25 0 242 432 0 0 0 0 16 0 0 0 0 45 0 0 0 0 0 3 
18 157228 0 10 0 0 0 0 0 0 0 0 0 0 5988 0 0 71 0 51 0 0 1050 0 0 2 22 0 0 891 137 0 0 0 0 0 1 130 0 73674 69 0 0 0 77 252 16712 2305 0 0 0 117 0 0 24 0 0 0 0 13 0 0 0 0 0 1629 0 0 0 0 11960 0 0 1 0 0 0 0 0 74 125 0 0 0 0 3 19182 0 1477 5 0 0 551 0 3 0 0 410 60 408 0 0 0 0 0 6 0 0 0 0 109 0 71 19 0 0 0 0 0 0 0 0 0 28 53 1872 0 1432 92 0 0 0 0 9765 0 0 0 0 0 0 0 0 0 966 0 126 0 0 0 10 0 0 0 0 0 0 0 0 4158 0 0 111 0 284 0 0 0 1 0 3 0 26 0 137 418 0 0 0 0 2 0 0 0 0 54 0 0 0 0 0 1 
19 156269 0 3 0 0 0 0 0 0 0 0 0 0 5543 0 0 71 0 49 0 0 583 0 0 2 12 0 0 863 119 0 0 0 0 0 0 207 0 73850 52 0 0 0 77 240 16943 2349 0 0 0 93 0 0 25 0 0 0 0 18 0 0 0 0 0 1476 0 0 0 0 12294 0 0 0 0 0 0 0 0 88 124 0 0 0 0 2 21968 0 1187 2 0 0 552 0 4 0 0 377 85 230 0 0 0 0 0 17 0 0 0 0 107 0 92 6 0 0 0 0 0 0 0 0 0 22 53 1358 0 2309 60 0 0 0 0 6443 0 0 0 0 0 0 0 0 0 1025 0 142 0 0 0 2 0 0 0 0 0 0 0 0 4181 0 0 151 0 212 0 0 0 0 0 3 0 30 0 110 408 0 0 0 0 3 0 0 0 0 47 0 0 0 0 0 0 
20 157179 0 3 0 0 0 0 0 0 0 0 0 0 7633 0 0 57 0 58 0 0 294 0 0 0 4 0 0 925 151 0 0 0 0 0 0 196 0 71585 48 0 0 0 113 203 17941 1947 0 0 0 98 0 0 20 0 0 0 0 4 0 0 0 0 0 1954 0 0 0 0 11924 0 0 0 0 0 0 0 0 79 89 0 0 0 0 3 24784 0 1017 0 0 0 516 0 13 0 0 401 64 142 0 0 0 0 0 3 0 0 0 0 44 0 85 2 0 0 0 0 0 0 0 0 0 37 58 1151 0 2218 35 0 0 0 0 5094 0 0 0 0 0 0 0 0 0 888 0 121 0 0 0 2 0 0 0 0 0 0 0 0 4307 0 0 145 0 135 0 0 0 0 0 6 0 22 0 86 420 0 0 0 0 0 0 0 0 0 52 0 0 0 0 0 2 
21 156350 0 1 0 0 0 0 0 0 0 0 0 0 4967 0 0 54 0 57 0 0 224 0 0 0 2 0 0 685 114 0 0 0 0 0 0 105 0 70444 58 0 0 0 106 188 18309 1492 0 0 0 93 0 0 24 0 0 0 0 13 0 0 0 0 0 4097 0 0 0 0 11741 0 0 0 0 0 0 0 0 83 78 0 0 0 0 0 27101 0 1205 0 0 0 343 0 1 0 0 392 73 110 0 0 0 0 0 0 0 0 0 0 54 0 64 0 0 0 0 0 0 0 0 0 0 22 53 1318 0 1873 28 0 0 0 0 5190 0 0 0 0 0 0 0 0 0 759 0 89 0 0 0 1 0 0 0 0 0 0 0 0 4052 0 0 114 0 158 0 0 0 0 0 4 0 23 0 131 219 0 0 0 0 1 0 0 0 0 37 0 0 0 0 0 0 
22 155402 0 2 0 0 0 0 0 0 0 0 0 0 4419 0 0 40 0 55 0 0 268 0 0 0 5 0 0 459 91 0 0 0 0 0 0 68 0 67944 83 0 0 0 95 196 18559 900 0 0 0 78 0 0 11 0 0 0 0 8 0 0 0 0 0 6242 0 0 0 0 10987 0 0 0 0 0 0 0 0 75 99 0 0 0 0 0 30207 0 1656 0 0 0 225 0 0 0 0 381 74 115 0 0 0 0 0 1 0 0 0 0 50 0 29 4 0 0 0 0 0 0 0 0 0 18 41 1729 1 1038 19 0 0 0 0 4737 0 0 0 0 0 0 0 0 0 466 0 62 0 0 0 7 0 0 0 0 0 0 0 0 3269 0 0 129 0 88 0 0 0 0 0 4 0 14 0 207 115 0 0 0 0 4 0 0 0 0 27 0 0 0 0 0 1 
23 155500 0 0 0 0 0 0 0 0 0 0 0 0 2052 0 0 55 0 54 0 0 482 0 0 0 1 0 0 324 91 0 0 0 0 0 0 16 0 67506 114 0 0 0 99 198 18614 520 0 0 0 99 0 0 6 0 0 0 0 3 0 0 0 0 0 6573 0 0 0 0 10849 0 0 0 0 0 0 0 0 80 43 0 0 0 0 0 34714 0 1985 1 0 0 123 0 0 0 0 377 59 130 0 0 0 0 0 8 0 0 0 0 30 0 26 1 0 1 0 0 0 0 0 0 0 31 43 2321 0 572 11 0 0 0 0 3857 0 0 0 0 0 0 0 0 0 281 0 80 0 0 0 2 0 0 0 0 0 0 0 0 2477 0 0 46 0 92 0 0 0 0 0 0 0 7 0 296 120 1 0 0 0 9 0 0 0 0 20 0 0 0 0 0 0 
24 157508 0 0 0 0 0 0 0 0 0 0 0 0 1024 0 0 35 0 55 0 0 742 0 0 0 5 0 0 265 97 0 0 0 0 0 1 19 0 66860 134 0 0 0 133 189 18865 415 0 0 0 87 0 0 3 0 0 0 0 3 0 0 0 0 0 5487 0 0 0 0 10671 0 0 0 0 0 0 0 0 86 49 0 0 0 0 0 40450 0 2454 0 0 0 153 0 0 0 0 310 42 199 0 0 0 0 0 4 0 0 0 0 24 0 11 8 0 1 0 0 0 0 0 0 0 36 40 2725 0 497 5 0 0 0 0 2863 0 0 0 0 0 0 0 0 0 181 0 71 0 0 0 26 0 0 0 0 0 0 0 0 1653 0 0 39 0 102 0 0 0 0 0 2 0 5 0 277 78 0 0 0 0 4 0 0 0 0 23 0 0 0 0 0 0 
25 158375 0 2 0 0 0 0 0 0 0 0 0 0 661 0 0 51 0 77 0 0 859 0 0 1 22 0 0 254 86 0 0 0 0 0 8 16 0 68925 176 0 0 0 130 222 20249 384 0 0 0 86 0 0 4 0 0 0 0 8 0 0 0 0 0 5939 0 0 0 0 10600 0 0 0 0 0 0 0 0 89 52 0 0 0 0 0 38319 0 2780 0 0 0 139 0 0 0 0 397 64 286 0 0 0 0 0 5 0 0 0 0 33 0 8 9 0 1 0 0 0 0 0 0 0 57 40 3080 1 429 4 0 0 0 0 1783 0 0 0 0 0 0 0 0 0 185 0 81 0 0 0 41 0 0 0 0 0 0 0 0 1171 0 0 10 0 94 0 0 0 0 0 1 0 6 0 334 88 0 0 0 0 4 0 0 0 0 24 0 0 0 0 0 0 
26 156062 0 1 0 0 0 0 0 0 0 0 0 0 556 0 0 54 0 60 0 0 1088 0 0 2 31 0 0 223 93 0 0 0 0 0 6 16 0 68537 194 0 0 0 144 255 21623 514 0 0 0 70 0 0 4 0 0 0 0 4 0 0 0 0 0 6821 0 0 0 0 10986 0 0 1 0 0 0 0 0 67 47 0 0 0 0 0 33212 0 2799 3 0 0 129 0 0 0 0 360 54 489 0 0 0 0 0 8 0 0 0 0 45 0 8 31 0 0 0 0 0 0 0 0 0 70 43 3582 1 421 8 0 0 0 0 1645 0 0 0 0 0 0 0 0 0 172 0 67 0 0 0 43 0 0 0 0 0 0 0 0 858 0 0 18 0 101 0 0 0 0 0 0 0 3 0 391 68 0 0 0 0 13 0 0 0 0 23 0 0 0 0 0 0 
27 150523 0 13 0 0 0 0 0 0 0 0 0 0 851 0 0 37 0 70 0 0 1293 0 0 1 44 0 0 346 74 0 0 0 0 0 4 43 0 69416 195 0 0 0 99 222 20191 812 0 0 0 73 0 0 6 0 0 0 0 9 0 0 0 0 0 10801 0 0 0 0 10970 0 0 2 0 0 0 0 0 84 54 0 0 0 0 0 22290 0 3300 2 0 0 146 0 0 0 0 400 59 569 0 0 0 0 0 12 0 0 0 0 85 0 26 14 0 2 0 0 0 0 0 0 0 63 28 3935 0 366 34 0 0 0 0 1575 0 0 0 0 0 0 0 0 0 193 0 75 0 0 0 59 0 0 0 0 0 0 0 0 856 0 0 36 0 132 0 0 0 0 0 0 0 1 0 427 83 0 0 0 0 14 0 0 0 0 31 0 0 0 0 0 0 
28 137497 0 21 0 0 0 0 0 0 0 0 1 0 1664 0 0 34 0 62 0 0 1813 0 0 3 37 0 0 541 87 0 0 0 0 0 11 73 0 66641 259 0 0 0 89 248 16864 1214 0 0 0 78 0 0 16 0 0 0 0 6 0 0 0 0 0 8656 0 0 0 0 10380 0 0 4 0 0 0 0 0 71 78 0 0 0 0 1 13963 0 3695 4 0 0 204 0 4 0 0 379 58 614 0 0 0 0 0 8 0 0 0 0 114 0 30 15 0 1 0 0 0 0 0 0 0 64 22 4482 0 576 54 0 0 0 0 1766 0 0 0 0 0 0 0 0 0 374 0 67 0 0 0 59 0 0 0 0 0 0 0 0 1088 0 0 45 0 189 0 0 0 0 0 0 0 1 0 450 175 0 0 0 0 14 0 0 0 0 29 0 0 0 0 0 1 
29 119726 0 11 0 0 0 0 0 0 0 0 0 0 2837 0 0 54 0 47 0 0 1613 0 0 2 65 0 0 680 118 0 0 0 0 0 9 132 0 57579 258 0 0 0 77 269 11810 1616 0 0 0 83 0 0 33 0 0 0 0 17 0 0 0 0 0 8654 0 0 0 0 9361 0 0 1 0 0 0 0 0 72 85 0 0 0 0 0 7722 0 3686 3 0 0 312 0 0 0 0 337 77 730 0 0 0 0 0 9 0 0 0 0 141 0 61 23 0 0 0 0 0 0 0 0 0 43 31 4451 1 915 75 0 0 0 0 1921 0 0 0 0 0 0 0 0 0 577 0 84 0 0 0 48 0 0 0 0 0 0 0 0 1854 0 0 39 0 247 0 0 0 1 0 0 0 9 0 507 278 0 0 0 0 22 0 0 0 0 39 0 0 0 0 0 0 
30 113481 0 28 0 0 0 0 0 0 0 0 1 0 4209 0 0 59 0 50 0 0 1751 0 0 5 92 0 0 958 149 0 0 0 0 0 2 170 0 51512 259 0 0 0 73 257 8054 2229 0 0 0 65 0 0 17 0 0 0 0 18 0 0 0 0 0 9672 0 0 0 0 9159 0 0 4 0 0 0 0 0 64 101 0 0 0 0 3 4989 0 3509 2 0 0 502 0 4 0 0 280 58 766 0 0 0 0 0 10 0 0 0 0 169 0 120 24 0 0 0 0 0 0 0 0 0 76 23 4949 0 1172 64 0 0 0 0 2931 0 0 0 0 0 0 0 0 0 785 0 94 0 0 0 27 0 0 0 0 0 0 0 0 2764 0 0 82 0 252 0 0 0 1 0 0 0 21 0 441 371 0 0 0 0 7 0 0 0 0 23 0 0 0 0 0 4 
31 114972 0 28 0 0 0 0 0 0 0 0 0 0 3839 0 0 81 0 41 0 0 1660 0 0 25 52 0 0 1284 126 0 0 0 0 0 8 167 0 50336 331 0 0 0 88 239 6782 2383 0 0 0 83 0 0 27 0 0 0 0 11 0 0 0 0 0 10622 0 0 0 0 9183 0 0 1 0 0 0 0 0 71 99 0 0 0 0 2 5053 0 3570 1 0 0 551 0 0 0 0 323 99 713 0 0 0 0 0 10 0 0 0 0 207 0 158 24 0 0 0 0 0 0 0 0 0 72 32 4968 1 1308 97 0 0 0 0 4012 0 0 0 0 0 0 0 0 0 1016 0 98 0 0 0 51 0 0 0 0 0 0 0 0 3706 0 0 88 0 276 0 0 0 0 0 1 0 30 0 541 332 1 0 0 0 20 0 0 0 0 43 0 0 0 0 0 1 
32 116100 0 34 0 0 0 0 0 0 0 0 0 0 4216 0 0 78 0 42 0 0 1885 0 0 5 51 0 0 1204 157 0 0 0 0 0 5 122 0 42427 264 0 0 0 96 263 6718 2423 0 0 0 77 0 0 24 0 0 0 0 27 0 0 0 0 0 12600 0 0 0 0 8800 0 0 0 0 0 0 0 0 74 108 0 0 0 0 0 10897 0 3932 1 0 0 508 0 3 0 0 261 78 626 0 0 0 0 0 18 0 0 0 0 141 0 144 13 0 2 0 0 0 0 0 0 0 70 29 5117 0 1316 109 0 0 0 0 4440 0 0 0 0 0 0 0 0 0 1014 0 111 0 0 0 28 0 0 0 0 0 0 0 0 4029 0 0 100 0 312 0 0 0 1 0 1 0 30 0 676 333 1 0 0 0 6 0 0 0 0 52 0 0 0 0 0 1 
33 126067 0 43 0 0 0 0 0 0 0 0 0 0 4372 0 0 70 0 44 0 0 2026 0 0 8 77 0 0 1253 166 0 0 0 0 0 5 130 0 41922 233 0 0 0 105 283 7891 2411 0 0 0 90 0 0 40 0 0 0 0 8 0 0 0 0 0 14288 0 0 0 0 9013 0 0 0 0 0 0 0 0 96 130 0 0 0 0 0 14593 0 4554 2 0 0 556 0 0 0 0 244 93 723 0 0 0 0 0 20 0 0 0 0 170 0 106 8 0 3 0 0 0 0 0 0 0 91 43 5464 0 1373 123 0 0 0 0 5713 0 0 0 0 0 0 0 0 0 1040 0 137 0 0 0 55 0 0 0 0 0 0 0 0 4706 0 0 117 0 327 0 0 0 0 0 3 0 20 0 673 352 0 0 0 0 7 0 0 0 0 47 0 0 0 0 0 0 
34 133619 0 34 0 0 0 0 0 0 0 0 0 0 3946 0 0 62 0 63 0 0 2063 0 0 3 57 0 0 1024 142 0 0 0 0 0 7 144 0 44175 248 0 0 0 105 302 10061 2385 0 0 0 95 0 0 44 0 0 0 0 25 0 0 0 0 0 14443 0 0 0 0 9580 0 0 4 0 0 0 0 0 95 96 0 0 0 0 9 16268 0 5656 2 0 0 529 0 2 0 0 336 86 609 0 0 0 0 0 13 0 0 0 0 200 0 105 14 0 2 0 0 0 0 0 0 0 106 41 5659 0 1440 84 0 0 0 0 6258 0 0 0 0 0 0 0 0 0 1030 0 144 0 0 0 40 0 0 0 0 0 0 0 0 4315 0 0 133 0 291 0 0 0 0 0 0 0 18 0 619 322 1 0 0 0 7 0 0 0 0 76 0 0 0 0 0 1 
35 144720 0 17 0 0 0 0 0 0 0 0 2 0 4339 0 0 66 0 46 0 0 2466 0 0 6 54 0 0 1209 152 0 0 0 0 0 10 128 0 50674 244 0 0 0 107 299 12496 2338 0 0 0 89 0 0 28 0 0 0 0 17 0 0 0 0 0 14341 0 0 0 0 10322 0 0 4 0 0 0 0 0 100 120 0 0 0 0 3 18247 0 6251 0 0 0 570 0 1 0 0 304 78 541 0 0 0 0 0 7 0 0 0 0 192 0 145 25 0 1 0 0 0 0 0 0 0 72 34 5306 0 1438 99 0 0 0 0 5497 0 0 0 0 0 0 0 0 0 895 0 129 0 0 0 40 0 0 0 0 0 0 0 0 3693 0 0 122 0 285 0 0 0 0 0 3 0 39 0 648 297 1 0 0 0 11 0 0 0 0 72 0 0 0 0 0 0 
36 152727 0 16 0 0 0 0 0 0 0 0 1 0 5536 0 0 93 0 51 0 0 2410 0 0 8 56 0 0 993 149 0 0 0 0 0 5 104 0 57256 228 0 0 0 115 293 14568 2163 0 0 0 92 0 0 17 0 0 0 0 16 0 0 0 0 0 13151 0 0 0 0 10730 0 0 1 0 0 0 0 0 89 131 0 0 0 0 0 20089 0 6027 2 0 0 479 0 6 0 0 333 95 493 0 0 0 0 0 12 0 0 0 0 105 0 117 13 0 1 0 0 0 0 0 0 0 55 49 5014 1 1429 73 0 0 0 0 4393 0 0 0 0 0 0 0 0 0 849 0 117 0 0 0 48 0 0 0 0 0 0 0 0 3325 0 0 156 0 229 0 0 0 0 0 0 0 24 0 562 287 0 0 0 0 11 0 0 0 0 61 0 0 0 0 0 0 
37 158408 0 26 0 0 0 0 0 0 0 0 1 0 6349 0 0 86 0 70 0 0 2321 0 0 3 72 0 0 884 123 0 0 0 0 0 7 156 0 58858 207 0 0 0 115 282 20097 1940 0 0 0 113 0 0 16 0 0 0 0 13 0 0 0 0 0 11514 0 0 0 0 11368 0 0 3 0 0 0 0 0 94 98 0 0 0 0 0 20296 0 6250 1 0 0 472 0 3 0 0 358 110 505 0 0 0 0 0 22 0 0 0 0 142 0 105 24 0 7 0 0 0 0 0 0 0 55 40 4487 0 1307 73 0 0 0 0 4047 0 0 0 0 0 0 0 0 0 867 0 122 0 0 0 55 0 0 0 0 0 0 0 0 2990 0 0 92 0 241 0 0 0 0 0 3 0 13 0 535 295 1 0 0 0 29 0 0 0 0 45 0 0 0 0 0 0 
38 159462 0 40 0 0 0 0 0 0 0 0 4 0 4266 0 0 85 0 59 0 0 2176 0 0 4 57 0 0 793 140 0 0 0 0 0 9 123 0 64355 226 0 0 0 107 295 19034 2049 0 0 0 100 0 0 34 0 0 0 0 8 0 0 0 0 0 9615 0 0 0 0 11537 0 0 4 0 0 0 0 0 79 108 0 0 0 0 2 21898 0 5801 1 0 0 439 0 0 0 0 349 68 542 0 0 0 0 0 16 0 0 0 0 117 0 95 14 0 2 0 0 0 0 0 0 0 47 38 4285 0 1163 63 0 0 0 0 3996 0 0 0 0 0 0 0 0 0 825 0 107 0 0 0 37 0 0 0 0 0 0 0 0 3047 0 0 92 0 236 0 0 0 0 0 5 0 19 0 490 284 0 0 0 0 29 0 0 0 0 48 0 0 0 0 0 0 
39 159008 0 50 0 0 0 0 0 0 0 0 1 0 3630 0 0 77 0 48 0 0 2447 0 0 3 59 0 0 919 134 0 0 0 0 0 12 113 0 68805 208 0 0 0 127 261 17979 1994 0 0 0 88 0 0 23 0 0 0 0 9 0 0 0 0 0 7692 0 0 0 0 11504 0 0 4 0 0 0 0 0 74 118 0 0 0 0 1 21393 0 4507 4 0 0 371 0 6 0 0 376 79 611 0 0 0 0 0 8 0 0 0 0 117 0 77 12 0 2 0 0 0 0 0 0 0 46 36 4332 0 1237 41 0 0 0 0 4162 0 0 0 0 0 0 0 0 0 848 0 126 0 0 0 40 0 0 0 0 0 0 0 0 3031 0 0 93 0 227 0 0 0 0 0 4 0 16 0 452 315 1 0 0 0 8 0 0 0 0 50 0 0 0 0 0 0 
40 158313 0 31 0 0 0 0 0 0 0 0 0 0 6325 0 0 93 0 61 0 0 2206 0 0 3 76 0 0 854 144 0 0 0 0 0 12 114 0 72064 198 0 0 0 110 258 17604 2085 0 0 0 102 0 0 19 0 0 0 0 34 0 0 0 0 0 4779 0 0 0 0 11393 0 0 4 0 0 0 0 0 92 127 0 0 0 0 1 19365 0 3190 5 0 0 466 0 0 0 0 371 83 735 0 0 0 0 0 16 0 0 0 0 148 0 74 10 0 1 0 0 0 0 0 0 0 50 49 3779 0 1283 43 0 0 0 0 4346 0 0 0 0 0 0 0 0 0 878 0 131 0 0 0 47 0 0 0 0 0 0 0 0 3334 0 0 105 0 230 0 0 0 0 0 2 0 13 0 366 335 0 0 0 0 7 0 0 0 0 61 0 0 0 0 0 1 
41 157180 0 7 0 0 0 0 0 0 0 0 0 0 6563 0 0 84 0 54 0 0 1665 0 0 3 44 0 0 841 164 0 0 0 0 0 2 112 0 74274 124 0 0 0 101 300 17766 2046 0 0 0 110 0 0 23 0 0 0 0 16 0 0 0 0 0 3063 0 0 0 0 12065 0 0 1 0 0 0 0 0 95 109 0 0 0 0 3 18783 0 2300 3 0 0 484 0 3 0 0 393 78 586 0 0 0 0 0 14 0 0 0 0 156 0 78 11 0 1 0 0 0 0 0 0 0 38 48 2957 0 1285 72 0 0 0 0 4472 0 0 0 0 0 0 0 0 0 894 0 147 0 0 0 38 0 0 0 0 0 0 0 0 3608 0 0 128 0 237 0 0 0 1 0 1 0 39 0 286 320 0 0 0 0 15 0 0 0 0 67 0 0 0 0 0 2 
42 156712 0 14 0 0 0 0 0 0 0 0 0 0 7932 0 0 82 0 66 0 0 1089 0 0 0 31 0 0 836 171 0 0 0 0 0 3 138 0 73216 106 0 0 0 112 251 18003 2504 0 0 0 132 0 0 19 0 0 0 0 10 0 0 0 0 0 2177 0 0 0 0 11969 0 0 1 0 0 0 0 0 98 114 0 0 0 0 1 19946 0 1615 1 0 0 558 0 5 0 0 375 107 450 0 0 0 0 0 5 0 0 0 0 124 0 94 19 0 0 0 0 0 0 0 0 0 30 49 1898 0 1392 52 0 0 0 0 4750 0 0 0 0 0 0 0 0 0 1034 0 132 0 0 0 16 0 0 0 0 0 0 0 0 3935 0 0 107 0 303 0 0 0 0 0 0 0 25 0 187 366 0 0 0 0 1 0 0 0 0 61 0 0 0 0 0 0 
43 156014 0 13 0 0 0 0 0 0 0 0 0 0 7400 0 0 93 0 77 0 0 666 0 0 2 9 0 0 916 160 0 0 0 0 0 1 170 0 72863 82 0 0 0 91 265 17295 2351 0 0 0 119 0 0 14 0 0 0 0 9 0 0 0 0 0 1874 0 0 0 0 11541 0 0 0 0 0 0 0 0 99 108 0 0 0 0 1 22106 0 1254 1 0 0 591 0 10 0 0 377 114 305 0 0 0 0 0 8 0 0 0 0 132 0 98 6 0 0 0 0 0 0 0 0 0 23 44 1585 1 1678 32 0 0 0 0 5014 0 0 0 0 0 0 0 0 0 1079 0 133 0 0 0 7 0 0 0 0 0 0 0 0 4152 0 0 162 0 290 0 0 0 0 0 3 0 16 0 118 385 0 0 0 0 9 0 0 0 0 62 0 0 0 0 0 0 
44 156304 0 4 0 0 0 0 0 0 0 0 0 0 9453 0 0 68 0 83 0 0 414 0 0 1 6 0 0 880 117 0 0 0 0 0 1 179 0 70066 49 0 0 0 109 226 16609 1988 0 0 0 111 0 0 19 0 0 0 0 3 0 0 0 0 0 2389 0 0 0 0 11812 0 0 0 0 0 0 0 0 82 111 0 0 0 0 0 24586 0 1057 0 0 0 628 0 6 0 0 360 104 144 0 0 0 0 0 6 0 0 0 0 113 0 90 0 0 0 0 0 0 0 0 0 0 27 157 1199 1 1609 36 0 0 0 0 5435 0 0 0 0 0 0 0 0 0 852 0 119 0 0 0 3 0 0 0 0 0 0 0 0 4152 0 0 148 0 222 0 0 0 0 0 6 0 14 0 81 322 0 0 0 0 0 0 0 0 0 47 0 0 0 0 0 0 
45 155645 0 0 0 0 0 0 0 0 0 0 0 0 7076 0 0 62 0 58 0 0 287 0 0 1 5 0 0 770 119 0 0 0 0 0 2 130 0 69334 54 0 0 0 122 230 17818 1599 0 0 0 90 0 0 6 0 0 0 0 1 0 0 0 0 0 4270 0 0 0 0 11293 0 0 0 0 0 0 0 0 85 97 0 0 0 0 0 26471 0 1195 0 0 0 411 0 5 0 0 373 56 91 0 0 0 0 0 0 0 0 0 0 65 0 70 0 0 1 0 0 0 0 0 0 0 14 120 1175 1 1267 12 0 0 0 0 5558 0 0 0 0 0 0 0 0 0 734 0 100 0 0 0 3 0 0 0 0 0 0 0 0 3697 0 0 124 0 180 0 0 0 1 0 3 0 27 0 95 242 0 0 0 0 1 0 0 0 0 43 0 0 0 0 0 1 
46 152744 0 5 0 0 0 0 0 0 0 0 0 0 4031 0 0 41 0 64 0 0 242 0 0 0 2 0 0 568 82 0 0 0 0 0 0 83 0 67342 65 0 0 0 85 203 18221 1083 0 0 0 104 0 0 12 0 0 0 0 2 0 0 0 0 0 6330 0 0 0 0 11070 0 0 1 0 0 0 0 0 90 67 0 0 0 0 0 28285 0 1471 0 0 0 297 0 11 0 0 364 41 85 0 0 0 0 0 2 0 0 0 0 48 0 40 1 0 0 0 0 0 0 0 0 0 11 62 1680 1 882 11 0 0 0 0 5366 0 0 0 0 0 0 0 0 0 422 0 87 0 0 0 2 0 0 0 0 0 0 0 0 3110 0 0 87 0 162 0 0 0 0 0 1 0 14 0 192 175 0 0 0 0 0 0 0 0 0 41 0 0 0 0 0 0 
47 152666 0 4 0 0 0 0 0 0 0 0 1 0 2324 0 0 61 0 61 0 0 415 0 0 0 8 0 0 443 97 0 0 0 0 0 2 40 0 67659 82 0 0 0 89 233 18559 717 0 0 0 109 0 0 2 0 0 0 0 6 0 0 0 0 0 7759 0 0 0 0 10320 0 0 0 0 0 0 0 0 67 59 0 0 0 0 0 29735 0 1962 0 0 0 192 0 0 0 0 341 60 96 0 0 0 0 0 3 0 0 0 0 42 0 32 2 0 0 0 0 0 0 0 0 0 31 51 2256 0 626 8 0 0 0 0 4788 0 0 0 0 0 0 0 0 0 295 0 73 0 0 0 10 0 0 0 0 0 0 0 0 2377 0 0 36 0 176 0 0 0 0 0 2 0 13 0 211 106 0 0 0 0 4 0 0 0 0 21 0 0 0 0 0 0 
48 153668 0 4 0 0 0 0 0 0 0 0 0 0 1206 0 0 46 0 58 0 0 662 0 0 0 10 0 0 334 113 0 0 0 0 0 2 10 0 69085 139 0 0 0 131 217 18304 530 0 0 0 76 0 0 4 0 0 0 0 1 0 0 0 0 0 8638 0 0 0 0 10051 0 0 1 0 0 0 0 0 93 56 0 0 0 0 0 30898 0 2474 1 0 0 156 0 3 0 0 379 44 193 0 0 0 0 0 2 0 0 0 0 16 0 13 2 0 0 0 0 0 0 0 0 0 41 46 2957 0 474 11 0 0 0 0 3520 0 0 0 0 0 0 0 0 0 242 0 92 0 0 0 22 0 0 0 0 0 0 0 0 1650 0 0 24 0 139 0 0 0 0 0 1 0 4 0 361 112 0 0 0 0 3 0 0 0 0 17 0 0 0 0 0 0 
49 154979 0 11 0 0 0 0 0 0 0 0 0 0 787 0 0 55 0 50 0 0 910 0 0 2 26 0 0 266 129 0 0 0 0 0 2 21 0 70281 140 0 0 0 98 194 17829 428 0 0 0 91 0 0 4 0 0 0 0 5 0 0 0 0 0 9704 0 0 0 0 10308 0 0 3 0 0 0 0 0 85 56 0 0 0 0 0 31342 0 2942 0 0 0 145 0 0 0 0 434 52 268 0 0 0 0 0 2 0 0 0 0 29 0 11 11 0 0 0 0 0 0 0 0 0 39 40 3301 0 425 13 0 0 0 0 2225 0 0 0 0 0 0 0 0 0 248 0 83 0 0 0 37 0 0 0 0 0 0 0 0 1172 0 0 21 0 132 0 0 0 0 0 0 0 2 0 365 111 0 0 0 0 10 0 0 0 0 34 0 0 0 0 0 0 
50 152660 0 6 0 0 0 0 0 0 0 0 1 0 583 0 0 30 0 51 0 0 1105 0 0 8 59 0 0 243 98 0 0 0 0 0 7 18 0 66721 186 0 0 0 103 219 17703 541 0 0 0 90 0 0 1 0 0 0 0 22 0 0 0 0 0 10930 0 0 0 0 10745 0 0 0 0 0 0 0 0 77 49 0 0 0 0 0 29951 0 3401 3 0 0 99 0 1 0 0 452 42 374 0 0 0 0 0 8 0 0 0 0 38 0 9 8 0 2 0 0 0 0 0 0 0 37 33 4282 0 390 1 0 0 0 0 1929 0 0 0 0 0 0 0 0 0 184 0 94 0 0 0 55 0 0 0 0 0 0 0 0 925 0 0 12 0 151 0 0 0 0 0 0 0 0 0 467 83 0 0 0 0 6 0 0 0 0 27 0 0 0 0 0 0 
51 149312 0 7 0 0 0 0 0 0 0 0 0 0 721 0 0 51 0 47 0 0 1474 0 0 5 51 0 0 261 90 0 0 0 0 0 6 14 0 68835 213 0 0 0 99 198 16205 715 0 0 0 85 0 0 4 0 0 0 0 6 0 0 0 0 0 13442 0 0 0 0 10827 0 0 0 0 0 0 0 0 82 50 0 0 0 0 1 22395 0 3700 3 0 0 131 0 0 0 0 392 46 555 0 0 0 0 0 5 0 0 0 0 70 0 20 23 0 0 0 0 0 0 0 0 0 65 27 4389 0 372 6 0 0 0 0 1704 0 0 0 0 0 0 0 0 0 185 0 92 0 0 0 66 0 0 0 0 0 0 0 0 797 0 0 31 0 169 0 0 0 0 0 1 0 1 0 437 92 0 0 0 0 17 0 0 0 0 30 0 0 0 0 0 2 
52 139306 0 24 0 0 0 0 0 0 0 0 0 0 1138 0 0 65 0 68 0 0 1778 0 0 7 57 0 0 442 89 0 0 0 0 0 16 46 0 65275 223 0 0 0 98 279 14013 955 0 0 0 82 0 0 5 0 0 0 0 7 0 0 0 0 0 13231 0 0 0 0 10311 0 0 4 0 0 0 0 0 101 46 0 0 0 0 0 16329 0 4011 2 0 0 138 0 0 0 0 404 72 611 0 0 0 0 0 8 0 0 0 0 83 0 23 23 0 2 0 0 0 0 0 0 0 68 25 4924 0 479 17 0 0 0 0 1622 0 0 0 0 0 0 0 0 0 277 0 70 0 0 0 30 0 0 0 0 0 0 0 0 785 0 0 52 0 186 0 0 0 0 0 0 0 2 0 580 89 0 0 0 0 10 0 0 0 0 24 0 0 0 0 0 0 
53 123374 0 19 0 0 0 0 0 0 0 0 1 0 2089 0 0 64 0 45 0 0 2058 0 0 9 71 0 0 465 87 0 0 0 6 0 10 120 0 55958 238 0 0 0 75 291 10645 1377 0 0 0 84 0 0 11 0 0 0 0 9 0 0 0 0 0 13250 0 0 0 0 8961 0 0 2 0 0 0 0 0 69 61 0 0 0 0 3 10777 0 4081 0 0 0 221 0 0 0 0 328 69 726 0 0 0 0 0 8 0 0 0 0 184 0 62 31 0 3 0 0 0 0 0 0 0 77 21 5286 0 678 33 0 0 0 0 2144 0 0 0 0 0 0 0 0 0 397 0 59 0 0 0 29 0 0 0 0 0 0 0 0 1090 0 0 75 0 217 0 0 0 0 0 1 0 12 0 500 147 0 0 0 0 6 0 0 0 0 33 0 0 0 0 0 1 
54 112072 0 18 0 0 0 0 0 0 0 0 2 0 2952 0 0 56 0 43 0 0 1853 0 0 9 77 0 0 639 127 0 0 0 0 0 6 188 0 48090 243 0 0 0 70 282 7879 1787 0 0 0 63 0 0 19 0 0 0 0 12 0 0 0 0 0 13595 0 0 0 0 8636 0 0 5 0 0 0 0 0 59 77 0 0 0 0 2 6751 0 3957 5 0 0 307 0 2 0 0 290 59 663 0 0 0 0 0 7 0 0 0 0 155 0 85 31 0 0 0 0 0 0 0 0 0 77 31 5148 2 980 34 0 0 0 0 3000 0 0 0 0 0 0 0 0 0 643 0 75 0 0 0 37 0 0 0 0 0 0 0 0 1697 0 0 78 0 273 0 0 0 2 0 4 0 14 0 544 288 0 0 0 0 3 0 0 0 0 40 0 0 0 0 0 1 
55 219853 0 45 0 0 0 0 0 0 0 0 0 0 7408 0 0 145 0 95 0 0 4486 0 0 15 217 0 0 1891 211 0 0 0 0 0 10 315 0 86770 429 0 0 0 153 555 13219 4110 0 0 0 172 0 0 54 0 0 0 0 36 0 0 0 0 0 28430 0 0 0 0 17384 0 0 6 0 0 0 0 0 123 173 0 0 0 0 3 9976 0 8066 3 0 0 914 0 7 0 0 563 141 1557 0 0 0 0 0 18 0 0 0 0 242 0 164 54 0 2 0 0 0 0 0 0 0 171 47 10543 0 2359 146 0 0 0 0 7327 0 0 0 0 0 0 0 0 0 1811 0 173 0 0 0 114 0 0 0 0 0 0 0 0 5703 0 0 191 0 922 0 0 0 0 0 5 0 54 0 1284 725 0 0 0 0 16 0 0 0 0 100 0 0 0 0 0 0 
56 223592 0 47 0 0 0 0 0 0 0 0 2 0 8289 0 0 153 0 74 0 0 4215 0 0 4 192 0 0 2173 242 0 0 0 0 0 9 335 0 80736 468 0 0 0 171 551 14001 4493 0 0 0 153 0 0 62 0 0 0 0 53 0 0 0 0 0 31237 0 0 0 0 17377 0 0 4 0 0 0 0 0 153 294 0 0 0 0 3 11240 0 8248 4 0 0 1152 0 8 0 0 525 132 1340 0 0 0 0 0 21 0 0 0 0 224 0 189 43 0 1 0 0 0 0 0 0 0 159 64 10240 1 2942 121 0 0 0 0 8937 0 0 0 0 0 0 0 0 0 2146 0 220 0 0 0 79 0 0 0 0 0 0 0 0 6945 0 0 178 0 658 0 0 0 0 0 7 0 57 0 1368 722 1 0 0 0 21 0 0 0 0 108 0 0 0 0 0 0 
57 235998 0 30 0 0 0 0 0 0 0 0 1 0 9653 0 0 130 0 108 0 0 4572 0 0 3 183 0 0 2244 306 0 0 0 0 0 12 311 0 78733 566 0 0 0 168 628 15268 4795 0 0 0 181 0 0 62 0 0 0 0 45 0 0 0 0 0 32086 0 0 0 0 18464 0 0 7 0 0 0 0 0 168 296 0 0 0 0 5 16888 0 8921 2 0 0 1190 0 10 0 0 549 169 1258 0 0 0 0 0 20 0 0 0 0 200 0 203 37 0 5 0 0 0 0 0 0 0 150 61 10704 0 2988 121 0 0 0 0 9725 0 0 0 0 0 0 0 0 0 2266 0 218 0 0 0 62 0 0 0 0 0 0 0 0 8099 0 0 213 0 568 0 0 0 3 0 3 0 50 0 1396 762 0 0 0 0 16 0 0 0 0 115 0 0 0 0 0 1 
58 251069 0 42 0 0 0 0 0 0 0 0 3 0 9434 0 0 182 0 94 0 0 4767 0 0 5 145 0 0 2172 314 0 0 0 0 0 5 332 0 80375 588 0 0 0 240 609 17304 4770 0 0 0 176 0 0 51 0 0 0 0 32 0 0 0 0 0 31700 0 0 0 0 18979 0 0 3 0 0 0 0 0 187 300 0 0 0 0 1 24331 0 10834 2 0 0 1416 0 1 0 0 586 164 1245 0 0 0 0 0 26 0 0 0 0 301 0 206 34 0 4 0 0 0 0 0 0 0 164 95 11299 1 2945 144 0 0 0 0 10538 0 0 0 0 0 0 0 0 0 2315 0 247 0 0 0 80 0 0 0 0 0 0 0 0 8278 0 0 163 0 685 0 0 0 1 0 10 0 56 0 1227 714 2 0 0 0 13 0 0 0 0 130 0 0 0 0 0 2 
59 275905 0 27 0 0 0 0 0 0 0 0 4 0 9606 0 0 168 0 86 0 0 5305 0 0 13 119 0 0 2465 285 0 0 0 0 0 14 319 0 89910 542 0 0 0 240 664 22001 4473 0 0 0 201 0 0 57 0 0 0 0 32 0 0 0 0 0 31700 0 0 0 0 20209 0 0 2 0 0 0 0 0 209 283 0 0 0 0 6 32860 0 11603 1 0 0 1217 0 1 0 0 605 197 1217 0 0 0 0 0 21 0 0 0 0 330 0 166 59 0 5 0 0 0 0 0 0 0 198 105 11673 0 2740 127 0 0 0 0 10596 0 0 0 0 0 0 0 0 0 2014 0 307 0 0 0 67 0 0 0 0 0 0 0 0 7725 0 0 211 0 632 0 0 0 2 0 5 0 50 0 1360 754 3 0 0 0 9 0 0 0 0 104 0 0 0 0 0 1 
60 300248 0 36 0 0 0 0 0 0 0 0 6 0 9530 0 0 167 0 123 0 0 5140 0 0 23 172 0 0 2186 346 0 0 0 0 0 18 255 0 106542 470 0 0 0 242 671 25568 4256 0 0 0 201 0 0 59 0 0 0 0 41 0 0 0 0 0 28792 0 0 0 0 21608 0 0 7 0 0 0 0 0 215 301 0 0 0 0 1 39576 0 11821 4 0 0 1025 0 5 0 0 721 188 1128 0 0 0 0 0 33 0 0 0 0 180 0 161 37 0 0 0 0 0 0 0 0 0 136 88 12478 2 2772 106 0 0 0 0 10480 0 0 0 0 0 0 0 0 0 2053 0 309 0 0 0 89 0 0 0 0 0 0 0 0 6842 0 0 206 0 615 0 0 0 0 0 5 0 48 0 1242 785 3 0 0 0 22 0 0 0 0 111 0 0 0 0 0 1 
61 311220 0 32 0 0 0 0 0 0 0 0 9 0 11037 0 0 176 0 126 0 0 5260 0 0 18 149 0 0 1949 315 0 0 0 0 0 7 219 0 116901 455 0 0 0 298 662 26492 3750 0 0 0 194 0 0 38 0 0 0 0 29 0 0 0 0 0 26075 0 0 0 0 22024 0 0 10 0 0 0 0 0 204 339 0 0 0 0 2 42613 0 11991 6 0 0 998 0 6 0 0 722 157 1415 0 0 0 0 0 35 0 0 0 0 186 0 130 29 0 5 0 0 0 0 0 0 0 111 82 11684 1 2616 110 0 0 0 0 10101 0 0 0 0 0 0 0 0 0 2054 0 321 0 0 0 91 0 0 0 0 0 0 0 0 5907 0 0 207 0 600 0 0 0 2 0 8 0 35 0 1242 862 1 0 0 0 24 0 0 0 0 96 0 0 0 0 0 2 
62 316156 0 26 0 0 0 0 0 0 0 0 9 0 9502 0 0 183 0 141 0 0 5585 0 0 11 141 0 0 1996 347 0 0 0 0 0 16 173 0 126386 485 0 0 0 270 667 28304 3722 0 0 0 212 0 0 36 0 0 0 0 33 0 0 0 0 0 22340 0 0 0 0 21636 0 0 11 0 0 0 0 0 230 280 0 0 0 0 6 44284 0 11207 6 0 0 943 0 13 0 0 799 168 1454 0 0 0 0 0 24 0 0 0 0 169 0 167 25 0 3 0 0 0 0 0 0 0 103 111 11542 1 2531 110 0 0 0 0 9117 0 0 0 0 0 0 0 0 0 1961 0 327 0 0 0 131 0 0 0 0 0 0 0 0 5300 0 0 189 0 622 0 0 0 1 0 7 0 48 0 1147 813 0 0 0 0 13 0 0 0 0 72 0 0 0 0 0 0 
63 317547 0 38 0 0 0 0 0 0 0 0 0 0 10277 0 0 199 0 135 0 0 5336 0 0 9 160 0 0 1931 320 0 0 0 0 0 27 196 0 135966 431 0 0 0 229 692 30307 3865 0 0 0 204 0 0 44 0 0 0 0 33 0 0 0 0 0 16546 0 0 0 0 22042 0 0 2 0 0 0 0 0 239 396 0 0 0 0 5 42070 0 8898 2 0 0 905 0 2 0 0 758 176 1414 0 0 0 0 0 30 0 0 0 0 247 0 166 59 0 5 0 0 0 0 0 0 0 78 99 10123 0 2352 153 0 0 0 0 9802 0 0 0 0 0 0 0 0 0 1728 0 284 0 0 0 155 0 0 0 0 0 0 0 0 5595 0 0 178 0 629 0 0 0 2 0 8 0 46 0 1028 804 0 0 0 0 31 0 0 0 0 91 0 0 0 0 0 0 
64 212700 0 22 0 0 0 0 0 0 0 0 0 0 8048 0 0 122 0 66 0 0 3229 0 0 5 99 0 0 1161 199 0 0 0 0 0 11 163 0 94878 213 0 0 0 140 384 22186 2763 0 0 0 154 0 0 42 0 0 0 0 29 0 0 0 0 0 7101 0 0 0 0 15572 0 0 4 0 0 0 0 0 143 264 0 0 0 0 3 26208 0 4352 3 0 0 623 0 2 0 0 583 133 873 0 0 0 0 0 25 0 0 0 0 128 0 111 32 0 2 0 0 0 0 0 0 0 59 63 5642 0 1863 149 0 0 0 0 7539 0 0 0 0 0 0 0 0 0 1100 0 183 0 0 0 40 0 0 0 0 0 0 0 0 4382 0 0 144 0 389 0 0 0 1 0 0 0 33 0 462 487 1 0 0 0 20 0 0 0 0 64 0 0 0 0 0 3 
65 316357 0 18 0 0 0 0 0 0 0 0 1 0 18927 0 0 157 0 125 0 0 3841 0 0 6 139 0 0 1788 260 0 0 0 0 0 14 244 0 140835 262 0 0 0 252 533 33437 4512 0 0 0 201 0 0 47 0 0 0 0 33 0 0 0 0 0 6882 0 0 0 0 23109 0 0 4 0 0 0 0 0 195 358 0 0 0 0 1 37816 0 4716 2 0 0 1120 0 3 0 0 796 166 1125 0 0 0 0 0 36 0 0 0 0 248 0 204 21 0 2 0 0 0 0 0 0 0 46 99 6374 0 2904 229 0 0 0 0 13544 0 0 0 0 0 0 0 0 0 1754 0 249 0 0 0 53 0 0 0 0 0 0 0 0 6421 0 0 221 0 559 0 0 0 0 0 4 0 56 0 557 743 0 0 0 0 15 0 0 0 0 90 0 0 0 0 0 3 
66 315546 0 23 0 0 0 0 0 0 0 0 0 0 19616 0 0 160 0 126 0 0 2533 0 0 6 68 0 0 1802 266 0 0 0 0 0 7 295 0 142832 203 0 0 0 212 538 32977 4357 0 0 0 206 0 0 38 0 0 0 0 36 0 0 0 0 0 4555 0 0 0 0 23416 0 0 4 0 0 0 0 0 201 374 0 0 0 0 0 37518 0 3078 0 0 0 1116 0 7 0 0 725 274 818 0 0 0 0 0 23 0 0 0 0 237 0 180 14 0 0 0 0 0 0 0 0 0 44 101 4325 2 2643 212 0 0 0 0 18280 0 0 0 0 0 0 0 0 0 1802 0 265 0 0 0 14 0 0 0 0 0 0 0 0 6790 0 0 299 0 532 0 0 0 1 0 3 0 46 0 421 805 0 0 0 0 11 0 0 0 0 108 0 0 0 0 0 1 
67 313868 0 14 0 0 0 0 0 0 0 0 0 0 12681 0 0 147 0 121 0 0 1578 0 0 2 47 0 0 1739 244 0 0 0 0 0 4 203 0 149056 125 0 0 0 197 527 32534 4465 0 0 0 219 0 0 53 0 0 0 0 26 0 0 0 0 0 3532 0 0 0 0 24445 0 0 0 0 0 0 0 0 227 280 0 0 0 0 1 41858 0 2491 0 0 0 1222 0 15 0 0 827 253 514 0 0 0 0 0 24 0 0 0 0 175 0 239 11 0 0 0 0 0 0 0 0 0 43 132 3184 1 2819 172 0 0 0 0 15709 0 0 0 0 0 0 0 0 0 1749 0 249 0 0 0 14 0 0 0 0 0 0 0 0 7678 0 0 292 0 493 0 0 0 2 0 4 0 55 0 362 712 0 0 0 0 5 0 0 0 0 97 0 0 0 0 0 0 
68 312067 0 1 0 0 0 0 0 0 0 0 0 0 11985 0 0 140 0 144 0 0 921 0 0 0 10 0 0 1621 284 0 0 0 0 0 0 162 0 146764 126 0 0 0 203 477 32754 4405 0 0 0 184 0 0 38 0 0 0 0 19 0 0 0 0 0 4530 0 0 0 0 23657 0 0 0 0 0 0 0 0 206 241 0 0 0 0 0 45713 0 2220 0 0 0 1031 0 9 0 0 842 269 308 0 0 0 0 0 12 0 0 0 0 156 0 202 3 0 0 0 0 0 0 0 0 0 26 126 2498 1 2874 136 0 0 0 0 15360 0 0 0 0 0 0 0 0 0 1704 0 240 0 0 0 14 0 0 0 0 0 0 0 0 7679 0 0 300 0 465 0 0 0 0 0 6 0 46 0 208 648 0 0 0 0 4 0 0 0 0 94 0 0 0 0 0 1 
69 310092 0 1 0 0 0 0 0 0 0 0 0 0 13273 0 0 139 0 109 0 0 562 0 0 0 11 0 0 1411 304 0 0 0 0 0 2 103 0 142896 121 0 0 0 236 479 33326 3505 0 0 0 192 0 0 30 0 0 0 0 11 0 0 0 0 0 7382 0 0 0 0 23621 0 0 0 0 0 0 0 0 196 233 0 0 0 0 0 49155 0 2119 0 0 0 821 0 3 0 0 733 216 279 0 0 0 0 0 7 0 0 0 0 129 0 162 0 0 0 0 0 0 0 0 0 0 44 100 2431 2 2517 88 0 0 0 0 12554 0 0 0 0 0 0 0 0 0 1323 0 204 0 0 0 6 0 0 0 0 0 0 0 0 7564 0 0 237 0 389 0 0 0 0 0 18 0 42 0 176 535 0 0 0 0 4 0 0 0 0 91 0 0 0 0 0 0 
70 308551 0 2 0 0 0 0 0 0 0 0 0 0 9078 0 0 114 0 103 0 0 479 0 0 0 8 0 0 1216 264 0 0 0 0 0 0 113 0 143642 130 0 0 0 232 482 35817 2278 0 0 0 229 0 0 20 0 0 0 0 0 0 0 0 0 0 10143 0 0 0 0 22945 0 0 0 0 0 0 0 0 215 146 0 0 0 0 0 51822 0 2465 0 0 0 723 0 10 0 0 805 153 216 0 0 0 0 0 6 0 0 0 0 111 0 121 3 0 0 0 0 0 0 0 0 0 38 171 3321 1 1978 53 0 0 0 0 10148 0 0 0 0 0 0 0 0 0 1084 0 235 0 0 0 3 0 0 0 0 0 0 0 0 6158 0 0 164 0 324 0 0 0 0 0 2 0 33 0 267 412 1 0 0 0 2 0 0 0 0 65 0 0 0 0 0 0 
71 305184 0 0 0 0 0 0 0 0 0 0 1 0 5546 0 0 101 0 119 0 0 798 0 0 1 7 0 0 915 210 0 0 0 0 0 0 70 0 145035 163 0 0 0 195 445 36965 1652 0 0 0 160 0 0 21 0 0 0 0 6 0 0 0 0 0 14713 0 0 0 0 22517 0 0 0 0 0 0 0 0 204 167 0 0 0 0 1 49413 0 3524 1 0 0 478 0 2 0 0 846 104 220 0 0 0 0 0 3 0 0 0 0 54 0 46 3 0 0 0 0 0 0 0 0 0 68 203 4402 1 1641 24 0 0 0 0 7390 0 0 0 0 0 0 0 0 0 604 0 218 0 0 0 17 0 0 0 0 0 0 0 0 4651 0 0 116 0 326 0 0 0 0 0 2 0 17 0 408 337 2 0 0 0 3 0 0 0 0 48 0 0 0 0 0 0 
72 303578 0 4 0 0 0 0 0 0 0 0 0 0 3532 0 0 81 0 134 0 0 1297 0 0 1 13 0 0 775 216 0 0 0 0 0 3 36 0 140225 269 0 0 0 208 409 38470 1078 0 0 0 152 0 0 9 0 0 0 0 19 0 0 0 0 0 18871 0 0 0 0 21562 0 0 1 0 0 0 0 0 152 120 0 0 0 0 0 51383 0 4915 1 0 0 333 0 1 0 0 770 107 324 0 0 0 0 0 4 0 0 0 0 65 0 45 8 0 1 0 0 0 0 0 0 0 54 157 5680 0 1003 8 0 0 0 0 5487 0 0 0 0 0 0 0 0 0 532 0 157 0 0 0 27 0 0 0 0 0 0 0 0 3521 0 0 97 0 338 0 0 0 0 0 0 0 26 0 592 237 1 0 0 0 11 0 0 0 0 56 0 0 0 0 0 0 
73 304484 0 6 0 0 0 0 0 0 0 0 2 0 1907 0 0 84 0 149 0 0 1947 0 0 3 49 0 0 779 185 0 0 0 0 0 13 34 0 137488 325 0 0 0 224 485 38425 897 0 0 0 175 0 0 6 0 0 0 0 19 0 0 0 0 0 21380 0 0 0 0 21127 0 0 3 0 0 0 0 0 172 127 0 0 0 0 1 54482 0 5708 3 0 0 280 0 0 0 0 757 111 621 0 0 0 0 0 2 0 0 0 0 79 0 25 24 0 3 0 0 0 0 0 0 0 85 148 6430 0 913 8 0 0 0 0 3928 0 0 0 0 0 0 0 0 0 447 0 190 0 0 0 68 0 0 0 0 0 0 0 0 2764 0 0 92 0 299 0 0 0 0 0 1 0 3 0 697 231 2 0 0 0 9 0 0 0 0 62 0 0 0 0 0 0 
74 305273 0 26 0 0 0 0 0 0 0 0 0 0 1277 0 0 78 0 161 0 0 2627 0 0 7 68 0 0 512 332 0 0 0 0 0 17 18 0 137331 417 0 0 0 213 434 36373 884 0 0 0 140 0 0 4 0 0 0 0 12 0 0 0 0 0 24053 0 0 0 0 21777 0 0 1 0 0 0 0 0 195 115 0 0 0 0 0 52676 0 6730 2 0 0 261 0 1 0 0 756 126 931 0 0 0 0 0 26 0 0 0 0 81 0 25 32 0 1 0 0 0 0 0 0 0 95 113 7644 0 782 15 0 0 0 0 3856 0 0 0 0 0 0 0 0 0 393 0 245 0 0 0 67 0 0 0 0 0 0 0 0 1973 0 0 72 0 308 0 0 0 0 0 0 0 6 0 719 192 0 0 0 0 30 0 0 0 0 43 0 0 0 0 0 0 
75 300900 0 36 0 0 0 0 0 0 0 0 2 0 1271 0 0 92 0 111 0 0 3033 0 0 10 123 0 0 500 160 0 0 0 0 0 29 43 0 139783 460 0 0 0 211 467 32437 1022 0 0 0 171 0 0 9 0 0 0 0 17 0 0 0 0 0 26192 0 0 0 0 22344 0 0 4 0 0 0 0 0 156 84 0 0 0 0 1 43415 0 7511 3 0 0 238 0 1 0 0 735 120 1116 0 0 0 0 0 35 0 0 0 0 96 0 38 30 0 0 0 0 0 0 0 0 0 121 100 8344 1 742 55 0 0 0 0 5636 0 0 0 0 0 0 0 0 0 450 0 145 0 0 0 84 0 0 0 0 0 0 0 0 1663 0 0 59 0 310 0 0 0 0 0 0 0 12 0 814 181 1 0 0 0 22 0 0 0 0 53 0 0 0 0 0 1 
76 275848 0 42 0 0 0 0 0 0 0 0 2 0 2041 0 0 80 0 129 0 0 3992 0 0 10 181 0 0 735 152 0 0 0 0 0 18 67 0 119607 496 0 0 0 237 544 28280 1655 0 0 0 180 0 0 12 0 0 0 0 28 0 0 0 0 0 27821 0 0 0 0 20663 0 0 4 0 0 0 0 0 158 106 0 0 0 0 3 35578 0 8527 1 0 0 278 0 0 0 0 694 101 1406 0 0 0 0 0 27 0 0 0 0 150 0 53 42 0 4 0 0 0 0 0 0 0 159 79 9425 0 774 121 0 0 0 0 6994 0 0 0 0 0 0 0 0 0 462 0 130 0 0 0 86 0 0 0 0 0 0 0 0 1705 0 0 101 0 353 0 0 0 0 0 0 0 3 0 1122 168 1 0 0 0 30 0 0 0 0 31 0 0 0 0 0 0 
77 251242 0 41 0 0 0 0 0 0 0 0 6 0 3538 0 0 106 0 113 0 0 4471 0 0 11 152 0 0 993 141 0 0 0 0 0 28 156 0 106891 582 0 0 0 225 574 22133 2411 0 0 0 163 0 0 19 0 0 0 0 19 0 0 0 0 0 28247 0 0 0 0 18250 0 0 2 0 0 0 0 0 142 144 0 0 0 0 0 24830 0 8846 4 0 0 354 0 0 0 0 670 173 1691 0 0 0 0 0 30 0 0 0 0 190 0 69 62 0 11 0 0 0 0 0 0 0 180 65 10329 2 1224 162 0 0 0 0 7724 0 0 0 0 0 0 0 0 0 687 0 157 0 0 0 92 0 0 0 0 0 0 0 0 2029 0 0 147 0 420 0 0 0 1 0 4 0 23 0 1125 284 2 0 0 0 24 0 0 0 0 73 0 0 0 0 0 0 
78 236415 0 92 0 0 0 0 0 0 0 0 2 0 6098 0 0 97 0 93 0 0 4465 0 0 11 144 0 0 1218 204 0 0 0 0 0 15 246 0 96346 578 0 0 0 198 585 16423 3225 0 0 0 160 0 0 24 0 0 0 0 31 0 0 0 0 0 31969 0 0 0 0 18059 0 0 9 0 0 0 0 0 158 157 0 0 0 0 4 16892 0 8375 5 0 0 564 0 2 0 0 637 153 1659 0 0 0 0 0 64 0 0 0 0 240 0 129 68 0 6 0 0 0 0 0 0 0 147 70 10476 0 1786 224 0 0 0 0 7966 0 0 0 0 0 0 0 0 0 885 0 139 0 0 0 84 0 0 0 0 0 0 0 0 2872 0 0 171 0 528 0 0 0 0 0 4 0 19 0 1071 456 0 0 0 0 16 0 0 0 0 95 0 0 0 0 0 1 
79 228238 0 89 0 0 0 0 0 0 0 0 0 0 8614 0 0 117 0 96 0 0 4385 0 0 8 195 0 0 1958 212 0 0 0 0 0 21 266 0 88069 604 0 0 0 196 591 14423 3920 0 0 0 155 0 0 47 0 0 0 0 53 0 0 0 0 0 30394 0 0 0 0 18298 0 0 7 0 0 0 0 0 163 227 0 0 0 0 2 12683 0 8261 3 0 0 797 0 6 0 0 598 143 1734 0 0 0 0 0 22 0 0 0 0 240 0 176 33 0 3 0 0 0 0 0 0 0 187 49 10252 1 2523 187 0 0 0 0 8107 0 0 0 0 0 0 0 0 0 1447 0 180 0 0 0 64 0 0 0 0 0 0 0 0 4616 0 0 203 0 555 0 0 0 2 0 7 0 38 0 1343 564 1 0 0 0 9 0 0 0 0 93 0 0 0 0 0 1 
80 229505 0 34 0 0 0 0 0 0 0 0 3 0 10192 0 0 133 0 91 0 0 4709 0 0 5 158 0 0 2270 280 0 0 0 0 0 15 259 0 82616 589 0 0 0 193 629 13515 4668 0 0 0 139 0 0 57 0 0 0 0 52 0 0 0 0 0 32308 0 0 0 0 18321 0 0 2 0 0 0 0 0 183 242 0 0 0 0 0 11470 0 8601 4 0 0 1059 0 10 0 0 586 157 1690 0 0 0 0 0 33 0 0 0 0 197 0 216 50 0 4 0 0 0 0 0 0 0 134 50 10190 0 2941 240 0 0 0 0 8567 0 0 0 0 0 0 0 0 0 1941 0 203 0 0 0 90 0 0 0 0 0 0 0 0 6446 0 0 216 0 630 0 0 0 0 0 8 0 27 0 1287 673 1 0 0 0 11 0 0 0 0 110 0 0 0 0 0 0 
81 235592 0 70 0 0 0 0 0 0 0 0 1 0 11417 0 0 163 0 95 0 0 4866 0 0 17 125 0 0 2340 339 0 0 0 0 0 9 289 0 79198 681 0 0 0 196 603 14750 5028 0 0 0 180 0 0 48 0 0 0 0 37 0 0 0 0 0 33153 0 0 0 0 18973 0 0 5 0 0 0 0 0 171 280 0 0 0 0 5 12617 0 9680 6 0 0 1262 0 4 0 0 564 168 1379 0 0 0 0 0 27 0 0 0 0 220 0 219 51 0 6 0 0 0 0 0 0 0 128 78 10722 0 3182 187 0 0 0 0 8736 0 0 0 0 0 0 0 0 0 2026 0 285 0 0 0 78 0 0 0 0 0 0 0 0 7872 0 0 232 0 593 0 0 0 1 0 7 0 54 0 1231 804 2 0 0 0 20 0 0 0 0 107 0 0 0 0 0 5 
82 249216 0 36 0 0 0 0 0 0 0 0 4 0 14729 0 0 169 0 109 0 0 5072 0 0 3 140 0 0 2385 308 0 0 0 1 0 17 325 0 78295 637 0 0 0 218 664 15709 5041 0 0 0 196 0 0 51 0 0 0 0 27 0 0 0 0 0 33502 0 0 0 0 19240 0 0 10 0 0 0 0 0 175 282 0 0 0 0 5 17684 0 11546 6 0 0 1135 0 7 0 0 600 190 1448 0 0 0 0 0 27 0 0 0 0 301 0 241 49 0 1 0 0 0 0 0 0 0 185 87 11181 2 3186 160 0 0 0 0 9834 0 0 0 0 0 0 0 0 0 2130 0 278 0 0 0 114 0 0 0 0 0 0 0 0 8433 0 0 222 0 615 0 0 0 3 0 1 0 68 0 1167 790 0 0 0 0 39 0 0 0 0 135 0 0 0 0 0 1 
83 271066 0 24 0 0 0 0 0 0 0 0 4 0 12785 0 0 171 0 111 0 0 5493 0 0 5 115 0 0 2389 334 0 0 0 0 0 23 239 0 83329 605 0 0 0 233 681 19402 4698 0 0 0 195 0 0 56 0 0 0 0 13 0 0 0 0 0 37623 0 0 0 0 20266 0 0 9 0 0 0 0 0 192 252 0 0 0 0 3 26086 0 12466 7 0 0 1180 0 3 0 0 600 185 1350 0 0 0 0 0 31 0 0 0 0 301 0 202 43 0 2 0 0 0 0 0 0 0 159 115 11588 0 3144 161 0 0 0 0 10394 0 0 0 0 0 0 0 0 0 2136 0 297 0 0 0 93 0 0 0 0 0 0 0 0 8169 0 0 230 0 616 0 0 0 0 0 3 0 65 0 1284 750 3 0 0 0 17 0 0 0 0 126 0 0 0 0 0 10 
84 255677 0 47 0 0 0 0 0 0 0 0 5 0 10317 0 0 171 0 104 0 0 4793 0 0 0 94 0 0 2026 267 0 0 0 0 0 10 208 0 83052 531 0 0 0 202 692 19022 4077 0 0 0 195 0 0 41 0 0 0 0 37 0 0 0 0 0 31701 0 0 0 0 18293 0 0 3 0 0 0 0 0 164 222 0 0 0 0 4 29965 0 12740 2 0 0 828 0 3 0 0 560 147 1027 0 0 0 0 0 39 0 0 0 0 201 0 158 20 0 5 0 0 0 0 0 0 0 107 108 10488 0 2521 135 0 0 0 0 8674 0 0 0 0 0 0 0 0 0 2011 0 290 0 0 0 87 0 0 0 0 0 0 0 0 6561 0 0 196 0 486 0 0 0 1 0 1 0 71 0 1078 731 2 0 0 0 27 0 0 0 0 127 0 0 0 0 0 2 
85 306668 0 72 0 0 0 0 0 0 0 0 8 0 10010 0 0 195 0 148 0 0 5415 0 0 7 138 0 0 1832 372 0 0 0 0 0 13 202 0 106194 515 0 0 0 225 723 24965 4339 0 0 0 189 0 0 57 0 0 0 0 28 0 0 0 0 0 31671 0 0 0 0 21519 0 0 5 0 0 0 0 0 211 258 0 0 0 0 5 42611 0 14701 2 0 0 1031 0 5 0 0 740 197 1333 0 0 0 0 0 20 0 0 0 0 253 0 166 49 0 2 0 0 0 0 0 0 0 119 140 12040 2 3185 141 0 0 0 0 8557 0 0 0 0 0 0 0 0 0 2211 0 232 0 0 0 109 0 0 0 0 0 0 0 0 6791 0 0 175 0 558 0 0 0 0 0 6 0 49 0 1152 609 1 0 0 0 42 0 0 0 0 123 0 0 0 0 0 0 
86 315321 0 70 0 0 0 0 0 0 0 0 4 0 11594 0 0 184 0 129 0 0 5557 0 0 5 183 0 0 1680 312 0 0 0 0 0 16 203 0 118008 472 0 0 0 263 652 27233 4216 0 0 0 216 0 0 36 0 0 0 0 49 0 0 0 0 0 24454 0 0 0 0 22392 0 0 4 0 0 0 0 0 219 231 0 0 0 0 7 45989 0 12954 6 0 0 1088 0 4 0 0 802 181 1282 0 0 0 0 0 20 0 0 0 0 205 0 165 45 0 5 0 0 0 0 0 0 0 102 97 11028 2 2922 103 0 0 0 0 8011 0 0 0 0 0 0 0 0 0 2194 0 277 0 0 0 110 0 0 0 0 0 0 0 0 6568 0 0 166 0 556 0 0 0 0 0 7 0 45 0 1153 720 2 0 0 0 32 0 0 0 0 91 0 0 0 0 0 0 
87 207537 0 15 0 0 0 0 0 0 0 0 0 0 8742 0 0 108 0 93 0 0 3351 0 0 12 84 0 0 1211 217 0 0 0 0 0 15 126 0 83724 289 0 0 0 193 403 19379 2916 0 0 0 120 0 0 46 0 0 0 0 19 0 0 0 0 0 11746 0 0 0 0 14882 0 0 2 0 0 0 0 0 140 163 0 0 0 0 1 28744 0 6707 5 0 0 603 0 2 0 0 575 129 899 0 0 0 0 0 21 0 0 0 0 171 0 118 24 0 2 0 0 0 0 0 0 0 55 67 6232 0 1650 83 0 0 0 0 6005 0 0 0 0 0 0 0 0 0 1107 0 264 0 0 0 54 0 0 0 0 0 0 0 0 4245 0 0 123 0 306 0 0 0 0 0 2 0 22 0 770 477 2 0 0 0 12 0 0 0 0 63 0 0 0 0 0 1 
88 196945 0 13 0 0 0 0 0 0 0 0 2 0 7948 0 0 88 0 91 0 0 2879 0 0 7 87 0 0 1059 260 0 0 0 0 0 11 122 0 85666 188 0 0 0 186 384 20797 2581 0 0 0 149 0 0 24 0 0 0 0 22 0 0 0 0 0 6359 0 0 0 0 14867 0 0 2 0 0 0 0 0 118 145 0 0 0 0 4 26059 0 4510 1 0 0 552 0 5 0 0 538 121 829 0 0 0 0 0 17 0 0 0 0 166 0 95 24 0 3 0 0 0 0 0 0 0 54 79 4598 1 1857 77 0 0 0 0 6410 0 0 0 0 0 0 0 0 0 888 0 185 0 0 0 60 0 0 0 0 0 0 0 0 4325 0 0 141 0 290 0 0 0 2 0 3 0 32 0 417 473 0 0 0 0 13 0 0 0 0 57 0 0 0 0 0 4 
89 315052 0 14 0 0 0 0 0 0 0 0 1 0 14955 0 0 178 0 122 0 0 3462 0 0 9 102 0 0 1868 326 0 0 0 0 0 14 252 0 142370 247 0 0 0 258 527 35376 4439 0 0 0 201 0 0 48 0 0 0 0 25 0 0 0 0 0 6262 0 0 0 0 23802 0 0 14 0 0 0 0 0 279 242 0 0 0 0 3 39364 0 4442 2 0 0 1061 0 8 0 0 856 132 1158 0 0 0 0 0 30 0 0 0 0 223 0 173 24 0 1 0 0 0 0 0 0 0 50 93 5215 0 3071 137 0 0 0 0 12116 0 0 0 0 0 0 0 0 0 1504 0 286 0 0 0 31 0 0 0 0 0 0 0 0 7495 0 0 236 0 578 0 0 0 0 0 6 0 63 0 489 681 1 0 0 0 12 0 0 0 0 116 0 0 0 0 0 2 
90 317868 0 10 0 0 0 0 0 0 0 0 1 0 19310 0 0 176 0 128 0 0 2163 0 0 3 49 0 0 1844 277 0 0 0 0 0 9 289 0 146078 160 0 0 0 247 536 34021 4417 0 0 0 245 0 0 59 0 0 0 0 16 0 0 0 0 0 4217 0 0 0 0 24298 0 0 7 0 0 0 0 0 260 242 0 0 0 0 1 40032 0 2985 5 0 0 1085 0 12 0 0 822 218 727 0 0 0 0 0 21 0 0 0 0 221 0 188 25 0 1 0 0 0 0 0 0 0 73 114 3400 1 2982 150 0 0 0 0 13826 0 0 0 0 0 0 0 0 0 1839 0 284 0 0 0 29 0 0 0 0 0 0 0 0 7660 0 0 234 0 606 0 0 0 3 0 12 0 57 0 392 663 0 0 0 0 4 0 0 0 0 129 0 0 0 0 0 5 
91 318154 0 3 0 0 0 0 0 0 0 0 1 0 12694 0 0 204 0 136 0 0 1339 0 0 1 26 0 0 2241 293 0 0 0 1 0 0 346 0 145836 251 0 0 0 268 508 33198 4217 0 0 0 205 0 0 50 0 0 0 0 19 0 0 0 0 0 3255 0 0 0 0 24569 0 0 1 0 0 0 0 0 226 279 0 0 0 0 1 49785 0 2266 0 0 0 1115 0 4 0 0 810 193 427 0 0 0 0 0 11 0 0 0 0 227 0 220 14 0 3 0 0 0 0 0 0 0 31 120 2464 3 3197 181 0 0 0 0 13671 0 0 0 0 0 0 0 0 0 2080 0 328 0 0 0 5 0 0 0 0 0 0 0 0 8952 0 0 311 0 490 0 0 0 0 0 12 0 62 0 221 641 0 0 0 0 4 0 0 0 0 135 0 0 0 0 0 3 
92 319544 0 6 0 0 0 0 0 0 0 0 0 0 11281 0 0 167 0 139 0 0 769 0 0 0 16 0 0 1746 306 0 0 0 0 0 3 360 0 142971 127 0 0 0 352 493 33647 3788 0 0 0 178 0 0 36 0 0 0 0 13 0 0 0 0 0 4406 0 0 0 0 24358 0 0 0 0 0 0 0 0 240 222 0 0 0 0 2 55250 0 2003 1 0 0 1122 0 4 0 0 845 165 358 0 0 0 0 0 7 0 0 0 0 197 0 217 1 0 3 0 0 0 0 0 0 0 40 113 2288 3 3237 126 0 0 0 0 12093 0 0 0 0 0 0 0 0 0 2309 0 292 0 0 0 3 0 0 0 0 0 0 0 0 11491 0 0 317 0 461 0 0 0 1 0 5 0 40 0 154 659 0 0 0 0 0 0 0 0 0 111 0 0 0 0 0 2 
93 316529 0 0 0 0 0 0 0 0 0 0 0 0 10140 0 0 127 0 114 0 0 488 0 0 0 6 0 0 1273 216 0 0 0 0 0 1 268 0 140841 132 0 0 0 351 446 36464 3109 0 0 0 123 0 0 31 0 0 0 0 11 0 0 0 0 0 9620 0 0 0 0 24415 0 0 1 0 0 0 0 0 250 197 0 0 0 0 0 54143 0 2386 0 0 0 945 0 3 0 0 787 135 176 0 0 0 0 0 0 0 0 0 0 104 0 114 4 0 0 0 0 0 0 0 0 0 41 103 2259 2 2987 80 0 0 0 0 10972 0 0 0 0 0 0 0 0 0 1433 0 200 0 0 0 0 0 0 0 0 0 0 0 0 9675 0 0 232 0 344 0 0 0 0 0 7 0 34 0 246 396 0 0 0 0 3 0 0 0 0 93 0 0 0 0 0 1 
94 314976 0 0 0 0 0 0 0 0 0 0 1 0 8942 0 0 81 0 153 0 0 460 0 0 0 7 0 0 968 207 0 0 0 0 0 0 110 0 136702 179 0 0 0 266 430 38504 2243 0 0 0 174 0 0 28 0 0 0 0 5 0 0 0 0 0 15115 0 0 0 0 23298 0 0 1 0 0 0 0 0 221 191 0 0 0 0 0 57730 0 3294 1 0 0 642 0 2 0 0 796 135 137 0 0 0 0 0 0 0 0 0 0 76 0 100 3 0 1 0 0 0 0 0 0 0 40 106 3112 3 2142 45 0 0 0 0 8514 0 0 0 0 0 0 0 0 0 867 0 185 0 0 0 4 0 0 0 0 0 0 0 0 7343 0 0 162 0 348 0 0 0 0 0 6 0 41 0 410 367 0 0 0 0 1 0 0 0 0 76 0 0 0 0 0 1 
95 313666 0 3 0 0 0 0 0 0 0 0 1 0 3754 0 0 89 0 131 0 0 1065 0 0 1 5 0 0 680 188 0 0 0 0 0 1 62 0 139007 260 0 0 0 203 407 38834 1365 0 0 0 167 0 0 16 0 0 0 0 4 0 0 0 0 0 15385 0 0 0 0 23278 0 0 0 0 0 0 0 0 216 133 0 0 0 0 0 63231 0 4001 0 0 0 456 0 2 0 0 776 111 191 0 0 0 0 0 2 0 0 0 0 57 0 58 3 0 1 0 0 0 0 0 0 0 62 112 4350 0 1341 14 0 0 0 0 6342 0 0 0 0 0 0 0 0 0 509 0 154 0 0 0 11 0 0 0 0 0 0 0 0 5327 0 0 83 0 293 0 0 0 2 0 1 0 29 0 619 210 1 0 0 0 5 0 0 0 0 56 0 0 0 0 0 1 
96 315113 0 0 0 0 0 0 0 0 0 0 2 0 2181 0 0 106 0 150 0 0 1582 0 0 1 21 0 0 494 135 0 0 0 0 0 3 50 0 135098 300 0 0 0 219 477 42515 949 0 0 0 161 0 0 10 0 0 0 0 7 0 0 0 0 0 13227 0 0 0 0 22672 0 0 0 0 0 0 0 0 164 110 0 0 0 0 1 71565 0 4500 0 0 0 268 0 0 0 0 730 113 295 0 0 0 0 0 11 0 0 0 0 44 0 40 6 0 1 0 0 0 0 0 0 0 69 80 5751 0 1016 21 0 0 0 0 4530 0 0 0 0 0 0 0 0 0 375 0 131 0 0 0 32 0 0 0 0 0 0 0 0 3633 0 0 53 0 363 0 0 0 0 0 2 0 11 0 596 182 4 0 0 0 6 0 0 0 0 50 0 0 0 0 0 0 
97 317132 0 8 0 0 0 0 0 0 0 0 1 0 1227 0 0 89 0 181 0 0 2032 0 0 8 48 0 0 468 140 0 0 0 0 0 9 35 0 138412 333 0 0 0 238 378 43029 822 0 0 0 121 0 0 6 0 0 0 0 11 0 0 0 0 0 13757 0 0 0 0 22452 0 0 0 0 0 0 0 0 180 103 0 0 0 0 0 71814 0 5051 4 0 0 222 0 0 0 0 793 121 511 0 0 0 0 0 8 0 0 0 0 78 0 26 9 0 1 0 0 0 0 0 0 0 81 74 5879 1 845 24 0 0 0 0 3285 0 0 0 0 0 0 0 0 0 340 0 144 0 0 0 76 0 0 0 0 0 0 0 0 2450 0 0 39 0 260 0 0 0 0 0 0 0 17 0 659 173 2 0 0 0 16 0 0 0 0 41 0 0 0 0 0 0 
98 316896 0 19 0 0 0 0 0 0 0 0 1 0 983 0 0 83 0 156 0 0 2376 0 0 10 69 0 0 381 161 0 0 0 0 0 22 23 0 144155 302 0 0 0 212 504 45806 948 0 0 0 112 0 0 6 0 0 0 0 18 0 0 0 0 0 13808 0 0 0 0 22931 0 0 1 0 0 0 0 0 169 91 0 0 0 0 1 60352 0 5783 5 0 0 213 0 0 0 0 835 102 766 0 0 0 0 0 4 0 0 0 0 98 0 21 37 0 4 0 0 0 0 0 0 0 116 73 7055 0 834 14 0 0 0 0 3588 0 0 0 0 0 0 0 0 0 352 0 141 0 0 0 93 0 0 0 0 0 0 0 0 1721 0 0 42 0 290 0 0 0 0 0 1 0 11 0 755 172 2 0 0 0 24 0 0 0 0 44 0 0 0 0 0 0 
99 306924 0 37 0 0 0 0 0 0 0 0 1 0 1424 0 0 98 0 136 0 0 2955 0 0 6 121 0 0 509 311 0 0 0 0 0 15 65 0 146193 377 0 0 0 182 463 41417 1426 0 0 0 128 0 0 9 0 0 0 0 17 0 0 0 0 0 20236 0 0 0 0 23408 0 0 2 0 0 0 0 0 173 97 0 0 0 0 0 40938 0 6411 3 0 0 256 0 0 0 0 807 111 1025 0 0 0 0 0 19 0 0 0 0 122 0 32 36 0 7 0 0 0 0 0 0 0 135 60 7494 0 691 43 0 0 0 0 5348 0 0 0 0 0 0 0 0 0 362 0 242 0 0 0 53 0 0 0 0 0 0 0 0 1551 0 0 43 0 300 0 0 0 0 0 0 0 16 0 765 198 1 0 0 0 7 0 0 0 0 42 0 0 0 0 0 0 
100 284088 0 48 0 0 0 0 0 0 0 0 2 0 4039 0 0 111 0 112 0 0 3878 0 0 13 144 0 0 813 184 0 0 0 0 0 14 114 0 140926 470 0 0 0 183 513 34379 2338 0 0 0 111 0 0 17 0 0 0 0 30 0 0 0 0 0 16675 0 0 0 0 22036 0 0 4 0 0 0 0 0 147 107 0 0 0 0 9 25208 0 7354 8 0 0 355 0 4 0 0 879 168 1450 0 0 0 0 0 12 0 0 0 0 158 0 82 35 0 2 0 0 0 0 0 0 0 116 46 8784 1 894 103 0 0 0 0 6538 0 0 0 0 0 0 0 0 0 784 0 156 0 0 0 91 0 0 0 0 0 0 0 0 1603 0 0 103 0 396 0 0 0 0 0 0 0 12 0 1021 252 3 0 0 0 8 0 0 0 0 44 0 0 0 0 0 1 
101 261251 0 39 0 0 0 0 0 0 0 0 1 0 5424 0 0 109 0 97 0 0 4128 0 0 5 134 0 0 1142 206 0 0 0 0 0 15 171 0 135500 396 0 0 0 164 601 24783 3272 0 0 0 130 0 0 27 0 0 0 0 29 0 0 0 0 0 16228 0 0 0 0 20376 0 0 10 0 0 0 0 0 138 159 0 0 0 0 3 13524 0 7166 8 0 0 457 0 5 0 0 774 138 1495 0 0 0 0 0 18 0 0 0 0 251 0 105 42 0 9 0 0 0 0 0 0 0 151 50 9234 1 1360 154 0 0 0 0 6914 0 0 0 0 0 0 0 0 0 1008 0 133 0 0 0 98 0 0 0 0 0 0 0 0 2749 0 0 124 0 495 0 0 0 0 0 3 0 11 0 883 512 2 0 0 0 11 0 0 0 0 79 0 0 0 0 0 0 
102 216445 0 65 0 0 0 0 0 0 0 0 6 0 8173 0 0 120 0 74 0 0 4180 0 0 17 135 0 0 1663 232 0 0 0 1 0 9 206 0 96296 484 0 0 0 139 568 15756 4326 0 0 0 130 0 0 49 0 0 0 0 38 0 0 0 0 0 18220 0 0 0 0 17429 0 0 7 0 0 0 0 0 125 191 0 0 0 0 2 9152 0 7261 4 0 0 693 0 4 0 0 587 136 1414 0 0 0 0 0 28 0 0 0 0 216 0 162 50 0 4 0 0 0 0 0 0 0 123 44 9294 1 1938 206 0 0 0 0 7987 0 0 0 0 0 0 0 0 0 1314 0 151 0 0 0 98 0 0 0 0 0 0 0 0 4382 0 0 200 0 644 0 0 0 0 0 1 0 28 0 1020 554 0 0 0 0 20 0 0 0 0 88 0 0 0 0 0 0 
103 201673 0 60 0 0 0 0 0 0 0 0 0 0 8311 0 0 140 0 89 0 0 3978 0 0 5 156 0 0 2010 283 0 0 0 0 0 13 316 0 81223 468 0 0 0 125 553 12304 4585 0 0 0 157 0 0 49 0 0 0 0 37 0 0 0 0 0 19276 0 0 0 0 16330 0 0 7 0 0 0 0 0 147 197 0 0 0 0 3 9027 0 7309 4 0 0 917 0 3 0 0 473 183 1459 0 0 0 0 0 20 0 0 0 0 313 0 202 61 0 5 0 0 0 0 0 0 0 138 42 9293 2 2356 242 0 0 0 0 8273 0 0 0 0 0 0 0 0 0 1715 0 186 0 0 0 95 0 0 0 0 0 0 0 0 5692 0 0 198 0 580 0 0 0 0 0 4 0 37 0 1290 597 3 0 0 0 46 0 0 0 0 85 0 0 0 0 0 1 
104 214803 0 55 0 0 0 0 0 0 0 0 3 0 10360 0 0 140 0 90 0 0 4168 0 0 7 155 0 0 2147 272 0 0 0 0 0 10 272 0 73883 447 0 0 0 182 507 10827 4774 0 0 0 159 0 0 43 0 0 0 0 39 0 0 0 0 0 23492 0 0 0 0 16181 0 0 5 0 0 0 0 0 150 229 0 0 0 0 1 21804 0 7930 5 0 0 874 0 2 0 0 543 146 1352 0 0 0 0 0 17 0 0 0 0 212 0 219 39 0 4 0 0 0 0 0 0 0 184 63 9258 2 2739 188 0 0 0 0 8523 0 0 0 0 0 0 0 0 0 1956 0 240 0 0 0 82 0 0 0 0 0 0 0 0 6975 0 0 256 0 530 0 0 0 2 0 5 0 39 0 1226 642 0 0 0 0 38 0 0 0 0 110 0 0 0 0 0 0 
105 234422 0 49 0 0 0 0 0 0 0 0 1 0 9544 0 0 163 0 93 0 0 4686 0 0 11 171 0 0 2219 283 0 0 0 0 0 12 258 0 74698 475 0 0 0 179 626 13638 4940 0 0 0 200 0 0 57 0 0 0 0 43 0 0 0 0 0 26666 0 0 0 0 16934 0 0 1 0 0 0 0 0 155 256 0 0 0 0 6 28470 0 9621 5 0 0 1069 0 11 0 0 518 188 1427 0 0 0 0 0 13 0 0 0 0 253 0 224 41 0 11 0 0 0 0 0 0 0 143 72 9918 0 2845 181 0 0 0 0 9605 0 0 0 0 0 0 0 0 0 2009 0 227 0 0 0 91 0 0 0 0 0 0 0 0 8281 0 0 216 0 521 0 0 0 0 0 4 0 57 0 1298 635 1 0 0 0 18 0 0 0 0 84 0 0 0 0 0 1 
106 257045 0 79 0 0 0 0 0 0 0 0 9 0 12279 0 0 170 0 81 0 0 4678 0 0 8 140 0 0 1896 268 0 0 0 0 0 4 303 0 83389 481 0 0 0 191 626 19061 4608 0 0 0 213 0 0 77 0 0 0 0 43 0 0 0 0 0 27426 0 0 0 0 17893 0 0 3 0 0 0 0 0 134 215 0 0 0 0 9 29544 0 11494 2 0 0 1053 0 5 0 0 583 158 1295 0 0 0 0 0 14 0 0 0 0 227 0 215 29 0 5 0 0 0 0 0 0 0 156 76 10615 1 2947 189 0 0 0 0 10401 0 0 0 0 0 0 0 0 0 1795 0 223 0 0 0 109 0 0 0 0 0 0 0 0 8663 0 0 200 0 527 0 0 0 1 0 13 0 85 0 1334 661 1 0 0 0 34 0 0 0 0 106 0 0 0 0 0 0 
107 279028 0 28 0 0 0 0 0 0 0 0 1 0 7870 0 0 166 0 96 0 0 4908 0 0 9 164 0 0 2048 253 0 0 0 0 0 11 338 0 96368 517 0 0 0 216 652 23974 4906 0 0 0 204 0 0 61 0 0 0 0 40 0 0 0 0 0 28800 0 0 0 0 19694 0 0 7 0 0 0 0 0 177 202 0 0 0 0 15 33261 0 12893 2 0 0 996 0 8 0 0 649 159 1320 0 0 0 0 0 30 0 0 0 0 251 0 184 37 0 4 0 0 0 0 0 0 0 125 79 10887 0 2899 172 0 0 0 0 10187 0 0 0 0 0 0 0 0 0 1716 0 221 0 0 0 112 0 0 0 0 0 0 0 0 8227 0 0 203 0 462 0 0 0 1 0 9 0 55 0 1407 636 0 0 0 0 21 0 0 0 0 90 0 0 0 0 0 0 
108 300913 0 39 0 0 0 0 0 0 0 0 2 0 8787 0 0 171 0 112 0 0 5021 0 0 8 128 0 0 2203 293 0 0 0 1 0 9 246 0 113190 483 0 0 0 245 599 27287 4406 0 0 0 190 0 0 40 0 0 0 0 26 0 0 0 0 0 27839 0 0 0 0 20492 0 0 7 0 0 0 0 0 177 217 0 0 0 0 3 37294 0 13514 4 0 0 961 0 3 0 0 656 139 1202 0 0 0 0 0 14 0 0 0 0 192 0 192 30 0 5 0 0 0 0 0 0 0 150 68 10705 0 2723 170 0 0 0 0 9045 0 0 0 0 0 0 0 0 0 1670 0 252 0 0 0 103 0 0 0 0 0 0 0 0 6860 0 0 174 0 516 0 0 0 1 0 6 0 51 0 1290 574 2 0 0 0 16 0 0 0 0 109 0 0 0 0 0 1 
109 311514 0 37 0 0 0 0 0 0 0 0 2 0 9836 0 0 142 0 106 0 0 5261 0 0 10 147 0 0 1772 240 0 0 0 0 0 19 274 0 121864 422 0 0 0 213 580 29687 4385 0 0 0 201 0 0 48 0 0 0 0 33 0 0 0 0 0 24498 0 0 0 0 21005 0 0 6 0 0 0 0 0 183 234 0 0 0 0 2 41639 0 12934 10 0 0 980 0 3 0 0 715 158 1219 0 0 0 0 0 25 0 0 0 0 249 0 186 38 0 2 0 0 0 0 0 0 0 101 73 10202 0 2794 191 0 0 0 0 8422 0 0 0 0 0 0 0 0 0 1516 0 226 0 0 0 101 0 0 0 0 0 0 0 0 5771 0 0 195 0 481 0 0 0 1 0 3 0 61 0 1376 501 0 0 0 0 35 0 0 0 0 99 0 0 0 0 0 0 
110 315350 0 46 0 0 0 0 0 0 0 0 1 0 7532 0 0 173 0 109 0 0 5662 0 0 16 153 0 0 1543 241 0 0 0 0 0 17 267 0 128655 459 0 0 0 195 538 31074 4505 0 0 0 178 0 0 57 0 0 0 0 28 1 0 0 0 0 20546 0 0 0 0 22060 0 0 15 0 0 0 0 0 165 214 0 0 0 0 3 45108 0 12064 4 0 0 798 0 11 0 0 656 175 1414 0 0 0 0 0 13 0 0 0 0 213 0 190 59 0 5 0 0 0 0 0 0 0 103 81 9528 0 2353 177 0 0 0 0 7933 0 0 0 0 0 0 0 0 0 1446 0 233 0 0 0 94 0 0 0 0 0 0 0 0 5816 0 0 171 0 458 0 0 0 0 0 4 0 54 0 1057 528 0 0 0 0 51 0 0 0 0 100 0 0 0 0 0 0 
111 316174 0 62 0 0 0 0 0 0 0 0 0 0 8380 0 0 150 0 109 0 0 6108 0 0 16 157 0 0 1681 215 0 0 0 0 0 29 218 0 136351 470 0 0 0 200 568 31698 4366 0 0 0 215 0 0 37 0 0 0 0 33 0 0 0 0 0 15131 0 0 0 0 22678 0 0 6 0 0 0 0 0 167 232 0 0 0 0 2 43232 0 9302 3 0 0 906 0 4 0 0 707 180 1309 0 0 0 0 0 24 0 0 0 0 244 0 160 40 0 6 0 0 0 0 0 0 0 72 93 8559 0 2294 163 0 0 0 0 9191 0 0 0 0 0 0 0 0 0 1442 0 205 0 0 0 94 0 0 0 0 0 0 0 0 6099 0 0 191 0 529 0 0 0 0 0 3 0 35 0 1073 561 1 0 0 0 81 0 0 0 0 91 0 0 0 0 0 1 
112 315395 0 293 0 0 0 0 0 0 0 0 1 0 11452 0 0 179 0 124 0 0 4957 0 0 10 160 0 0 1882 229 0 0 0 1 0 29 288 0 143792 311 0 0 0 180 547 32888 4359 0 0 0 218 0 0 43 0 0 0 0 43 0 0 0 0 0 8841 0 0 0 0 23195 0 0 12 0 0 0 0 0 192 229 0 0 0 0 2 38871 0 6484 1 0 0 1038 0 13 0 0 741 170 1681 0 0 0 0 0 19 0 0 0 0 298 0 195 32 0 10 0 0 0 0 0 0 0 92 89 7483 1 2598 169 0 0 0 0 9769 0 0 0 0 0 0 0 0 0 1601 0 221 0 0 0 78 0 0 0 0 0 0 0 0 7064 0 0 244 0 574 0 0 0 5 0 2 0 27 0 605 624 0 0 0 0 36 0 0 0 0 100 0 0 0 0 0 3 
113 313658 0 97 0 0 0 0 0 0 0 0 1 0 14955 0 0 155 0 114 0 0 3408 0 0 21 106 0 0 1699 278 0 0 0 1 0 3 262 0 147675 214 0 0 0 171 528 32806 4767 0 0 0 200 0 0 49 0 0 0 0 28 0 0 0 0 0 5361 0 0 0 0 23991 0 0 15 0 0 0 0 0 206 253 0 0 0 0 5 37757 0 4412 5 0 0 938 0 11 0 0 780 177 1183 0 0 0 0 0 20 0 0 0 0 289 0 208 28 0 3 0 0 0 0 0 0 0 59 80 5257 1 2574 202 0 0 0 0 10731 0 0 0 0 0 0 0 0 0 1612 0 277 0 0 0 58 0 0 0 0 0 0 0 0 7736 0 0 259 0 530 0 0 0 1 0 5 0 61 0 320 621 0 0 0 0 16 0 0 0 0 77 0 0 0 0 0 1 
114 312875 0 28 0 0 0 0 0 0 0 0 0 0 16791 0 0 145 0 136 0 0 2176 0 0 8 63 0 0 1911 330 0 0 0 0 0 5 382 0 144303 181 0 0 0 186 562 32136 4963 0 0 0 169 0 0 70 0 0 0 0 30 0 0 0 0 0 3465 0 0 0 0 24438 0 0 4 0 0 0 0 0 213 271 0 0 0 0 5 41154 0 3292 2 0 0 1066 0 7 0 0 825 203 846 0 0 0 0 0 7 0 0 0 0 316 0 251 26 0 1 0 0 0 0 0 0 0 49 107 3826 2 2793 196 0 0 0 0 11937 0 0 0 0 0 0 0 0 0 1896 0 237 0 0 0 15 0 0 0 0 0 0 0 0 8664 0 0 282 0 658 0 0 0 1 0 4 0 50 0 250 815 0 0 0 0 10 0 0 0 0 114 0 0 0 0 0 2 
115 315482 0 12 0 0 0 0 0 0 0 0 0 0 18524 0 0 120 0 122 0 0 1158 0 0 3 44 0 0 1888 273 0 0 0 0 0 0 613 0 141785 80 0 0 0 192 493 32872 4865 0 0 0 175 0 0 66 0 0 0 0 23 0 0 0 0 0 2917 0 0 0 0 24183 0 0 0 0 0 0 0 0 204 266 0 0 0 0 4 47098 0 2341 1 0 0 1138 0 6 0 0 843 160 511 0 0 0 0 0 8 0 0 0 0 249 0 235 5 0 1 0 0 0 0 0 0 0 45 97 2539 1 3282 243 0 0 0 0 12688 0 0 0 0 0 0 0 0 0 1912 0 258 0 0 0 10 0 0 0 0 0 0 0 0 8877 0 0 299 0 552 0 0 0 1 0 4 0 68 0 171 843 0 0 0 0 12 0 0 0 0 102 0 0 0 0 0 0 
116 315129 0 4 0 0 0 0 0 0 0 0 0 0 13944 0 0 107 0 108 0 0 672 0 0 1 19 0 0 1635 269 0 0 0 0 0 4 534 0 140512 81 0 0 0 223 415 34542 3906 0 0 0 172 0 0 63 0 0 0 0 18 0 0 0 0 0 3773 0 0 0 0 24569 0 0 0 0 0 0 0 0 156 219 0 0 0 0 3 52723 0 2016 1 0 0 1001 0 7 0 0 848 189 299 0 0 0 0 0 17 0 0 0 0 190 0 166 1 0 0 0 0 0 0 0 0 0 33 120 2155 1 4044 153 0 0 0 0 12412 0 0 0 0 0 0 0 0 0 1849 0 245 0 0 0 8 0 0 0 0 0 0 0 0 8961 0 0 308 0 404 0 0 0 3 0 9 0 62 0 165 693 0 0 0 0 1 0 0 0 0 96 0 0 0 0 0 0 
117 314454 0 2 0 0 0 0 0 0 0 0 0 0 9773 0 0 96 0 97 0 0 440 0 0 0 12 0 0 1571 223 0 0 0 0 0 0 262 0 138686 57 0 0 0 192 381 37729 2994 0 0 0 187 0 0 36 0 0 0 0 11 0 0 0 0 0 7377 0 0 0 0 23424 0 0 0 0 0 0 0 0 170 203 0 0 0 0 0 57226 0 2331 0 0 0 885 0 3 0 0 785 156 179 0 0 0 0 0 5 0 0 0 0 106 0 136 2 0 0 0 0 0 0 0 0 0 79 86 2285 1 4620 86 0 0 0 0 10355 0 0 0 0 0 0 0 0 0 1421 0 216 0 0 0 11 0 0 0 0 0 0 0 0 8127 0 0 265 0 336 0 0 0 0 0 9 0 48 0 220 478 0 0 0 0 0 0 0 0 0 74 0 0 0 0 0 0 
118 314578 0 4 0 0 0 0 0 0 0 0 0 0 7024 0 0 97 0 128 0 0 510 0 0 0 3 0 0 1358 205 0 0 0 0 0 0 123 0 131711 125 0 0 0 256 409 39207 2048 0 0 0 160 0 0 19 0 0 0 0 6 0 0 0 0 0 11698 0 0 0 0 23003 0 0 0 0 0 0 0 0 160 185 0 0 0 0 0 66389 0 2997 0 0 0 622 0 0 0 0 754 140 126 0 0 0 0 0 14 0 0 0 0 72 0 84 3 0 0 0 0 0 0 0 0 0 39 94 3090 0 3332 38 0 0 0 0 8807 0 0 0 0 0 0 0 0 0 1019 0 200 0 0 0 7 0 0 0 0 0 0 0 0 6938 0 0 176 0 308 0 0 0 0 0 9 0 31 0 423 331 0 0 0 0 1 0 0 0 0 95 0 0 0 0 0 0 
119 314991 0 2 0 0 0 0 0 0 0 0 0 0 3521 0 0 115 0 124 0 0 1214 0 0 0 12 0 0 686 154 0 0 0 0 0 2 48 0 129233 209 0 0 0 248 364 38862 1201 0 0 0 165 0 0 14 0 0 0 0 9 0 0 0 0 0 11950 0 0 0 0 22050 0 0 1 0 0 0 0 0 171 119 0 0 0 0 0 79626 0 3767 1 0 0 383 0 1 0 0 749 106 196 0 0 0 0 0 2 0 0 0 0 33 0 51 4 0 1 0 0 0 0 0 0 0 46 85 4538 2 1765 18 0 0 0 0 6169 0 0 0 0 0 0 0 0 0 606 0 161 0 0 0 18 0 0 0 0 0 0 0 0 4961 0 0 96 0 304 0 0 0 0 0 3 0 15 0 502 228 1 0 0 0 6 0 0 0 0 73 0 0 0 0 0 0 
120 317033 0 8 0 0 0 0 0 0 0 0 0 0 1869 0 0 94 0 122 0 0 1821 0 0 1 20 0 0 551 173 0 0 0 0 0 3 20 0 140632 255 0 0 0 178 410 38017 879 0 0 0 144 0 0 4 0 0 0 0 11 0 0 0 0 0 9610 0 0 0 0 22511 0 0 3 0 0 0 0 0 158 111 0 0 0 0 1 77462 0 4410 1 0 0 244 0 0 0 0 862 104 297 0 0 0 0 0 8 0 0 0 0 40 0 36 4 0 0 0 0 0 0 0 0 0 60 78 5555 0 1143 16 0 0 0 0 4007 0 0 0 0 0 0 0 0 0 427 0 124 0 0 0 41 0 0 0 0 0 0 0 0 3397 0 0 72 0 303 0 0 0 1 0 2 0 7 0 507 177 0 0 0 0 1 0 0 0 0 41 0 0 0 0 0 0 
121 316213 0 25 0 0 0 0 0 0 0 0 2 0 1988 0 0 103 0 118 0 0 2246 0 0 7 47 0 0 672 171 0 0 0 0 0 13 15 0 140445 264 0 0 0 255 428 40697 769 0 0 0 147 0 0 5 0 0 0 0 11 0 0 0 0 0 11164 0 0 0 0 22084 0 0 3 0 0 0 0 0 167 97 0 0 0 0 1 72505 0 5342 2 0 0 227 0 0 0 0 789 103 533 0 0 0 0 0 9 0 0 0 0 84 0 37 13 0 0 0 0 0 0 0 0 0 91 88 6090 1 841 8 0 0 0 0 3179 0 0 0 0 0 0 0 0 0 327 0 138 0 0 0 83 0 0 0 0 0 0 0 0 2521 0 0 40 0 288 0 0 0 0 0 3 0 9 0 695 179 1 0 0 0 5 0 0 0 0 38 0 0 0 0 0 0 
122 314324 0 30 0 0 0 0 0 0 0 0 1 0 924 0 0 79 0 115 0 0 2393 0 0 3 112 0 0 410 153 0 0 0 0 0 17 46 0 144661 297 0 0 0 228 433 42482 931 0 0 0 128 0 0 6 0 0 0 0 13 0 0 0 0 0 12216 0 0 0 0 22978 0 0 2 0 0 0 0 0 173 82 0 0 0 0 3 61603 0 6104 2 0 0 214 0 0 0 0 877 109 930 0 0 0 0 0 8 0 0 0 0 93 0 24 41 0 1 0 0 0 0 0 0 0 76 69 7174 0 724 10 0 0 0 0 3540 0 0 0 0 0 0 0 0 0 356 0 126 0 0 0 93 0 0 0 0 0 0 0 0 1910 0 0 64 0 282 0 0 0 0 0 0 0 7 0 732 178 3 0 0 0 22 0 0 0 0 36 0 0 0 0 0 0 
123 303633 0 73 0 0 0 0 0 0 0 0 2 0 1501 0 0 87 0 127 0 0 2944 0 0 6 134 0 0 516 164 0 0 0 0 0 31 57 0 143721 347 0 0 0 193 466 40191 1513 0 0 0 111 0 0 11 0 0 0 0 20 0 0 0 0 0 19276 0 0 0 0 23264 0 0 3 0 0 0 0 0 179 107 0 0 0 0 2 40868 0 7027 3 0 0 236 0 0 0 0 760 129 1301 0 0 0 0 0 17 0 0 0 0 94 0 38 47 0 2 0 0 0 0 0 0 0 88 65 7823 1 798 35 0 0 0 0 5803 0 0 0 0 0 0 0 0 0 394 0 140 0 0 0 90 0 0 0 0 0 0 0 0 1386 0 0 69 0 341 0 0 0 0 0 0 0 8 0 800 169 3 0 0 0 19 0 0 0 0 33 0 0 0 0 0 0 
124 272585 0 108 0 0 0 0 0 0 0 0 1 0 3535 0 0 101 0 104 0 0 3417 0 0 10 128 0 0 746 193 0 0 0 0 0 36 74 0 132853 474 0 0 0 156 445 32463 2260 0 0 0 152 0 0 18 0 0 0 0 27 0 0 0 0 0 16138 0 0 0 0 21681 0 0 9 0 0 0 0 0 141 111 0 0 0 0 7 24308 0 8036 6 0 0 311 0 0 0 0 705 146 1620 0 0 0 0 0 18 0 0 0 0 174 0 52 55 0 7 0 0 0 0 0 0 0 138 58 8969 2 847 109 0 0 0 0 7246 0 0 0 0 0 0 0 0 0 566 0 114 0 0 0 119 0 0 0 0 0 0 0 0 1730 0 0 88 0 465 0 0 0 1 0 1 0 5 0 931 308 2 0 0 0 28 0 0 0 0 31 0 0 0 0 0 1 
125 237593 0 67 0 0 0 0 0 0 0 0 3 0 6042 0 0 105 0 95 0 0 3697 0 0 28 133 0 0 1090 251 0 0 0 0 0 19 195 0 113666 455 0 0 0 166 502 22229 3100 0 0 0 143 0 0 43 0 0 0 0 31 0 0 0 0 0 15413 0 0 0 0 19398 0 0 6 0 0 0 0 0 115 176 0 0 0 0 4 13261 0 8089 10 0 0 558 0 2 0 0 600 213 1840 0 0 0 0 0 49 0 0 0 0 203 0 125 75 0 4 0 0 0 0 0 0 0 112 37 9508 0 1441 192 0 0 0 0 7531 0 0 0 0 0 0 0 0 0 1038 0 175 0 0 0 157 0 0 0 0 0 0 0 0 2959 0 0 147 0 579 0 0 0 0 0 3 0 17 0 935 446 1 0 0 0 42 0 0 0 0 72 0 0 0 0 0 0 
126 213989 0 81 0 0 0 0 0 0 0 0 2 0 7562 0 0 126 0 71 0 0 3453 0 0 18 211 0 0 1456 281 0 0 0 0 0 58 304 0 96376 486 0 0 0 175 519 14940 4073 0 0 0 160 0 0 52 0 0 0 0 21 0 0 0 0 0 17156 0 0 0 0 17585 0 0 10 0 0 0 0 0 131 188 0 0 0 0 6 7786 0 7780 4 0 0 816 0 2 0 0 584 146 1812 0 0 0 0 0 46 0 0 0 0 224 0 152 100 0 6 0 0 0 0 0 0 0 127 41 9272 4 2028 221 0 0 0 0 8426 0 0 0 0 0 0 0 0 0 1574 0 182 0 0 0 105 0 0 0 0 0 0 0 0 4411 0 0 139 0 705 0 0 0 0 0 6 0 36 0 1084 584 1 0 0 0 16 0 0 0 0 67 0 0 0 0 0 1 
127 206744 0 57 0 0 0 0 0 0 0 0 0 0 9072 0 0 154 0 90 0 0 3766 0 0 22 186 0 0 2167 269 0 0 0 0 0 36 340 0 84895 445 0 0 0 153 454 11992 4395 0 0 0 175 0 0 60 0 0 0 0 45 0 0 0 0 0 18813 0 0 0 0 16931 0 0 17 0 0 0 0 0 136 224 0 0 0 0 0 8446 0 8059 2 0 0 996 0 8 0 0 493 197 1658 0 0 0 0 0 34 0 0 0 0 318 0 208 72 0 5 0 0 0 0 0 0 0 103 53 9040 0 2393 218 0 0 0 0 8579 0 0 0 0 0 0 0 0 0 1927 0 210 0 0 0 97 0 0 0 0 0 0 0 0 5865 0 0 188 0 600 0 0 0 0 0 2 0 54 0 1248 656 0 0 0 0 32 0 0 0 0 88 0 0 0 0 0 1 
128 217744 0 53 0 0 0 0 0 0 0 0 1 0 9632 0 0 129 0 100 0 0 3840 0 0 13 181 0 0 2324 262 0 0 0 0 0 47 284 0 77375 424 0 0 0 174 538 11310 4475 0 0 0 151 0 0 52 0 0 0 0 58 0 0 0 0 0 23406 0 0 0 0 16468 0 0 23 0 0 0 0 0 151 235 0 0 0 0 8 20476 0 8134 2 0 0 1066 0 7 0 0 483 172 1582 0 0 0 0 0 34 0 0 0 0 204 0 242 42 0 1 0 0 0 0 0 0 0 168 71 9151 2 2687 199 0 0 0 0 8829 0 0 0 0 0 0 0 0 0 2110 0 241 0 0 0 75 0 0 0 0 0 0 0 0 7121 0 0 174 0 634 0 0 0 0 0 0 0 30 0 1305 663 0 0 0 0 41 0 0 0 0 84 0 0 0 0 0 0 
129 238793 0 57 0 0 0 0 0 0 0 0 1 0 9589 0 0 158 0 86 0 0 4225 0 0 11 175 0 0 2323 326 0 0 0 1 0 17 289 0 77944 410 0 0 0 183 582 14163 4908 0 0 0 172 0 0 66 0 0 0 0 34 0 0 0 0 0 27958 0 0 0 0 17745 0 0 18 0 0 0 0 0 137 207 0 0 0 0 5 27662 0 9614 2 0 0 1039 0 1 0 0 493 204 1316 0 0 0 0 0 15 0 0 0 0 268 0 242 54 1 7 0 0 0 0 0 0 0 214 68 9700 3 3002 235 0 0 0 0 8987 0 0 0 0 0 0 0 0 0 2069 0 237 0 0 0 78 0 0 0 0 0 0 0 0 8436 0 0 272 0 565 0 0 0 0 0 3 0 46 0 1348 713 2 0 0 0 28 0 0 0 0 79 0 0 0 0 0 0 
130 262633 0 39 0 0 0 0 0 0 0 0 4 0 15509 0 0 161 0 95 0 0 4385 0 0 12 143 0 0 1956 265 0 0 0 0 0 14 352 0 84021 465 0 0 0 199 574 19310 4838 0 0 0 191 0 0 58 0 0 0 0 49 0 0 0 0 0 29519 0 0 0 0 18966 0 0 7 0 0 0 0 0 138 238 0 0 0 0 6 29883 0 11107 2 0 0 1049 0 0 0 0 536 199 1326 0 0 0 0 0 29 0 0 0 0 285 0 245 29 0 2 0 0 0 0 0 0 0 144 72 9976 0 3014 166 0 0 0 0 9771 0 0 0 0 0 0 0 0 0 1889 0 232 0 0 0 119 0 0 0 0 0 0 0 0 8065 0 0 237 0 646 0 0 0 2 0 3 0 62 0 1284 599 3 0 0 0 32 0 0 0 0 109 0 0 0 0 0 2 
131 284527 0 89 0 0 0 0 0 0 0 0 1 0 9175 0 0 130 0 119 0 0 4763 0 0 11 111 0 0 2210 300 0 0 0 0 0 22 283 0 100246 494 0 0 0 215 589 24923 4481 0 0 0 236 0 0 49 0 0 0 0 41 0 0 0 0 0 28690 0 0 0 0 20705 0 0 17 0 0 0 0 0 139 201 0 0 0 0 5 33849 0 12082 3 0 0 981 0 3 0 0 632 217 1383 0 0 0 0 0 15 0 0 0 0 219 0 236 25 0 6 0 0 0 0 0 0 0 138 85 10339 1 3070 165 0 0 0 0 9988 0 0 0 0 0 0 0 0 0 1834 0 230 0 0 0 100 0 0 0 0 0 0 0 0 7813 0 0 227 0 607 0 0 0 1 0 2 0 43 0 1293 579 4 0 0 0 36 0 0 0 0 76 0 0 0 0 0 0 
132 304009 0 76 0 0 0 0 0 0 0 0 3 0 7078 0 0 172 0 95 0 0 5163 0 0 12 100 0 0 1920 301 0 0 0 0 0 9 210 0 115862 448 0 0 0 199 549 28832 4284 0 0 0 178 0 0 47 0 0 0 0 49 0 0 0 0 0 30512 0 0 0 0 21263 0 0 6 0 0 0 0 0 191 182 0 0 0 0 3 36799 0 12452 4 0 0 935 0 0 0 0 627 141 1185 0 0 0 0 0 33 0 0 0 0 236 0 196 25 0 6 0 0 0 0 0 0 0 111 83 10348 1 2833 145 0 0 0 0 8611 0 0 0 0 0 0 0 0 0 1641 0 240 0 0 0 78 0 0 0 0 0 0 0 0 6887 0 0 184 0 475 0 0 0 0 0 3 0 41 0 1221 578 1 0 0 0 44 0 0 0 0 99 0 0 0 0 0 2 
133 313767 0 52 0 0 0 0 0 0 0 0 0 0 7772 0 0 166 0 107 0 0 4799 0 0 15 117 0 0 1858 223 0 0 0 0 0 13 214 0 128152 431 0 0 0 190 531 30564 4154 0 0 0 204 0 0 45 0 0 0 0 29 0 0 0 0 0 25180 0 0 0 0 22007 0 0 4 0 0 0 0 0 171 218 0 0 0 0 3 39497 0 12408 3 0 0 803 0 5 0 0 719 166 1186 0 0 0 0 0 18 0 0 0 0 273 0 191 39 0 7 0 0 0 0 0 0 0 90 100 10175 1 2767 140 0 0 0 0 7784 0 0 0 0 0 0 0 0 0 1552 0 204 0 0 0 96 0 0 0 0 0 0 0 0 5813 0 0 200 0 485 0 0 0 1 0 3 0 51 0 1112 544 1 0 0 0 38 0 0 0 0 76 0 0 0 0 0 0 
134 316806 0 30 0 0 0 0 0 0 0 0 0 0 8127 0 0 152 0 125 0 0 5332 0 0 21 90 0 0 1592 243 0 0 0 0 0 14 246 0 132827 439 0 0 0 208 574 30755 4118 0 0 0 190 0 0 48 0 0 0 0 35 0 0 0 0 0 21159 0 0 0 0 22179 0 0 8 0 0 0 0 0 178 233 0 0 0 0 1 43174 0 11143 1 0 0 797 0 2 0 0 784 160 1323 0 0 0 0 0 27 0 0 0 0 192 0 185 41 0 1 0 0 0 0 0 0 0 116 109 9427 0 2508 150 0 0 0 0 7714 0 0 0 0 0 0 0 0 0 1579 0 229 0 0 0 142 0 0 0 0 0 0 0 0 5659 0 0 188 0 503 0 0 0 1 0 4 0 41 0 965 566 0 0 0 0 56 0 0 0 0 94 0 0 0 0 0 1 
135 316983 0 78 0 0 0 0 0 0 0 0 1 0 7361 0 0 150 0 94 0 0 5092 0 0 12 106 0 0 1696 263 0 0 0 0 0 18 237 0 140563 414 0 0 0 223 535 31412 4213 0 0 0 182 0 0 65 0 0 0 0 21 0 0 0 0 0 15606 0 0 0 0 22892 0 0 8 0 0 0 0 0 162 234 0 0 0 0 3 41979 0 9585 3 0 0 801 0 1 0 0 741 154 1252 0 0 0 0 0 41 0 0 0 0 222 0 217 56 0 8 0 0 0 0 0 0 0 133 85 8294 0 2457 161 0 0 0 0 8714 0 0 0 0 0 0 0 0 0 1588 0 210 0 0 0 102 0 0 0 0 0 0 0 0 6281 0 0 212 0 522 0 0 0 2 0 5 0 48 0 820 514 0 0 0 0 54 0 0 0 0 77 0 0 0 0 0 3 
136 316869 0 105 0 0 0 0 0 0 0 0 3 0 13736 0 0 185 0 123 0 0 4101 0 0 12 132 0 0 1895 268 0 0 0 0 0 22 208 0 146342 276 0 0 0 199 513 32665 4301 0 0 0 176 0 0 44 0 0 0 0 29 0 0 0 0 0 8520 0 0 0 0 23657 0 0 4 0 0 0 0 0 196 246 0 0 0 0 2 37908 0 6702 6 0 0 943 0 6 0 0 787 165 1377 0 0 0 0 0 36 0 0 0 0 296 0 226 44 0 4 0 0 0 0 0 0 0 130 91 6897 1 2537 173 0 0 0 0 9603 0 0 0 0 0 0 0 0 0 1774 0 257 0 0 0 71 0 0 0 0 0 0 0 0 6795 0 0 185 0 522 0 0 0 0 0 4 0 51 0 615 580 0 0 0 0 29 0 0 0 0 93 0 0 0 0 0 1 
137 314509 0 34 0 0 0 0 0 0 0 0 0 0 14528 0 0 186 0 105 0 0 3225 0 0 10 93 0 0 1839 261 0 0 0 0 0 18 215 0 150024 203 0 0 0 166 519 33128 4505 0 0 0 182 0 0 54 0 0 0 0 33 0 0 0 0 0 5278 0 0 0 0 24198 0 0 15 0 0 0 0 0 175 206 0 0 0 0 5 36362 0 4588 4 0 0 1006 0 1 0 0 787 176 1250 0 0 0 0 0 40 0 0 0 0 327 0 259 39 0 3 0 0 0 0 0 0 0 69 90 5180 0 2620 170 0 0 0 0 10631 0 0 0 0 0 0 0 0 0 1747 0 255 0 0 0 60 0 0 0 0 0 0 0 0 7459 0 0 219 0 599 0 0 0 3 0 4 0 60 0 443 754 1 0 0 0 13 0 0 0 0 82 0 0 0 0 0 3 
138 314418 0 20 0 0 0 0 0 0 0 0 0 0 17366 0 0 175 0 99 0 0 1911 0 0 2 56 0 0 1896 267 0 0 0 0 0 25 377 0 150460 138 0 0 0 172 508 31225 4585 0 0 0 194 0 0 50 0 0 0 0 26 0 0 0 0 0 3556 0 0 0 0 24449 0 0 12 0 0 0 0 0 182 265 0 0 0 0 4 38079 0 3123 0 0 0 1067 0 5 0 0 823 162 862 0 0 0 0 0 28 0 0 0 0 258 0 195 35 0 2 0 0 0 0 0 0 0 48 83 3581 0 2727 148 0 0 0 0 12627 0 0 0 0 0 0 0 0 0 2030 0 269 0 0 0 16 0 0 0 0 0 0 0 0 8060 0 0 266 0 637 0 0 0 2 0 3 0 46 0 244 840 0 0 0 0 12 0 0 0 0 117 0 0 0 0 0 3 
139 315165 0 6 0 0 0 0 0 0 0 0 0 0 13046 0 0 151 0 117 0 0 1066 0 0 4 20 0 0 2034 297 0 0 0 0 0 19 484 0 152591 84 0 0 0 202 476 31413 4655 0 0 0 188 0 0 53 0 0 0 0 39 0 0 0 0 0 2958 0 0 0 0 24368 0 0 6 0 0 0 0 0 198 237 0 0 0 0 3 43699 0 2398 2 0 0 1045 0 5 0 0 775 165 493 0 0 0 0 0 22 0 0 0 0 241 0 241 9 0 1 0 0 0 0 0 0 0 56 113 2767 0 3080 144 0 0 0 0 12584 0 0 0 0 0 0 0 0 0 1924 0 281 0 0 0 3 0 0 0 0 0 0 0 0 8279 0 0 268 0 607 0 0 0 1 0 13 0 48 0 187 879 0 0 0 0 5 0 0 0 0 115 0 0 0 0 0 0 
140 316788 0 11 0 0 0 0 0 0 0 0 0 0 10522 0 0 111 0 119 0 0 558 0 0 5 20 0 0 1824 270 0 0 0 0 0 10 391 0 151218 79 0 0 0 248 486 32302 3935 0 0 0 184 0 0 43 0 0 0 0 13 0 0 0 0 0 3819 0 0 0 0 24608 0 0 2 0 0 0 0 0 208 193 0 0 0 0 0 49605 0 2117 1 0 0 1095 0 9 0 0 754 177 347 0 0 0 0 0 21 0 0 0 0 126 0 215 1 0 0 0 0 0 0 0 0 0 32 144 2403 2 3439 131 0 0 0 0 12599 0 0 0 0 0 0 0 0 0 1738 0 270 0 0 0 12 0 0 0 0 0 0 0 0 8602 0 0 299 0 446 0 0 0 0 0 4 0 55 0 172 703 0 0 0 0 1 0 0 0 0 89 0 0 0 0 0 0 
141 317069 0 4 0 0 0 0 0 0 0 0 0 0 9189 0 0 116 0 93 0 0 382 0 0 0 9 0 0 1539 254 0 0 0 0 0 0 309 0 147392 81 0 0 0 222 490 33659 3017 0 0 0 191 0 0 42 0 0 0 0 7 0 0 0 0 0 7123 0 0 0 0 23965 0 0 0 0 0 0 0 0 159 211 0 0 0 0 1 55162 0 2205 1 0 0 1004 0 5 0 0 733 147 186 0 0 0 0 0 23 0 0 0 0 73 0 170 1 0 0 0 0 0 0 0 0 0 44 102 2440 0 3061 89 0 0 0 0 11642 0 0 0 0 0 0 0 0 0 1481 0 279 0 0 0 4 0 0 0 0 0 0 0 0 8338 0 0 178 0 379 0 0 0 1 0 4 0 40 0 177 569 0 0 0 0 2 0 0 0 0 74 0 0 0 0 0 0 
142 313971 0 5 0 0 0 0 0 0 0 0 0 0 6064 0 0 88 0 133 0 0 489 0 0 0 3 0 0 1198 193 0 0 0 0 0 3 170 0 141832 155 0 0 0 218 378 35707 2009 0 0 0 183 0 0 17 0 0 0 0 2 0 0 0 0 0 11718 0 0 0 0 23180 0 0 0 0 0 0 0 0 172 152 0 0 0 0 1 61862 0 3072 1 0 0 655 0 7 0 0 714 142 164 0 0 0 0 0 2 0 0 0 0 67 0 102 3 0 1 0 0 0 0 0 0 0 37 119 3045 0 2164 79 0 0 0 0 8894 0 0 0 0 0 0 0 0 0 1015 0 207 0 0 0 5 0 0 0 0 0 0 0 0 6212 0 0 141 0 336 0 0 0 1 0 4 0 48 0 392 364 1 0 0 0 3 0 0 0 0 42 0 0 0 0 0 0 
143 313989 0 0 0 0 0 0 0 0 0 0 1 0 3632 0 0 74 0 135 0 0 1175 0 0 0 9 0 0 732 149 0 0 0 0 0 5 90 0 140739 247 0 0 0 200 446 37194 1242 0 0 0 161 0 0 18 0 0 0 0 5 0 0 0 0 0 12161 0 0 0 0 22569 0 0 1 0 0 0 0 0 157 125 0 0 0 0 0 68464 0 3728 2 0 0 390 0 0 0 0 786 128 183 0 0 0 0 0 5 0 0 0 0 61 0 57 3 0 0 0 0 0 0 0 0 0 43 103 4305 0 1501 26 0 0 0 0 6149 0 0 0 0 0 0 0 0 0 643 0 162 0 0 0 20 0 0 0 0 0 0 0 0 4648 0 0 66 0 323 0 0 0 0 0 3 0 22 0 571 268 1 0 0 0 4 0 0 0 0 57 0 0 0 0 0 0 
144 316941 0 2 0 0 0 0 0 0 0 0 1 0 1853 0 0 59 0 129 0 0 1661 0 0 1 23 0 0 602 126 0 0 0 0 0 22 34 0 139477 299 0 0 0 222 414 39562 863 0 0 0 139 0 0 18 0 0 0 0 4 0 0 0 0 0 9900 0 0 0 0 22552 0 0 2 0 0 0 0 0 181 97 0 0 0 0 0 76202 0 4543 0 0 0 242 0 0 0 0 773 107 270 0 0 0 0 0 4 0 0 0 0 49 0 30 5 0 2 0 0 0 0 0 0 0 89 116 5622 0 1291 10 0 0 0 0 4079 0 0 0 0 0 0 0 0 0 441 0 138 0 0 0 19 0 0 0 0 0 0 0 0 3481 0 0 41 0 294 0 0 0 0 0 1 0 4 0 581 201 0 0 0 0 11 0 0 0 0 52 0 0 0 0 0 0 
145 221528 0 14 0 0 0 0 0 0 0 0 3 0 796 0 0 75 0 114 0 0 1362 0 0 4 45 0 0 358 299 0 0 0 0 0 106 7 0 93200 189 0 0 0 149 324 30634 581 0 0 0 121 0 0 8 0 0 0 0 5 1 0 0 0 0 7378 0 0 0 0 15145 0 0 0 0 0 0 0 0 143 106 0 0 0 0 0 55058 0 3721 2 0 0 171 0 0 0 0 491 105 338 0 0 0 0 0 9 0 0 0 0 64 0 11 6 0 2 0 0 0 0 0 0 0 51 63 3961 1 765 5 0 0 0 0 2100 0 0 0 0 0 0 0 0 0 351 0 227 0 0 0 41 0 0 0 0 0 0 0 0 1995 0 0 32 0 188 0 0 0 0 0 0 0 4 0 435 122 0 0 0 0 7 0 0 0 0 35 0 0 0 0 0 0 
146 313292 0 23 0 0 0 0 0 0 0 0 2 0 932 0 0 92 0 138 0 0 2119 0 0 4 96 0 0 478 123 0 0 0 0 0 101 23 0 132369 305 0 0 0 204 482 49485 1112 0 0 0 169 0 0 3 0 0 0 0 11 0 0 0 0 0 11399 0 0 0 0 22920 0 0 7 0 0 0 0 0 178 103 0 0 0 0 1 68310 0 5788 3 0 0 230 0 0 0 0 739 118 810 0 0 0 0 0 21 0 0 0 0 97 0 19 32 0 2 0 0 0 0 0 0 0 92 93 6547 0 993 9 0 0 0 0 3044 0 0 0 0 0 0 0 0 0 321 0 138 0 0 0 74 0 0 0 0 0 0 0 0 1694 0 0 36 0 311 0 0 0 0 0 10 0 5 0 649 156 0 0 0 0 28 0 0 0 0 44 0 0 0 0 0 0 
147 295361 0 24 0 0 0 0 0 0 0 0 5 0 1403 0 0 94 0 114 0 0 2885 0 0 4 97 0 0 554 129 0 0 0 0 0 85 44 0 138204 348 0 0 0 183 427 41347 1464 0 0 0 119 0 0 8 0 0 0 0 25 0 0 0 0 0 18488 0 0 0 0 22988 0 0 9 0 0 0 0 0 148 102 0 0 0 0 2 39314 0 6790 4 0 0 229 0 1 0 0 725 108 1133 0 0 0 0 0 11 0 0 0 0 101 0 33 35 0 3 0 0 0 0 0 0 0 111 50 7801 1 744 46 0 0 0 0 5243 0 0 0 0 0 0 0 0 0 402 0 130 0 0 0 84 0 0 0 0 0 0 0 0 1550 0 0 51 0 327 0 0 0 0 0 0 0 8 0 760 179 2 0 0 0 48 0 0 0 0 37 0 0 0 0 0 0 
148 230910 0 49 0 0 0 0 0 0 0 0 1 0 2742 0 0 79 0 79 0 0 3127 0 0 5 125 0 0 776 156 0 0 0 0 0 68 63 0 109910 426 0 0 0 159 497 29059 2043 0 0 0 105 0 0 19 0 0 0 0 15 0 0 0 0 0 13952 0 0 0 0 18420 0 0 13 0 0 0 0 0 119 90 0 0 0 0 1 21088 0 6485 1 0 0 271 0 1 0 0 592 127 1367 0 0 0 0 0 22 0 0 0 0 162 0 70 25 1 2 0 0 0 0 0 0 0 104 35 7679 0 768 97 0 0 0 0 5961 0 0 0 0 0 0 0 0 0 471 0 141 0 0 0 96 0 0 0 0 0 0 0 0 1596 0 0 92 0 424 0 0 0 0 0 0 0 9 0 800 266 3 0 0 0 28 0 0 0 0 27 0 0 0 0 0 1 
149 42820 0 8 0 0 0 0 0 0 0 0 1 0 843 0 0 11 0 17 0 0 633 0 0 1 22 0 0 160 33 0 0 0 0 0 15 29 0 20647 82 0 0 0 30 96 4312 520 0 0 0 22 0 0 4 0 0 0 0 6 0 0 0 0 0 2762 0 0 0 0 3702 0 0 0 0 0 0 0 0 27 20 0 0 0 0 0 2737 0 1329 0 0 0 94 0 0 0 0 121 37 298 0 0 0 0 0 10 0 0 0 0 35 0 23 6 0 0 0 0 0 0 0 0 0 32 12 1594 0 191 36 0 0 0 0 1290 0 0 0 0 0 0 0 0 0 121 0 29 0 0 0 18 0 0 0 0 0 0 0 0 410 0 0 22 0 97 0 0 0 3 0 1 0 4 0 199 56 0 0 0 0 7 0 0 0 0 5 0 0 0 0 0 0 
150 116725 0 66 0 0 0 0 0 0 0 0 1 0 3854 0 0 55 0 36 0 0 1841 0 0 2 105 0 0 710 126 0 0 0 0 0 82 128 0 52477 217 0 0 0 89 297 8095 2377 0 0 0 72 0 0 36 0 0 0 0 31 0 0 0 0 0 10244 0 0 0 0 9425 0 0 3 0 0 0 0 0 77 85 0 0 0 0 1 4276 0 4846 3 0 0 346 0 0 0 0 310 72 884 0 0 0 0 0 19 0 0 0 0 154 0 94 35 0 0 0 0 0 0 0 0 0 79 38 5095 0 862 117 0 0 0 0 4725 0 0 0 0 0 0 0 0 0 786 0 144 0 0 0 63 0 0 0 0 0 0 0 0 1660 0 0 96 0 366 0 0 0 1 0 1 0 18 0 716 309 1 0 0 0 18 0 0 0 0 59 0 0 0 0 0 0 
151 18023 0 11 0 0 0 0 0 0 0 0 0 0 735 0 0 11 0 6 0 0 319 0 0 2 13 0 0 169 34 0 0 0 0 0 6 28 0 7805 39 0 0 0 12 45 1024 366 0 0 0 9 0 0 9 0 0 0 0 1 0 0 0 0 0 1612 0 0 0 0 1449 0 0 1 0 0 0 0 0 21 24 0 0 0 0 1 590 0 546 0 0 0 94 0 0 0 0 63 15 129 0 0 0 0 0 1 0 0 0 0 20 0 22 2 0 1 0 0 0 0 0 0 0 6 6 815 0 237 18 0 0 0 0 731 0 0 0 0 0 0 0 0 0 146 0 22 0 0 0 10 0 0 0 0 0 0 0 0 556 0 0 17 0 63 0 0 0 0 0 1 0 9 0 93 50 0 0 0 0 2 0 0 0 0 6 0 0 0 0 0 0 
152 106962 0 64 0 0 0 0 0 0 0 0 1 0 4643 0 0 81 0 47 0 0 1900 0 0 9 56 0 0 973 146 0 0 0 0 0 11 168 0 38176 214 0 0 0 69 266 5672 2314 0 0 0 73 0 0 30 0 0 0 0 20 0 0 0 0 0 11453 0 0 0 0 8302 0 0 1 0 0 0 0 0 48 100 0 0 0 0 0 9738 0 3758 2 0 0 491 0 6 0 0 224 83 790 0 0 0 0 0 26 0 0 0 0 134 0 99 20 0 0 0 0 0 0 0 0 0 81 34 4507 1 1487 83 0 0 0 0 4031 0 0 0 0 0 0 0 0 0 930 0 123 0 0 0 53 0 0 0 0 0 0 0 0 3987 0 0 68 0 297 0 0 0 0 0 6 0 31 0 565 392 0 0 0 0 14 0 0 0 0 64 0 0 0 0 0 0 
153 119107 0 51 0 0 0 0 0 0 0 0 0 0 4586 0 0 72 0 47 0 0 2078 0 0 4 76 0 0 1183 180 0 0 0 0 0 9 120 0 39398 233 0 0 0 112 296 7311 2376 0 0 0 101 0 0 36 0 0 0 0 26 0 0 0 0 0 13413 0 0 0 0 8832 0 0 1 0 0 0 0 0 93 117 0 0 0 0 4 13883 0 4537 0 0 0 551 0 6 0 0 275 87 800 0 0 0 0 0 12 0 0 0 0 115 0 119 25 0 0 0 0 0 0 0 0 0 87 35 4764 0 1593 91 0 0 0 0 4323 0 0 0 0 0 0 0 0 0 1059 0 101 0 0 0 54 0 0 0 0 0 0 0 0 4240 0 0 106 0 274 0 0 0 0 0 1 0 27 0 691 418 1 0 0 0 35 0 0 0 0 42 0 0 0 0 0 0 
154 129096 0 52 0 0 0 0 0 0 0 0 0 0 4571 0 0 87 0 56 0 0 2246 0 0 9 73 0 0 1013 142 0 0 0 0 0 8 181 0 42433 186 0 0 0 102 300 10132 2284 0 0 0 105 0 0 23 0 0 0 0 15 0 0 0 0 0 14046 0 0 0 0 9654 0 0 2 0 0 0 0 0 94 113 0 0 0 0 4 14990 0 5612 0 0 0 553 0 4 0 0 312 106 675 0 0 0 0 0 9 0 0 0 0 130 0 105 17 0 0 0 0 0 0 0 0 0 103 41 5295 0 1415 74 0 0 0 0 4799 0 0 0 0 0 0 0 0 0 935 0 110 0 0 0 46 0 0 0 0 0 0 0 0 4357 0 0 108 0 292 0 0 0 0 0 1 0 42 0 625 346 1 0 0 0 17 0 0 0 0 45 0 0 0 0 0 0 
155 142857 0 20 0 0 0 0 0 0 0 0 4 0 4390 0 0 92 0 65 0 0 2609 0 0 4 65 0 0 1118 156 0 0 0 0 0 5 129 0 50245 239 0 0 0 94 303 12674 2391 0 0 0 90 0 0 23 0 0 0 0 15 0 0 0 0 0 14034 0 0 0 0 10190 0 0 3 0 0 0 0 0 105 120 0 0 0 0 2 17266 0 6475 1 0 0 462 0 5 0 0 301 70 654 0 0 0 0 0 17 0 0 0 0 147 0 110 24 0 2 0 0 0 0 0 0 0 74 43 5222 1 1499 86 0 0 0 0 4730 0 0 0 0 0 0 0 0 0 956 0 121 0 0 0 35 0 0 0 0 0 0 0 0 3816 0 0 102 0 273 0 0 0 2 0 2 0 60 0 640 405 0 0 0 0 21 0 0 0 0 50 0 0 0 0 0 0 
156 152106 0 30 0 0 0 0 0 0 0 0 1 0 4002 0 0 70 0 55 0 0 2371 0 0 4 46 0 0 1013 130 0 0 0 0 0 6 97 0 57450 211 0 0 0 99 282 14599 2390 0 0 0 93 0 0 26 0 0 0 0 13 0 0 0 0 0 14320 0 0 0 0 10409 0 0 0 0 0 0 0 0 95 123 0 0 0 0 0 18829 0 6546 6 0 0 491 0 0 0 0 327 75 648 0 0 0 0 0 19 0 0 0 0 135 0 104 12 0 2 0 0 0 0 0 0 0 79 50 5184 1 1422 81 0 0 0 0 4388 0 0 0 0 0 0 0 0 0 816 0 122 0 0 0 40 0 0 0 0 0 0 0 0 3391 0 0 82 0 233 0 0 0 0 0 1 0 39 0 593 396 1 0 0 0 19 0 0 0 0 39 0 0 0 0 0 0 
157 156261 0 19 0 0 0 0 0 0 0 0 1 0 3829 0 0 54 0 68 0 0 2471 0 0 1 59 0 0 840 153 0 0 0 0 0 3 151 0 61389 186 0 0 0 93 281 15706 2070 0 0 0 75 0 0 28 0 0 0 0 26 0 0 0 0 0 12408 0 0 0 0 10436 0 0 1 0 0 0 0 0 104 86 0 0 0 0 7 20887 0 6675 2 0 0 476 0 2 0 0 402 67 620 0 0 0 0 0 42 0 0 0 0 103 0 104 12 0 3 0 0 0 0 0 0 0 68 44 5046 0 1225 97 0 0 0 0 4565 0 0 0 0 0 0 0 0 0 798 0 110 0 0 0 53 0 0 0 0 0 0 0 0 2988 0 0 73 0 244 0 0 0 0 0 0 0 19 0 593 318 1 0 0 0 27 0 0 0 0 51 0 0 0 0 0 1 
158 158245 0 13 0 0 0 0 0 0 0 0 1 0 5829 0 0 73 0 44 0 0 2595 0 0 4 55 0 0 805 124 0 0 0 0 0 11 119 0 64329 237 0 0 0 104 253 16196 2017 0 0 0 98 0 0 20 0 0 0 0 9 0 0 0 0 0 10450 0 0 0 0 10530 0 0 15 0 0 0 0 0 94 100 0 0 0 0 1 21024 0 6061 2 0 0 458 0 2 0 0 373 67 631 0 0 0 0 0 18 0 0 0 0 214 0 99 9 0 3 0 0 0 0 0 0 0 46 46 4699 1 1131 77 0 0 0 0 3978 0 0 0 0 0 0 0 0 0 796 0 100 0 0 0 40 0 0 0 0 0 0 0 0 2881 0 0 91 0 262 0 0 0 1 0 2 0 25 0 638 275 0 0 0 0 17 0 0 0 0 52 0 0 0 0 0 0 
159 158644 0 86 0 0 0 0 0 0 0 0 2 0 4066 0 0 73 0 70 0 0 2712 0 0 5 71 0 0 785 114 0 0 0 0 0 14 82 0 69436 196 0 0 0 97 318 16671 2144 0 0 0 100 0 0 23 0 0 0 0 23 0 0 0 0 0 7220 0 0 0 0 11231 0 0 4 0 0 0 0 0 81 124 0 0 0 0 0 21143 0 4628 2 0 0 469 0 3 0 0 377 69 656 0 0 0 0 0 8 0 0 0 0 154 0 94 12 0 1 0 0 0 0 0 0 0 54 45 4340 1 1163 43 0 0 0 0 4169 0 0 0 0 0 0 0 0 0 895 0 120 0 0 0 49 0 0 0 0 0 0 0 0 3127 0 0 117 0 245 0 0 0 0 0 3 0 33 0 527 280 1 0 0 0 21 0 0 0 0 47 0 0 0 0 0 0 
160 158462 0 107 0 0 0 0 0 0 0 0 0 0 6915 0 0 74 0 69 0 0 2242 0 0 3 68 0 0 1063 124 0 0 0 0 0 16 94 0 72075 228 0 0 0 85 278 16777 2226 0 0 0 95 0 0 14 0 0 0 0 19 0 0 0 0 0 3969 0 0 0 0 11801 0 0 5 0 0 0 0 0 115 127 0 0 0 0 3 19356 0 2932 4 0 0 447 0 2 0 0 373 81 778 0 0 0 0 0 17 0 0 0 0 167 0 85 27 0 0 0 0 0 0 0 0 0 37 37 3757 0 1267 69 0 0 0 0 4652 0 0 0 0 0 0 0 0 0 944 0 123 0 0 0 45 0 0 0 0 0 0 0 0 3477 0 0 117 0 277 0 0 0 0 0 4 0 46 0 391 302 0 0 0 0 11 0 0 0 0 44 0 0 0 0 0 1 
161 158711 0 29 0 0 0 0 0 0 0 0 0 0 14520 0 0 68 0 68 0 0 1653 0 0 2 31 0 0 1062 146 0 0 0 0 0 4 130 0 69377 89 0 0 0 92 259 17787 2404 0 0 0 99 0 0 30 0 0 0 0 15 0 0 0 0 0 2357 0 0 0 0 11490 0 0 3 0 0 0 0 0 78 144 0 0 0 0 1 18052 0 1911 2 0 0 500 0 1 0 0 393 101 578 0 0 0 0 0 11 0 0 0 0 214 0 102 9 0 1 0 0 0 0 0 0 0 18 37 2503 1 1336 87 0 0 0 0 4991 0 0 0 0 0 0 0 0 0 952 0 128 0 0 0 34 0 0 0 0 0 0 0 0 3718 0 0 106 0 285 0 0 0 0 0 3 0 37 0 222 366 0 0 0 0 13 0 0 0 0 60 0 0 0 0 0 1 
162 157745 0 18 0 0 0 0 0 0 0 0 0 0 12914 0 0 73 0 60 0 0 1149 0 0 0 28 0 0 1102 145 0 0 0 0 0 3 184 0 71245 94 0 0 0 98 208 16868 2479 0 0 0 92 0 0 29 0 0 0 0 10 0 0 0 0 0 1570 0 0 0 0 11487 0 0 1 0 0 0 0 0 80 126 0 0 0 0 1 18828 0 1515 2 0 0 600 0 1 0 0 350 83 389 0 0 0 0 0 0 0 0 0 0 154 0 110 8 0 2 0 0 0 0 0 0 0 13 31 1818 0 1451 86 0 0 0 0 5911 0 0 0 0 0 0 0 0 0 1047 0 108 0 0 0 13 0 0 0 0 0 0 0 0 4110 0 0 139 0 306 0 0 0 0 0 1 0 42 0 119 374 0 0 0 0 10 0 0 0 0 58 0 0 0 0 0 2 
163 157700 0 7 0 0 0 0 0 0 0 0 0 0 8201 0 0 61 0 69 0 0 652 0 0 0 16 0 0 1172 135 0 0 0 0 0 3 205 0 72682 47 0 0 0 95 265 16734 2321 0 0 0 58 0 0 25 0 0 0 0 12 0 0 0 0 0 1488 0 0 0 0 12169 0 0 0 0 0 0 0 0 88 120 0 0 0 0 0 21464 0 1102 0 0 0 661 0 4 0 0 398 84 258 0 0 0 0 0 0 0 0 0 0 114 0 111 5 1 0 0 0 0 0 0 0 0 17 65 1383 0 1949 96 0 0 0 0 6339 0 0 0 0 0 0 0 0 0 1192 0 153 0 0 0 5 0 0 0 0 0 0 0 0 4537 0 0 134 0 300 0 0 0 1 0 6 0 31 0 176 433 0 0 0 0 0 0 0 0 0 55 0 0 0 0 0 1 
164 158025 0 1 0 0 0 0 0 0 0 0 1 0 5871 0 0 62 0 49 0 0 452 0 0 1 4 0 0 1195 135 0 0 0 0 0 0 170 0 73103 34 0 0 0 91 239 17502 1871 0 0 0 85 0 0 13 0 0 0 0 4 0 0 0 0 0 1861 0 0 0 0 12154 0 0 1 0 0 0 0 0 97 110 0 0 0 0 0 24523 0 1083 1 0 0 630 0 0 0 0 433 78 132 0 0 0 0 0 1 0 0 0 0 69 0 93 0 0 0 0 0 0 0 0 0 0 17 57 1219 0 2061 45 0 0 0 0 6028 0 0 0 0 0 0 0 0 0 922 0 144 0 0 0 4 0 0 0 0 0 0 0 0 4496 0 0 135 0 223 0 0 0 0 0 4 0 25 0 115 337 0 0 0 0 0 0 0 0 0 43 0 0 0 0 0 1 
165 157961 0 3 0 0 0 0 0 0 0 0 0 0 4949 0 0 41 0 75 0 0 294 0 0 0 1 0 0 1021 131 0 0 0 0 0 0 134 0 70217 37 0 0 0 113 189 18606 1427 0 0 0 75 0 0 21 0 0 0 0 3 0 0 0 0 0 3680 0 0 0 0 11573 0 0 0 0 0 0 0 0 78 87 0 0 0 0 0 28955 0 1273 0 0 0 491 0 1 0 0 365 68 74 0 0 0 0 0 3 0 0 0 0 44 0 71 0 0 0 0 0 0 0 0 0 0 24 49 1230 0 1373 31 0 0 0 0 5411 0 0 0 0 0 0 0 0 0 643 0 103 0 0 0 1 0 0 0 0 0 0 0 0 4321 0 0 107 0 150 0 0 0 0 0 7 0 32 0 92 251 0 0 0 0 0 0 0 0 0 36 0 0 0 0 0 0 
166 156381 0 0 0 0 0 0 0 0 0 0 0 0 3038 0 0 55 0 65 0 0 325 0 0 0 2 0 0 506 88 0 0 0 0 0 0 56 0 68125 95 0 0 0 89 198 18900 940 0 0 0 67 0 0 12 0 0 0 0 0 0 0 0 0 0 5878 0 0 0 0 11389 0 0 0 0 0 0 0 0 92 56 0 0 0 0 0 32765 0 1738 0 0 0 234 0 0 0 0 383 50 67 0 0 0 0 0 0 0 0 0 0 27 0 43 1 0 0 0 0 0 0 0 0 0 19 54 1517 0 880 22 0 0 0 0 4378 0 0 0 0 0 0 0 0 0 356 0 73 0 0 0 0 0 0 0 0 0 0 0 0 3213 0 0 63 0 149 0 0 0 0 0 3 0 17 0 195 125 0 0 0 0 0 0 0 0 0 33 0 0 0 0 0 0 
167 156643 0 0 0 0 0 0 0 0 0 0 0 0 1771 0 0 41 0 73 0 0 609 0 0 0 7 0 0 325 94 0 0 0 0 0 2 13 0 65113 129 0 0 0 111 187 19588 586 0 0 0 82 0 0 1 0 0 0 0 0 0 0 0 0 0 6251 0 0 0 0 10793 0 0 0 0 0 0 0 0 94 55 0 0 0 0 0 38704 0 2003 1 0 0 146 0 0 0 0 332 60 84 0 0 0 0 0 4 0 0 0 0 33 0 25 3 0 1 0 0 0 0 0 0 0 23 53 2365 0 582 9 0 0 0 0 3171 0 0 0 0 0 0 0 0 0 252 0 74 0 0 0 10 0 0 0 0 0 0 0 0 2234 0 0 41 0 132 0 0 0 0 0 0 0 3 0 257 94 1 0 0 0 0 0 0 0 0 21 0 0 0 0 0 0 
168 158723 0 0 0 0 0 0 0 0 0 0 0 0 900 0 0 67 0 73 0 0 709 0 0 0 5 0 0 263 82 0 0 0 0 0 1 18 0 65050 130 0 0 0 94 216 19932 377 0 0 0 80 0 0 3 0 0 0 0 2 0 0 0 0 0 4824 0 0 0 0 10996 0 0 0 0 0 0 0 0 112 61 0 0 0 0 1 44149 0 2243 1 0 0 97 0 0 0 0 374 75 185 0 0 0 0 0 2 0 0 0 0 22 0 10 10 0 0 0 0 0 0 0 0 0 26 63 2686 0 520 4 0 0 0 0 1956 0 0 0 0 0 0 0 0 0 250 0 57 0 0 0 26 0 0 0 0 0 0 0 0 1366 0 0 29 0 143 0 0 0 0 0 0 0 0 0 340 72 0 0 0 0 4 0 0 0 0 17 0 0 0 0 0 0 
